0 0.2609375 0.20859375 0.0625 0.0875
0 0.15546875 0.5171875 0.075 0.1171875
0 0.87578125 0.11953125 0.0546875 0.0953125
0 0.79375 0.43828125 0.0828125 0.1015625
0 0.27265625 0.86484375 0.065625 0.084375
1 0.10859375 0.05703125 0.046875 0.0546875
1 0.05546875 0.03671875 0.05 0.0609375
1 0.1578125 0.07734375 0.0484375 0.053125
1 0.21328125 0.11015625 0.040625 0.05
1 0.07265625 0.15625 0.04375 0.05
1 0.05703125 0.25625 0.0375 0.046875
1 0.034375 0.31640625 0.034375 0.0515625
1 0.07421875 0.38515625 0.0421875 0.05625
1 0.01953125 0.4703125 0.0390625 0.05
1 0.065625 0.4890625 0.0390625 0.046875
1 0.15 0.6515625 0.0375 0.0546875
1 0.228125 0.62734375 0.0390625 0.0453125
1 0.11015625 0.7421875 0.0421875 0.05
1 0.1109375 0.8203125 0.0453125 0.046875
1 0.0546875 0.86875 0.04375 0.053125
1 0.078125 0.94921875 0.040625 0.0375
1 0.11796875 0.93828125 0.0390625 0.04375
1 0.13671875 0.878125 0.0375 0.040625
1 0.23046875 0.93046875 0.0421875 0.0421875
1 0.1734375 0.79375 0.0390625 0.0453125
1 0.3140625 0.91875 0.0421875 0.05
1 0.34609375 0.80546875 0.0328125 0.0453125
1 0.3921875 0.85703125 0.040625 0.0453125
1 0.43671875 0.9234375 0.05 0.0625
1 0.584375 0.93984375 0.0421875 0.046875
1 0.55 0.85 0.040625 0.040625
1 0.60390625 0.871875 0.0390625 0.0484375
1 0.55390625 0.78515625 0.0359375 0.0390625
1 0.53125 0.73359375 0.0390625 0.046875
1 0.64140625 0.815625 0.0390625 0.0515625
1 0.62265625 0.7296875 0.0390625 0.0515625
1 0.696875 0.75390625 0.0453125 0.053125
1 0.196875 0.19296875 0.046875 0.0484375
1 0.27578125 0.090625 0.03125 0.0421875
1 0.33203125 0.12578125 0.0359375 0.05
1 0.2734375 0.28984375 0.0421875 0.053125
1 0.35078125 0.33046875 0.0359375 0.04375
1 0.37421875 0.1671875 0.0390625 0.05
1 0.365625 0.02421875 0.0421875 0.0453125
1 0.4078125 0.07890625 0.0453125 0.0515625
1 0.41328125 0.36796875 0.04375 0.046875
1 0.5125 0.18671875 0.05 0.059375
1 0.459375 0.23203125 0.0390625 0.046875
1 0.41328125 0.28515625 0.0421875 0.05
1 0.5078125 0.44609375 0.0375 0.0546875
1 0.39921875 0.4671875 0.0390625 0.0453125
1 0.44296875 0.7984375 0.0484375 0.0453125
1 0.34375 0.7328125 0.04375 0.046875
1 0.378125 0.68828125 0.040625 0.040625
1 0.4390625 0.64375 0.0484375 0.05625
1 0.31640625 0.52890625 0.0375 0.0515625
1 0.4046875 0.5515625 0.0421875 0.0515625
1 0.446875 0.471875 0.0359375 0.0453125
1 0.4828125 0.55 0.04375 0.0546875
1 0.590625 0.5953125 0.040625 0.05
1 0.5640625 0.4875 0.0421875 0.053125
1 0.659375 0.59296875 0.0390625 0.05
1 0.70859375 0.66953125 0.04375 0.046875
1 0.75390625 0.75859375 0.0375 0.05
1 0.81796875 0.88046875 0.05 0.0515625
1 0.9578125 0.95 0.0390625 0.04375
1 0.98203125 0.875 0.0359375 0.0484375
1 0.9328125 0.85703125 0.04375 0.053125
1 0.9 0.92890625 0.034375 0.0453125
1 0.9734375 0.8015625 0.040625 0.046875
1 0.87734375 0.70390625 0.0359375 0.04375
1 0.96015625 0.646875 0.040625 0.04375
1 0.91328125 0.63046875 0.0390625 0.0515625
1 0.75546875 0.65703125 0.0421875 0.05
1 0.821875 0.61171875 0.0375 0.0421875
1 0.87265625 0.5453125 0.04375 0.0546875
1 0.9140625 0.46015625 0.040625 0.059375
1 0.85390625 0.453125 0.0359375 0.04375
1 0.8609375 0.3875 0.0390625 0.053125
1 0.93046875 0.37421875 0.0359375 0.04375
1 0.98203125 0.325 0.0359375 0.05
1 0.86484375 0.290625 0.040625 0.0453125
1 0.93515625 0.0390625 0.0515625 0.065625
1 0.978125 0.20625 0.0390625 0.0546875
1 0.93046875 0.10625 0.04375 0.0515625
1 0.81875 0.0375 0.0421875 0.0515625
1 0.73125 0.021875 0.034375 0.04375
1 0.73359375 0.171875 0.0375 0.04375
1 0.74765625 0.30078125 0.0390625 0.05
1 0.71015625 0.41171875 0.034375 0.0546875
1 0.653125 0.44296875 0.0421875 0.0453125
1 0.584375 0.30625 0.0390625 0.053125
1 0.6421875 0.28359375 0.040625 0.046875
1 0.5484375 0.09296875 0.0390625 0.0484375
1 0.5171875 0.0265625 0.04375 0.053125
1 0.28515625 0.4265625 0.0375 0.05
1 0.59453125 0.384375 0.034375 0.046875
1 0.8328125 0.2109375 0.0390625 0.05