1 0.0796875 0.2796875 0.05 0.0703125
1 0.13203125 0.0578125 0.0421875 0.0640625
1 0.2109375 0.040625 0.046875 0.059375
1 0.25703125 0.025 0.0421875 0.05
1 0.24609375 0.23515625 0.05 0.0515625
1 0.228125 0.1359375 0.0453125 0.0640625
1 0.11875 0.41015625 0.046875 0.05625
1 0.0421875 0.484375 0.05 0.0625
1 0.06640625 0.6375 0.046875 0.0625
1 0.04609375 0.87265625 0.046875 0.0640625
1 0.084375 0.73359375 0.0359375 0.0578125
1 0.15859375 0.8421875 0.04375 0.0546875
1 0.16484375 0.61015625 0.0359375 0.059375
1 0.23125 0.32109375 0.046875 0.05625
0 0.1484375 0.3109375 0.065625 0.1078125
0 0.19921875 0.69765625 0.05625 0.11875
0 0.28359375 0.5796875 0.0703125 0.10625
0 0.30625 0.25234375 0.05 0.1015625
0 0.48125 0.221875 0.06875 0.10625
0 0.6765625 0.06875 0.0890625 0.0828125
0 0.6765625 0.8640625 0.075 0.090625
0 0.68671875 0.95859375 0.075 0.0734375
1 0.29453125 0.3921875 0.040625 0.046875
1 0.4328125 0.425 0.040625 0.0484375
1 0.3828125 0.60234375 0.0421875 0.04375
1 0.3359375 0.6171875 0.0375 0.0546875
1 0.46875 0.640625 0.0375 0.0625
1 0.46171875 0.81328125 0.04375 0.053125
1 0.484375 0.71875 0.0453125 0.053125
1 0.53359375 0.6640625 0.04375 0.05625
1 0.52421875 0.75859375 0.0578125 0.059375
1 0.49921875 0.86171875 0.05 0.0484375
1 0.3515625 0.8890625 0.0421875 0.0546875
1 0.2875 0.965625 0.0390625 0.0515625
1 0.35390625 0.9671875 0.040625 0.0515625
1 0.45234375 0.91875 0.04375 0.05
1 0.3765625 0.140625 0.04375 0.0453125
1 0.490625 0.31328125 0.05 0.059375
1 0.55078125 0.24296875 0.053125 0.053125
1 0.54140625 0.375 0.0484375 0.05
1 0.6078125 0.36015625 0.05625 0.059375
1 0.6359375 0.2625 0.0421875 0.0453125
1 0.69375 0.33515625 0.04375 0.0546875
1 0.72109375 0.48828125 0.0484375 0.0515625
1 0.77890625 0.4578125 0.059375 0.065625
1 0.84375 0.38671875 0.0453125 0.059375
1 0.50390625 0.01953125 0.0484375 0.0390625
1 0.60546875 0.02109375 0.0359375 0.0421875
1 0.79140625 0.02421875 0.0390625 0.0484375
1 0.9078125 0.021875 0.0546875 0.04375
1 0.77734375 0.215625 0.05 0.0640625
1 0.70625 0.1828125 0.0515625 0.05625
1 0.60078125 0.1625 0.0390625 0.046875
1 0.77890625 0.36640625 0.0421875 0.05625
1 0.9046875 0.37265625 0.04375 0.0515625
1 0.96796875 0.42578125 0.040625 0.0609375
1 0.97265625 0.3609375 0.0390625 0.05
1 0.865625 0.1 0.0375 0.0453125
1 0.940625 0.609375 0.0546875 0.0625
1 0.85546875 0.49765625 0.0453125 0.0578125
1 0.86953125 0.734375 0.0453125 0.05625
1 0.95078125 0.68984375 0.0390625 0.0515625
1 0.97578125 0.753125 0.0453125 0.0515625
1 0.79921875 0.9671875 0.040625 0.0484375
1 0.78671875 0.884375 0.05 0.0484375
1 0.76953125 0.81484375 0.0453125 0.05625
1 0.7125 0.778125 0.0421875 0.053125
1 0.6578125 0.64453125 0.0390625 0.05
1 0.7046875 0.67109375 0.04375 0.046875
1 0.73203125 0.7109375 0.040625 0.0546875
1 0.85078125 0.92734375 0.0453125 0.059375
1 0.9140625 0.940625 0.04375 0.0609375
1 0.93125 0.875 0.0484375 0.05
1 0.97265625 0.9359375 0.0453125 0.0609375
1 0.2265625 0.49140625 0.046875 0.05
1 0.1734375 0.51328125 0.0421875 0.0484375
1 0.62421875 0.925 0.05 0.0625
1 0.8140625 0.559375 0.05 0.065625
1 0.44609375 0.515625 0.0359375 0.040625
1 0.5125 0.13125 0.0359375 0.040625