1 0.06328125 0.1609375 0.0515625 0.046875
1 0.140625 0.1546875 0.0484375 0.0453125
1 0.16640625 0.24375 0.040625 0.0453125
1 0.1 0.30859375 0.0421875 0.046875
1 0.01796875 0.29140625 0.0359375 0.0546875
1 0.3 0.1953125 0.034375 0.0453125
1 0.2359375 0.35546875 0.0421875 0.05
1 0.165625 0.41875 0.0453125 0.0453125
1 0.25859375 0.47890625 0.040625 0.04375
1 0.3328125 0.0578125 0.0421875 0.053125
1 0.42890625 0.125 0.0453125 0.05625
1 0.0875 0.69453125 0.034375 0.053125
1 0.1828125 0.7734375 0.046875 0.040625
1 0.23515625 0.759375 0.04375 0.0546875
1 0.23359375 0.58984375 0.0421875 0.0484375
1 0.2015625 0.96640625 0.0453125 0.046875
1 0.3390625 0.96796875 0.05 0.05625
1 0.05546875 0.9734375 0.0390625 0.040625
1 0.02890625 0.88515625 0.0390625 0.0484375
1 0.11953125 0.86328125 0.0453125 0.053125
1 0.1640625 0.9875 0.0421875 0.025
1 0.26171875 0.98046875 0.0328125 0.0390625
1 0.10546875 0.60859375 0.040625 0.04375
1 0.12578125 0.646875 0.040625 0.0390625
1 0.2125 0.6609375 0.0453125 0.0390625
1 0.28828125 0.69609375 0.04375 0.0515625
1 0.29453125 0.77109375 0.0390625 0.0515625
1 0.296875 0.11796875 0.03125 0.04375
1 0.2765625 0.2671875 0.0421875 0.046875
1 0.19296875 0.0421875 0.040625 0.0390625
1 0.11484375 0.06875 0.0375 0.040625
1 0.3046875 0.61015625 0.0484375 0.053125
1 0.33046875 0.5453125 0.0453125 0.053125
1 0.4265625 0.98046875 0.0421875 0.0390625
1 0.48359375 0.9609375 0.0359375 0.040625
1 0.43984375 0.90625 0.0421875 0.046875
1 0.540625 0.9078125 0.0390625 0.05
1 0.55859375 0.72421875 0.0390625 0.04375
1 0.6296875 0.81875 0.0390625 0.0546875
1 0.58515625 0.84609375 0.04375 0.0484375
1 0.5125 0.83671875 0.04375 0.040625
1 0.5359375 0.79921875 0.04375 0.0515625
1 0.51953125 0.65 0.04375 0.05
1 0.39765625 0.74609375 0.0453125 0.0484375
1 0.7078125 0.88125 0.040625 0.05625
1 0.7484375 0.653125 0.0421875 0.0625
1 0.69765625 0.60390625 0.0453125 0.0515625
1 0.725 0.40546875 0.05 0.06875
1 0.77734375 0.5390625 0.040625 0.046875
1 0.903125 0.49453125 0.040625 0.0546875
1 0.5171875 0.30625 0.040625 0.0546875
1 0.5203125 0.134375 0.0375 0.053125
1 0.56796875 0.07734375 0.0421875 0.0578125
1 0.578125 0.18359375 0.0390625 0.05
1 0.6546875 0.1296875 0.0421875 0.0453125
1 0.67421875 0.0515625 0.0375 0.0453125
1 0.884375 0.17109375 0.0375 0.040625
1 0.884375 0.27578125 0.04375 0.0515625
1 0.740625 0.053125 0.0375 0.0484375
1 0.7234375 0.290625 0.034375 0.046875
1 0.828125 0.4203125 0.0375 0.0578125
1 0.8546875 0.478125 0.0390625 0.05
1 0.8125 0.6390625 0.0375 0.046875
1 0.9359375 0.6484375 0.0359375 0.0484375
1 0.85 0.36015625 0.0453125 0.0453125
1 0.98203125 0.2828125 0.0359375 0.053125
1 0.95234375 0.20546875 0.04375 0.04375
1 0.93515625 0.3546875 0.04375 0.046875
1 0.95 0.44765625 0.0421875 0.046875
1 0.975 0.72421875 0.040625 0.0484375
1 0.87421875 0.7375 0.034375 0.0453125
1 0.61640625 0.328125 0.0390625 0.046875
1 0.65625 0.259375 0.0390625 0.0484375
1 0.72578125 0.20703125 0.0390625 0.046875
1 0.6578125 0.453125 0.0375 0.0375
1 0.62421875 0.5171875 0.0375 0.04375
1 0.434375 0.47578125 0.0375 0.046875
1 0.82109375 0.2109375 0.0484375 0.0484375
1 0.1140625 0.3625 0.0375 0.05
1 0.07421875 0.41640625 0.0359375 0.0484375
1 0.15 0.53203125 0.040625 0.046875
1 0.53203125 0.47578125 0.0359375 0.0421875
1 0.578125 0.39375 0.04375 0.0375
1 0.14453125 0.81796875 0.0359375 0.04375
1 0.9203125 0.54765625 0.0453125 0.0546875
1 0.47890625 0.05078125 0.040625 0.04375
1 0.59609375 0.0171875 0.034375 0.034375
1 0.34368750000000003 0.328953125 0.04662499999999996 0.053078124999999955
1 0.354578125 0.375859375 0.045859375000000036 0.04684375000000003
1 0.389203125 0.560109375 0.04185937500000003 0.05603125000000002
1 0.431453125 0.5668124999999999 0.05464062500000004 0.05970312500000006
1 0.62684375 0.707421875 0.03931249999999995 0.04085937499999996
1 0.660734375 0.7173437500000001 0.04332812500000003 0.048203125000000034
1 0.372203125 0.8540156250000001 0.04496875000000004 0.04745312499999983
1 0.33665625 0.842984375 0.04826562499999998 0.04885937499999997