0 0.3296875 0.30625 0.0875 0.06875
0 0.728125 0.18203125 0.059375 0.115625
0 0.8015625 0.275 0.0625 0.075
0 0.80703125 0.6109375 0.071875 0.065625
0 0.79609375 0.69296875 0.0734375 0.0796875
1 0.0734375 0.37890625 0.046875 0.0609375
1 0.11875 0.3203125 0.04375 0.0578125
1 0.1375 0.43671875 0.0515625 0.05625
1 0.01875 0.52578125 0.0375 0.0609375
1 0.178125 0.35234375 0.0453125 0.05
1 0.23046875 0.4125 0.0421875 0.0546875
1 0.14296875 0.16328125 0.0328125 0.0453125
1 0.20859375 0.0875 0.04375 0.046875
1 0.20625 0.178125 0.0375 0.0453125
1 0.16953125 0.24140625 0.0390625 0.04375
1 0.31640625 0.2265625 0.040625 0.046875
1 0.3125 0.425 0.0484375 0.0515625
1 0.18359375 0.73828125 0.040625 0.0484375
1 0.259375 0.5578125 0.040625 0.0546875
1 0.12890625 0.7203125 0.040625 0.0484375
1 0.08203125 0.70234375 0.0375 0.05
1 0.1421875 0.86953125 0.04375 0.05
1 0.2109375 0.85234375 0.040625 0.0546875
1 0.0671875 0.88828125 0.046875 0.053125
1 0.03984375 0.78515625 0.0453125 0.0578125
1 0.07890625 0.821875 0.046875 0.05625
1 0.2265625 0.68125 0.0421875 0.0484375
1 0.30859375 0.946875 0.0515625 0.0578125
1 0.35625 0.88203125 0.0375 0.0453125
1 0.29296875 0.7765625 0.040625 0.05
1 0.309375 0.5984375 0.046875 0.0578125
1 0.375 0.60703125 0.04375 0.05
1 0.36640625 0.68359375 0.0421875 0.05
1 0.359375 0.7703125 0.04375 0.046875
1 0.3640625 0.49453125 0.046875 0.0515625
1 0.4484375 0.728125 0.0421875 0.0453125
1 0.45859375 0.796875 0.0453125 0.053125
1 0.42265625 0.9734375 0.0484375 0.0484375
1 0.51875 0.9484375 0.046875 0.0546875
1 0.52109375 0.74765625 0.0390625 0.0453125
1 0.51015625 0.659375 0.0421875 0.0515625
1 0.45703125 0.59296875 0.04375 0.046875
1 0.475 0.48984375 0.0359375 0.046875
1 0.528125 0.4984375 0.046875 0.0625
1 0.434375 0.3953125 0.040625 0.0546875
1 0.5296875 0.378125 0.0359375 0.05
1 0.51796875 0.30625 0.0359375 0.05625
1 0.453125 0.2328125 0.0375 0.046875
1 0.44375 0.29609375 0.0390625 0.04375
1 0.38984375 0.18203125 0.0390625 0.046875
1 0.34453125 0.02734375 0.0390625 0.040625
1 0.3734375 0.103125 0.0390625 0.0484375
1 0.55859375 0.07890625 0.0421875 0.0515625
1 0.52421875 0.175 0.0359375 0.0453125
1 0.58671875 0.1796875 0.04375 0.053125
1 0.578125 0.2703125 0.0375 0.046875
1 0.61953125 0.1 0.0359375 0.0421875
1 0.6265625 0.3640625 0.0390625 0.05
1 0.6765625 0.47421875 0.040625 0.0515625
1 0.5984375 0.575 0.0390625 0.0421875
1 0.58125 0.6609375 0.04375 0.046875
1 0.67734375 0.59765625 0.0390625 0.0484375
1 0.6609375 0.66328125 0.0359375 0.0515625
1 0.71015625 0.7078125 0.0421875 0.0515625
1 0.56640625 0.82734375 0.04375 0.05
1 0.6078125 0.9453125 0.0421875 0.0453125
1 0.69375 0.83203125 0.0390625 0.05
1 0.64140625 0.7796875 0.0390625 0.0390625
1 0.6203125 0.828125 0.04375 0.05
1 0.721875 0.9328125 0.04375 0.0515625
1 0.76171875 0.95234375 0.0453125 0.0546875
1 0.759375 0.8015625 0.04375 0.05625
1 0.85390625 0.93203125 0.0375 0.05
1 0.934375 0.8625 0.046875 0.0515625
1 0.9796875 0.83671875 0.040625 0.05625
1 0.82734375 0.76484375 0.0359375 0.0453125
1 0.88359375 0.790625 0.0390625 0.04375
1 0.89453125 0.515625 0.053125 0.059375
1 0.81328125 0.51875 0.0453125 0.046875
1 0.834375 0.43828125 0.040625 0.05625
1 0.83984375 0.36484375 0.0421875 0.05
1 0.7359375 0.5265625 0.0359375 0.046875
1 0.74375 0.45 0.04375 0.046875
1 0.68828125 0.40234375 0.0421875 0.046875
1 0.8203125 0.1921875 0.0453125 0.0515625
1 0.84296875 0.09765625 0.0390625 0.0515625
1 0.9 0.26171875 0.0359375 0.0515625
1 0.8984375 0.1765625 0.05 0.053125
1 0.94921875 0.21875 0.0421875 0.053125
1 0.7046875 0.03671875 0.0390625 0.0484375
1 0.6953125 0.315625 0.0328125 0.05
1 0.90625 0.60625 0.0484375 0.05
1 0.26796875 0.16484375 0.0390625 0.0453125
1 0.21875 0.49765625 0.053125 0.0515625