0 0.20390625 0.9390625 0.06875 0.0953125
0 0.18671875 0.60546875 0.05625 0.1046875
0 0.640625 0.36796875 0.0421875 0.0890625
0 0.6421875 0.27421875 0.059375 0.084375
0 0.73828125 0.48125 0.0515625 0.09375
0 0.7015625 0.78984375 0.0765625 0.071875
1 0.05625 0.05234375 0.053125 0.053125
1 0.125 0.0375 0.0421875 0.0609375
1 0.06015625 0.14765625 0.04375 0.0515625
1 0.1328125 0.215625 0.046875 0.0703125
1 0.07265625 0.2359375 0.04375 0.0453125
1 0.1265625 0.31875 0.0484375 0.0703125
1 0.06796875 0.3046875 0.04375 0.0546875
1 0.05 0.4046875 0.0359375 0.05
1 0.03515625 0.49453125 0.0328125 0.05
1 0.0765625 0.51484375 0.0390625 0.0453125
1 0.12890625 0.50078125 0.040625 0.046875
1 0.1203125 0.60703125 0.0515625 0.05625
1 0.2234375 0.5203125 0.034375 0.0515625
1 0.203125 0.453125 0.0421875 0.0625
1 0.15234375 0.10859375 0.040625 0.0453125
1 0.20859375 0.0703125 0.0375 0.04375
1 0.3109375 0.0203125 0.0421875 0.040625
1 0.26171875 0.0765625 0.0328125 0.0390625
1 0.234375 0.27265625 0.0390625 0.0421875
1 0.3078125 0.33046875 0.040625 0.053125
1 0.259375 0.35859375 0.0328125 0.05
1 0.240625 0.415625 0.0328125 0.0375
1 0.33046875 0.428125 0.0375 0.046875
1 0.3703125 0.128125 0.03125 0.04375
1 0.45 0.090625 0.0375 0.046875
1 0.06484375 0.7859375 0.04375 0.053125
1 0.04765625 0.71953125 0.04375 0.0546875
1 0.19609375 0.7734375 0.0375 0.0515625
1 0.04140625 0.8625 0.0421875 0.05
1 0.13515625 0.846875 0.0390625 0.0484375
1 0.19921875 0.84140625 0.0328125 0.04375
1 0.290625 0.809375 0.040625 0.0515625
1 0.31796875 0.88671875 0.0328125 0.046875
1 0.18671875 0.69453125 0.04375 0.040625
1 0.30703125 0.60390625 0.040625 0.05625
1 0.3078125 0.51484375 0.0359375 0.046875
1 0.37890625 0.52734375 0.0390625 0.0515625
1 0.375 0.603125 0.040625 0.05
1 0.45703125 0.2125 0.0328125 0.0421875
1 0.571875 0.1109375 0.0359375 0.046875
1 0.54296875 0.05234375 0.0375 0.05
1 0.49609375 0.32109375 0.040625 0.0453125
1 0.4671875 0.375 0.0375 0.05625
1 0.409375 0.43515625 0.0515625 0.0609375
1 0.47421875 0.6296875 0.040625 0.0515625
1 0.5109375 0.696875 0.046875 0.0625
1 0.5375 0.5734375 0.0375 0.0515625
1 0.46328125 0.52734375 0.0375 0.05
1 0.56015625 0.51171875 0.0453125 0.0484375
1 0.56640625 0.65234375 0.0375 0.046875
1 0.63359375 0.66796875 0.0359375 0.0484375
1 0.66796875 0.63203125 0.0375 0.05
1 0.4703125 0.85625 0.0421875 0.0484375
1 0.428125 0.9078125 0.0359375 0.05
1 0.4140625 0.79296875 0.0390625 0.0515625
1 0.3796875 0.85078125 0.0359375 0.04375
1 0.51875 0.86484375 0.0421875 0.0515625
1 0.55703125 0.90546875 0.03125 0.040625
1 0.60703125 0.840625 0.0421875 0.0515625
1 0.634375 0.959375 0.040625 0.04375
1 0.71796875 0.95078125 0.046875 0.05
1 0.73828125 0.86953125 0.0390625 0.046875
1 0.9203125 0.940625 0.0546875 0.0640625
1 0.82890625 0.91953125 0.040625 0.053125
1 0.81953125 0.70546875 0.04375 0.0484375
1 0.85390625 0.7828125 0.0421875 0.046875
1 0.925 0.721875 0.05 0.0515625
1 0.896875 0.484375 0.0421875 0.05
1 0.9625 0.4625 0.034375 0.0453125
1 0.846875 0.4640625 0.0359375 0.046875
1 0.9609375 0.38671875 0.0421875 0.05
1 0.8390625 0.396875 0.0375 0.0484375
1 0.9515625 0.31953125 0.0375 0.0421875
1 0.92265625 0.27578125 0.0359375 0.0390625
1 0.81953125 0.2609375 0.0390625 0.05
1 0.984375 0.234375 0.03125 0.046875
1 0.87421875 0.1453125 0.0390625 0.0375
1 0.9765625 0.028125 0.046875 0.05625
1 0.73125 0.10390625 0.034375 0.0375
1 0.7078125 0.29765625 0.0390625 0.0578125
1 0.73671875 0.35859375 0.0328125 0.046875
1 0.709375 0.42890625 0.04375 0.04375
1 0.51953125 0.2171875 0.040625 0.0453125