0 0.1765625 0.34921875 0.075 0.0640625
0 0.30859375 0.49765625 0.053125 0.0875
0 0.075 0.63203125 0.0515625 0.0828125
0 0.09453125 0.37265625 0.05 0.06875
0 0.38515625 0.528125 0.05625 0.0828125
0 0.44375 0.38828125 0.06875 0.0578125
0 0.86796875 0.5203125 0.0796875 0.0625
0 0.79609375 0.47578125 0.0625 0.04375
0 0.84296875 0.65625 0.0671875 0.0703125
1 0.01796875 0.084375 0.0359375 0.05
1 0.01640625 0.2203125 0.0328125 0.0515625
1 0.15 0.09921875 0.0390625 0.04375
1 0.19375 0.16953125 0.0359375 0.059375
1 0.22734375 0.1125 0.0390625 0.0421875
1 0.27578125 0.190625 0.046875 0.0515625
1 0.20703125 0.29921875 0.04375 0.046875
1 0.33203125 0.15703125 0.0453125 0.0484375
1 0.4078125 0.0625 0.0484375 0.04375
1 0.42109375 0.1421875 0.04375 0.053125
1 0.4703125 0.090625 0.04375 0.0390625
1 0.4671875 0.02890625 0.0359375 0.05
1 0.58515625 0.02578125 0.0453125 0.0515625
1 0.559375 0.14296875 0.0453125 0.0578125
1 0.5125 0.17109375 0.034375 0.04375
1 0.4875 0.25390625 0.0546875 0.0625
1 0.65703125 0.02734375 0.0484375 0.0515625
1 0.6625 0.15703125 0.0453125 0.0515625
1 0.61484375 0.21171875 0.0453125 0.05
1 0.77109375 0.0890625 0.040625 0.046875
1 0.84609375 0.07578125 0.0453125 0.046875
1 0.92578125 0.1234375 0.0421875 0.053125
1 0.875 0.17734375 0.04375 0.0515625
1 0.93671875 0.05234375 0.0390625 0.05
1 0.80703125 0.1625 0.04375 0.040625
1 0.846875 0.27734375 0.04375 0.0515625
1 0.91484375 0.33046875 0.0453125 0.0390625
1 0.9078125 0.23359375 0.040625 0.0421875
1 0.9640625 0.2703125 0.0359375 0.04375
1 0.328125 0.271875 0.05625 0.053125
1 0.1390625 0.265625 0.0375 0.040625
1 0.18203125 0.24609375 0.0328125 0.0453125
1 0.26015625 0.3984375 0.040625 0.0515625
1 0.3328125 0.35 0.0390625 0.0546875
1 0.2765625 0.34921875 0.0359375 0.0453125
1 0.209375 0.44765625 0.0359375 0.04375
1 0.1984375 0.5 0.0421875 0.0484375
1 0.08203125 0.51875 0.0421875 0.05
1 0.1125 0.57265625 0.04375 0.0453125
1 0.025 0.43515625 0.0359375 0.053125
1 0.0921875 0.79453125 0.0484375 0.0453125
1 0.03515625 0.915625 0.0453125 0.0484375
1 0.16796875 0.8078125 0.05625 0.0546875
1 0.10546875 0.91953125 0.0515625 0.059375
1 0.20390625 0.5734375 0.0484375 0.0453125
1 0.25234375 0.5625 0.0390625 0.046875
1 0.203125 0.65625 0.0421875 0.0453125
1 0.26640625 0.9265625 0.040625 0.04375
1 0.46640625 0.89765625 0.0484375 0.0515625
1 0.44375 0.80234375 0.0359375 0.04375
1 0.41484375 0.74921875 0.0421875 0.0390625
1 0.26796875 0.70234375 0.040625 0.0390625
1 0.3078125 0.77421875 0.04375 0.0359375
1 0.33046875 0.8625 0.0390625 0.04375
1 0.50546875 0.784375 0.0453125 0.04375
1 0.39609375 0.62890625 0.0421875 0.0453125
1 0.44375 0.6046875 0.046875 0.04375
1 0.525 0.6375 0.040625 0.046875
1 0.47578125 0.70078125 0.0390625 0.0421875
1 0.53828125 0.5875 0.0359375 0.04375
1 0.559375 0.4203125 0.05 0.0625
1 0.5609375 0.35078125 0.0390625 0.04375
1 0.43046875 0.3171875 0.0421875 0.0390625
1 0.54609375 0.91484375 0.0421875 0.04375
1 0.59921875 0.80234375 0.0359375 0.04375
1 0.64140625 0.84375 0.0421875 0.0390625
1 0.69140625 0.86875 0.0453125 0.05
1 0.7953125 0.9453125 0.040625 0.0484375
1 0.8859375 0.9765625 0.046875 0.046875
1 0.909375 0.8890625 0.0390625 0.0484375
1 0.9703125 0.71015625 0.0359375 0.046875
1 0.9609375 0.6265625 0.0484375 0.04375
1 0.96875 0.5375 0.0390625 0.04375
1 0.79375 0.56875 0.0484375 0.04375
1 0.68125 0.7203125 0.0484375 0.05
1 0.75546875 0.7203125 0.0390625 0.05
1 0.69921875 0.628125 0.0390625 0.0421875
1 0.6984375 0.5609375 0.0359375 0.0359375
1 0.63359375 0.60625 0.0359375 0.04375
1 0.63671875 0.565625 0.0390625 0.04375
1 0.67578125 0.375 0.0421875 0.05
1 0.29765625 0.9703125 0.0421875 0.046875
1 0.16328125 0.975 0.0484375 0.04375
1 0.73203125 0.26484375 0.0484375 0.053125
1 0.66953125 0.26484375 0.0421875 0.046875
1 0.3125 0.634375 0.0359375 0.034375
1 0.7625 0.51875 0.0390625 0.0390625
1 0.853125 0.58125 0.0375 0.040625
1 0.903125 0.66484375 0.0375 0.0328125
1 0.47109375 0.45078125 0.028125 0.0375
1 0.4828125 0.49296875 0.034375 0.0328125
1 0.51640625 0.41484375 0.0359375 0.040625
1 0.04765625 0.97421875 0.0453125 0.0515625