0 0.81328125 0.62890625 0.0578125 0.115625
0 0.325 0.9046875 0.071875 0.1203125
0 0.096875 0.4765625 0.0625 0.084375
0 0.48515625 0.07421875 0.0703125 0.0828125
1 0.03046875 0.078125 0.0390625 0.0484375
1 0.1625 0.2109375 0.040625 0.046875
1 0.27578125 0.16484375 0.0390625 0.0578125
1 0.26328125 0.246875 0.040625 0.053125
1 0.38125 0.11796875 0.053125 0.0578125
1 0.021875 0.3390625 0.04375 0.0484375
1 0.21796875 0.40625 0.04375 0.046875
1 0.3078125 0.37109375 0.0453125 0.0453125
1 0.3234375 0.22421875 0.0359375 0.04375
1 0.4484375 0.2125 0.0390625 0.05
1 0.0796875 0.55546875 0.0421875 0.05
1 0.24296875 0.509375 0.046875 0.05
1 0.29609375 0.5671875 0.0390625 0.0578125
1 0.23046875 0.6015625 0.034375 0.0578125
1 0.253125 0.88046875 0.04375 0.046875
1 0.1640625 0.90859375 0.0390625 0.053125
1 0.14453125 0.81640625 0.0515625 0.05
1 0.07578125 0.80703125 0.04375 0.0625
1 0.2015625 0.81796875 0.0421875 0.05625
1 0.04609375 0.6421875 0.05 0.05625
1 0.23984375 0.69375 0.0390625 0.05
1 0.3109375 0.76796875 0.0484375 0.05625
1 0.38046875 0.79140625 0.0484375 0.0546875
1 0.353125 0.69765625 0.040625 0.05
1 0.43203125 0.75234375 0.04375 0.0484375
1 0.22890625 0.9703125 0.05625 0.053125
1 0.39609375 0.971875 0.0390625 0.053125
1 0.51015625 0.7671875 0.0390625 0.0484375
1 0.565625 0.75625 0.0390625 0.05625
1 0.4953125 0.9265625 0.0484375 0.059375
1 0.5734375 0.9484375 0.046875 0.0484375
1 0.6125 0.92109375 0.0390625 0.0421875
1 0.65234375 0.91640625 0.040625 0.046875
1 0.5 0.865625 0.04375 0.0546875
1 0.46875 0.61640625 0.0453125 0.05625
1 0.53125 0.62265625 0.0453125 0.046875
1 0.6125 0.80078125 0.0484375 0.0453125
1 0.6765625 0.80625 0.0421875 0.0609375
1 0.75234375 0.78984375 0.04375 0.05625
1 0.82578125 0.91953125 0.05 0.0546875
1 0.87890625 0.971875 0.05625 0.0515625
1 0.76953125 0.978125 0.0484375 0.04375
1 0.9734375 0.9125 0.0359375 0.0546875
1 0.83828125 0.74453125 0.0375 0.0515625
1 0.7296875 0.721875 0.0453125 0.05
1 0.91171875 0.7984375 0.053125 0.0515625
1 0.9484375 0.7046875 0.04375 0.0515625
1 0.65390625 0.72421875 0.0359375 0.0515625
1 0.7140625 0.634375 0.0359375 0.05
1 0.678125 0.67734375 0.04375 0.04375
1 0.74453125 0.54375 0.0390625 0.05
1 0.66171875 0.55625 0.0375 0.046875
1 0.91484375 0.6046875 0.0484375 0.05
1 0.928125 0.4328125 0.0390625 0.053125
1 0.903125 0.35234375 0.0484375 0.0546875
1 0.81640625 0.35 0.05 0.0453125
1 0.7515625 0.3984375 0.040625 0.046875
1 0.64375 0.371875 0.04375 0.0515625
1 0.58515625 0.3671875 0.0390625 0.0515625
1 0.96640625 0.096875 0.053125 0.065625
1 0.88125 0.121875 0.0421875 0.0515625
1 0.8234375 0.084375 0.0421875 0.04375
1 0.77578125 0.271875 0.0375 0.040625
1 0.73671875 0.20390625 0.0421875 0.0515625
1 0.6578125 0.12734375 0.0515625 0.0609375
1 0.5875 0.1046875 0.0515625 0.0609375
1 0.5890625 0.2703125 0.0515625 0.059375
1 0.9625 0.51796875 0.040625 0.05
1 0.428125 0.4265625 0.046875 0.0546875
1 0.50078125 0.490625 0.040625 0.05
1 0.5578125 0.459375 0.0421875 0.05625
1 0.33828125 0.51953125 0.0453125 0.0546875
1 0.17734375 0.13671875 0.0328125 0.0578125
1 0.06953125 0.25234375 0.0421875 0.0546875
1 0.1640625 0.43828125 0.0453125 0.0546875
1 0.171875 0.3671875 0.0421875 0.0609375
1 0.81640625 0.1859375 0.053125 0.0484375