0 0.753125 0.16953125 0.053125 0.1046875
0 0.32890625 0.6421875 0.053125 0.1203125
0 0.19296875 0.81015625 0.065625 0.1140625
0 0.53046875 0.82265625 0.0625 0.0859375
0 0.734375 0.8296875 0.0484375 0.128125
0 0.16171875 0.2328125 0.0671875 0.08125
0 0.27890625 0.11328125 0.0609375 0.0796875
1 0.08671875 0.11640625 0.04375 0.06875
1 0.16640625 0.10078125 0.053125 0.046875
1 0.21015625 0.08359375 0.04375 0.059375
1 0.2546875 0.02734375 0.053125 0.0515625
1 0.3453125 0.0671875 0.0421875 0.0578125
1 0.22578125 0.25390625 0.0515625 0.059375
1 0.05 0.2578125 0.0484375 0.0609375
1 0.3015625 0.25625 0.0421875 0.053125
1 0.35234375 0.14375 0.0390625 0.053125
1 0.3671875 0.22109375 0.040625 0.0546875
1 0.15078125 0.40703125 0.04375 0.046875
1 0.07578125 0.465625 0.040625 0.05
1 0.11875 0.2734375 0.0421875 0.0546875
1 0.28671875 0.36875 0.040625 0.0546875
1 0.340625 0.4421875 0.0484375 0.053125
1 0.36796875 0.4953125 0.04375 0.053125
1 0.446875 0.484375 0.04375 0.0484375
1 0.14296875 0.6546875 0.0421875 0.0515625
1 0.0703125 0.53984375 0.0375 0.05
1 0.09296875 0.6203125 0.0390625 0.05
1 0.08046875 0.7296875 0.0546875 0.0578125
1 0.02109375 0.778125 0.0421875 0.0609375
1 0.1890625 0.72109375 0.04375 0.0515625
1 0.25078125 0.6671875 0.04375 0.0515625
1 0.0578125 0.85234375 0.046875 0.05
1 0.11640625 0.8359375 0.04375 0.0640625
1 0.18828125 0.92109375 0.04375 0.046875
1 0.2828125 0.87421875 0.0453125 0.0484375
1 0.3171875 0.81015625 0.0390625 0.0484375
1 0.35703125 0.91015625 0.046875 0.05
1 0.37421875 0.81640625 0.0359375 0.0484375
1 0.16640625 0.5078125 0.0375 0.0515625
1 0.23046875 0.50625 0.04375 0.0484375
1 0.21328125 0.5953125 0.0375 0.05
1 0.04375 0.625 0.0375 0.0421875
1 0.128125 0.57890625 0.040625 0.0546875
1 0.071875 0.40546875 0.0359375 0.0421875
1 0.43203125 0.8765625 0.046875 0.0578125
1 0.47890625 0.95859375 0.0375 0.040625
1 0.48125 0.8859375 0.0375 0.04375
1 0.621875 0.971875 0.046875 0.05625
1 0.59921875 0.82578125 0.0515625 0.0578125
1 0.69609375 0.6984375 0.04375 0.059375
1 0.5921875 0.60546875 0.04375 0.059375
1 0.47578125 0.5484375 0.05 0.0671875
1 0.6203125 0.7484375 0.0375 0.040625
1 0.6203125 0.6859375 0.040625 0.04375
1 0.5109375 0.75 0.0390625 0.0515625
1 0.51640625 0.41171875 0.0421875 0.0484375
1 0.55 0.475 0.05 0.05
1 0.4234375 0.36875 0.0453125 0.0515625
1 0.5828125 0.3109375 0.04375 0.05625
1 0.45234375 0.24375 0.05625 0.0515625
1 0.47421875 0.159375 0.05625 0.05625
1 0.4 0.0671875 0.0515625 0.053125
1 0.54765625 0.02734375 0.05 0.0484375
1 0.53828125 0.20078125 0.0453125 0.0453125
1 0.628125 0.25234375 0.04375 0.053125
1 0.63359375 0.38359375 0.0375 0.05
1 0.69140625 0.31015625 0.040625 0.0546875
1 0.68515625 0.221875 0.0421875 0.0515625
1 0.68046875 0.1484375 0.0390625 0.0453125
1 0.634375 0.103125 0.04375 0.04375
1 0.978125 0.13828125 0.04375 0.0515625
1 0.82734375 0.10859375 0.0421875 0.04375
1 0.80625 0.0359375 0.053125 0.05
1 0.89765625 0.025 0.0375 0.05
1 0.84453125 0.16953125 0.0390625 0.059375
1 0.903125 0.19453125 0.04375 0.0515625
1 0.8875 0.3328125 0.0390625 0.0625
1 0.91953125 0.26328125 0.0453125 0.05625
1 0.825 0.3703125 0.0359375 0.040625
1 0.79296875 0.30390625 0.0421875 0.0484375
1 0.75703125 0.4375 0.046875 0.05
1 0.7984375 0.465625 0.0453125 0.0515625
1 0.8953125 0.4484375 0.0421875 0.0578125
1 0.95859375 0.47734375 0.0375 0.0484375
1 0.6984375 0.4640625 0.05 0.0515625
1 0.85078125 0.6625 0.0375 0.0546875
1 0.9140625 0.70625 0.046875 0.0546875
1 0.92734375 0.5671875 0.046875 0.05
1 0.7734375 0.88671875 0.0515625 0.046875
1 0.8125 0.8421875 0.04375 0.053125
1 0.8453125 0.9078125 0.04375 0.05
1 0.928125 0.8609375 0.0453125 0.05
1 0.98046875 0.71328125 0.0390625 0.0453125
1 0.96796875 0.55625 0.0390625 0.0515625
1 0.8484375 0.52265625 0.0453125 0.04375
1 0.7671875 0.7265625 0.0484375 0.0625
1 0.70703125 0.5703125 0.05 0.059375
1 0.7765625 0.54140625 0.0484375 0.059375
1 0.6796875 0.88515625 0.040625 0.0484375