1 0.57734375 0.3140625 0.04375 0.0625
1 0.51015625 0.628125 0.04375 0.04375
1 0.57578125 0.578125 0.040625 0.04375
1 0.4390625 0.521875 0.034375 0.046875
1 0.4296875 0.61875 0.0375 0.04375
1 0.49140625 0.38671875 0.0375 0.0453125
1 0.3625 0.4421875 0.0453125 0.046875
1 0.121875 0.04140625 0.0375 0.046875
1 0.10859375 0.1 0.0421875 0.0484375
1 0.22734375 0.11484375 0.0359375 0.0484375
1 0.32109375 0.02265625 0.0359375 0.0453125
1 0.2734375 0.16484375 0.034375 0.0375
1 0.10390625 0.3203125 0.04375 0.053125
1 0.040625 0.21875 0.04375 0.046875
1 0.03046875 0.359375 0.0484375 0.053125
1 0.03359375 0.44765625 0.0390625 0.053125
1 0.20625 0.4703125 0.040625 0.0515625
1 0.05 0.61484375 0.0390625 0.0515625
1 0.02421875 0.5328125 0.0375 0.0484375
1 0.2234375 0.6109375 0.0390625 0.05625
1 0.11015625 0.51015625 0.0390625 0.053125
1 0.14453125 0.56953125 0.0453125 0.0515625
1 0.09140625 0.678125 0.0390625 0.05
1 0.17109375 0.71015625 0.034375 0.046875
1 0.21171875 0.69609375 0.0359375 0.04375
1 0.196875 0.8734375 0.0421875 0.04375
1 0.0703125 0.9640625 0.04375 0.04375
1 0.33359375 0.946875 0.0375 0.046875
1 0.38828125 0.940625 0.03125 0.05
1 0.33828125 0.87109375 0.0328125 0.046875
1 0.44453125 0.83515625 0.034375 0.04375
1 0.5203125 0.9109375 0.0375 0.0484375
1 0.52421875 0.978125 0.0359375 0.04375
1 0.55859375 0.83671875 0.0359375 0.0484375
1 0.50625 0.7546875 0.0359375 0.0421875
1 0.4296875 0.7625 0.0328125 0.0484375
1 0.44375 0.68203125 0.0375 0.0421875
1 0.2828125 0.615625 0.040625 0.0484375
1 0.65546875 0.8984375 0.0359375 0.046875
1 0.21875 0.3 0.040625 0.046875
1 0.30234375 0.32578125 0.0390625 0.0453125
1 0.35 0.27109375 0.0375 0.046875
1 0.134375 0.246875 0.0328125 0.0421875
1 0.22578125 0.240625 0.0359375 0.0421875
1 0.43203125 0.15234375 0.0390625 0.05
1 0.4015625 0.19921875 0.0328125 0.0453125
1 0.48046875 0.19609375 0.0421875 0.0375
1 0.49921875 0.1109375 0.0453125 0.0453125
1 0.5015625 0.2703125 0.0375 0.04375
1 0.65859375 0.2484375 0.0359375 0.053125
1 0.675 0.15546875 0.04375 0.053125
1 0.74921875 0.30234375 0.0390625 0.04375
1 0.7609375 0.3734375 0.0390625 0.0515625
1 0.82265625 0.38046875 0.0421875 0.0546875
1 0.878125 0.37109375 0.0390625 0.053125
1 0.7734375 0.22578125 0.0421875 0.05
1 0.8 0.17109375 0.0390625 0.0421875
1 0.896875 0.2921875 0.0328125 0.0390625
1 0.9390625 0.34453125 0.0375 0.0453125
1 0.94609375 0.425 0.0375 0.0515625
1 0.9515625 0.1703125 0.040625 0.0484375
1 0.88125 0.11953125 0.040625 0.04375
1 0.8640625 0.059375 0.040625 0.0453125
1 0.675 0.06640625 0.0421875 0.05
1 0.7203125 0.08515625 0.0359375 0.040625
1 0.7734375 0.06875 0.040625 0.0421875
1 0.196875 0.7796875 0.05 0.0453125
1 0.41015625 0.39140625 0.0359375 0.046875
1 0.440625 0.3203125 0.0375 0.046875
1 0.54609375 0.503125 0.040625 0.0515625
1 0.59765625 0.5265625 0.0390625 0.053125
1 0.6609375 0.528125 0.03125 0.04375
1 0.72578125 0.5640625 0.0421875 0.04375
1 0.65078125 0.6296875 0.0359375 0.0421875
1 0.7484375 0.6703125 0.046875 0.0484375
1 0.79765625 0.7484375 0.046875 0.05
1 0.6921875 0.73828125 0.0390625 0.046875
1 0.74140625 0.86640625 0.04375 0.05625
1 0.8734375 0.959375 0.040625 0.0453125
1 0.95859375 0.92109375 0.040625 0.0453125
1 0.89375 0.89921875 0.0375 0.0515625
1 0.87890625 0.5828125 0.0359375 0.0390625
1 0.740625 0.4875 0.0390625 0.0421875
1 0.0703125 0.1578125 0.0390625 0.0453125
1 0.984375 0.5484375 0.03125 0.0421875
1 0.95859375 0.27890625 0.0390625 0.046875
1 0.11446875000000001 0.839421875 0.03629687499999999 0.03596874999999997
1 0.08864062499999999 0.8510937500000001 0.033203124999999986 0.03889062500000016
1 0.64653125 0.8238125000000001 0.033781250000000006 0.033187500000000016
1 0.6626875 0.837140625 0.03237500000000004 0.031671874999999974
1 0.9360937500000001 0.5742812500000001 0.03101562499999986 0.03790624999999999
1 0.961328125 0.589390625 0.03535937500000017 0.04301562499999996
1 0.902484375 0.6885625 0.03976562500000007 0.041390625000000014
1 0.874015625 0.711609375 0.04137500000000003 0.04049999999999994