0 0.96796875 0.08515625 0.0640625 0.0609375
0 0.52265625 0.12421875 0.08125 0.0578125
0 0.4265625 0.4515625 0.0703125 0.071875
0 0.28828125 0.325 0.0703125 0.0796875
0 0.6078125 0.925 0.0375 0.078125
0 0.48359375 0.87109375 0.0828125 0.0734375
0 0.69609375 0.86015625 0.065625 0.0671875
1 0.1375 0.05234375 0.034375 0.040625
1 0.0875 0.17109375 0.0390625 0.04375
1 0.12421875 0.20234375 0.040625 0.0484375
1 0.0484375 0.159375 0.0390625 0.0453125
1 0.18984375 0.21171875 0.0359375 0.04375
1 0.14921875 0.32578125 0.0453125 0.0625
1 0.02109375 0.25859375 0.0359375 0.0546875
1 0.01875 0.3484375 0.0375 0.04375
1 0.08515625 0.35078125 0.034375 0.05
1 0.096875 0.4421875 0.053125 0.05625
1 0.15078125 0.40234375 0.0453125 0.059375
1 0.01484375 0.48515625 0.0296875 0.0515625
1 0.14296875 0.51640625 0.040625 0.0515625
1 0.09140625 0.69765625 0.0359375 0.04375
1 0.13203125 0.628125 0.03125 0.040625
1 0.15078125 0.70390625 0.040625 0.053125
1 0.27265625 0.615625 0.046875 0.0640625
1 0.2609375 0.459375 0.0375 0.0453125
1 0.2015625 0.43515625 0.0375 0.040625
1 0.30859375 0.43515625 0.0390625 0.0515625
1 0.22421875 0.54140625 0.0515625 0.05
1 0.0390625 0.55234375 0.040625 0.053125
1 0.11328125 0.7703125 0.03125 0.04375
1 0.03359375 0.803125 0.046875 0.046875
1 0.065625 0.921875 0.0390625 0.0484375
1 0.125 0.9703125 0.040625 0.0421875
1 0.2078125 0.81015625 0.04375 0.0546875
1 0.1921875 0.8921875 0.0453125 0.0453125
1 0.25 0.865625 0.0453125 0.0484375
1 0.3171875 0.93203125 0.0390625 0.0453125
1 0.37890625 0.89921875 0.0359375 0.0484375
1 0.41171875 0.8359375 0.034375 0.0515625
1 0.33125 0.71875 0.040625 0.0515625
1 0.36875 0.678125 0.0375 0.05
1 0.48125 0.690625 0.0375 0.05
1 0.46953125 0.76953125 0.040625 0.0546875
1 0.51171875 0.79296875 0.0421875 0.05
1 0.41015625 0.57734375 0.0421875 0.065625
1 0.3703125 0.52890625 0.046875 0.05
1 0.49453125 0.97890625 0.0359375 0.0421875
1 0.5546875 0.78359375 0.0359375 0.05
1 0.60546875 0.78203125 0.040625 0.0484375
1 0.584375 0.70546875 0.0421875 0.05
1 0.503125 0.60078125 0.0453125 0.059375
1 0.54921875 0.48828125 0.0484375 0.059375
1 0.5796875 0.61640625 0.05 0.05
1 0.20625 0.13515625 0.0453125 0.0546875
1 0.25 0.1859375 0.046875 0.0421875
1 0.2984375 0.0828125 0.0453125 0.046875
1 0.325 0.01953125 0.046875 0.0390625
1 0.34375 0.125 0.0421875 0.0484375
1 0.35 0.27421875 0.053125 0.05
1 0.41875 0.30859375 0.0421875 0.0484375
1 0.440625 0.2078125 0.040625 0.0484375
1 0.48828125 0.29453125 0.046875 0.0484375
1 0.46796875 0.35703125 0.046875 0.040625
1 0.58203125 0.36953125 0.0453125 0.05
1 0.69375 0.32890625 0.046875 0.0546875
1 0.58203125 0.190625 0.04375 0.053125
1 0.65390625 0.0609375 0.04375 0.046875
1 0.7546875 0.1671875 0.04375 0.0484375
1 0.77890625 0.27890625 0.0359375 0.0515625
1 0.7671875 0.34765625 0.0359375 0.053125
1 0.8546875 0.3015625 0.040625 0.046875
1 0.86875 0.1515625 0.040625 0.04375
1 0.9265625 0.15546875 0.040625 0.053125
0 0.909375 0.228125 0.0796875 0.059375
1 0.92421875 0.346875 0.0421875 0.0546875
1 0.7359375 0.515625 0.04375 0.0453125
1 0.778125 0.53828125 0.040625 0.046875
1 0.8296875 0.47421875 0.0390625 0.05
1 0.975 0.71953125 0.040625 0.046875
1 0.8015625 0.75 0.034375 0.0421875
1 0.80546875 0.68046875 0.05 0.04375
1 0.66953125 0.92109375 0.03125 0.0453125
1 0.78828125 0.8921875 0.0375 0.046875
1 0.8640625 0.88203125 0.0390625 0.05
1 0.871875 0.71015625 0.0375 0.0515625
1 0.8625 0.625 0.0328125 0.0453125
1 0.8515625 0.39453125 0.040625 0.040625
1 0.984375 0.38359375 0.03125 0.046875
1 0.98671875 0.4578125 0.0265625 0.0515625
1 0.9875 0.66328125 0.025 0.0453125
1 0.67578125 0.6171875 0.046875 0.0453125
1 0.9078125 0.4640625 0.0453125 0.0453125
1 0.6046875 0.021875 0.0375 0.04375
1 0.67265625 0.23984375 0.0359375 0.0453125
1 0.2703125 0.02578125 0.0421875 0.04375
1 0.353125 0.45703125 0.0328125 0.0421875