1 0.14921875 0.68203125 0.0421875 0.05625
1 0.42734375 0.2359375 0.0359375 0.040625
1 0.778125 0.81015625 0.0359375 0.05
1 0.96875 0.26171875 0.040625 0.0453125
0 0.6578125 0.4484375 0.059375 0.071875
1 0.47890625 0.17734375 0.0390625 0.046875
1 0.59921875 0.04296875 0.0390625 0.0484375
1 0.12578125 0.31640625 0.0375 0.046875
1 0.88515625 0.22109375 0.0484375 0.0640625
1 0.81015625 0.4609375 0.0359375 0.04375
1 0.3671875 0.240625 0.0375 0.040625
1 0.79453125 0.0609375 0.0375 0.05
1 0.39375 0.1671875 0.0375 0.0359375
1 0.7203125 0.44921875 0.034375 0.04375
1 0.30390625 0.32265625 0.0375 0.0421875
1 0.565625 0.5578125 0.0390625 0.046875
1 0.61796875 0.3765625 0.0359375 0.040625
1 0.715625 0.7421875 0.0390625 0.053125
1 0.65625 0.3359375 0.0359375 0.0421875
1 0.590625 0.8984375 0.046875 0.0546875
1 0.934375 0.18515625 0.0421875 0.046875
1 0.15703125 0.40859375 0.0375 0.0484375
1 0.36171875 0.359375 0.0359375 0.040625
1 0.3390625 0.12421875 0.0390625 0.046875
1 0.4953125 0.75546875 0.0375 0.046875
1 0.10546875 0.4375 0.040625 0.0484375
1 0.471875 0.98515625 0.0328125 0.0296875
1 0.87890625 0.66015625 0.034375 0.0390625
1 0.60234375 0.70234375 0.0359375 0.04375
1 0.2828125 0.384375 0.0390625 0.0453125
1 0.325 0.4859375 0.0359375 0.0421875
1 0.2 0.8625 0.0375 0.040625
1 0.4296875 0.11953125 0.04375 0.0453125
1 0.17890625 0.59140625 0.0390625 0.046875
1 0.26796875 0.821875 0.0390625 0.0453125
1 0.6734375 0.9359375 0.040625 0.046875
1 0.878125 0.03046875 0.0375 0.0453125
1 0.93828125 0.52265625 0.0421875 0.046875
1 0.82734375 0.60234375 0.0359375 0.0375
1 0.95859375 0.084375 0.0421875 0.04375
1 0.05625 0.9015625 0.0375 0.046875
1 0.4359375 0.4546875 0.0390625 0.046875
1 0.0859375 0.80625 0.0390625 0.04375
1 0.57890625 0.478125 0.0359375 0.046875
1 0.77890625 0.54765625 0.0390625 0.04375
1 0.45078125 0.63046875 0.03125 0.0390625
1 0.8265625 0.21796875 0.034375 0.04375
1 0.13125 0.23125 0.0390625 0.0484375
1 0.2375 0.6515625 0.0359375 0.0453125
1 0.04140625 0.5484375 0.0359375 0.05
1 0.3109375 0.95703125 0.0359375 0.04375
1 0.5828125 0.62421875 0.0359375 0.040625
1 0.715625 0.54921875 0.03125 0.0421875
1 0.63046875 0.12265625 0.0390625 0.040625
1 0.22890625 0.91796875 0.040625 0.0453125
1 0.38203125 0.4890625 0.0359375 0.0453125
1 0.7625 0.28125 0.03125 0.040625
1 0.0671875 0.18203125 0.034375 0.0453125
1 0.25 0.3125 0.0390625 0.0484375
1 0.66015625 0.05 0.0421875 0.046875
1 0.37734375 0.65 0.0359375 0.04375
1 0.98828125 0.334375 0.0234375 0.0609375
1 0.271875 0.55859375 0.0375 0.04375
1 0.77578125 0.95625 0.034375 0.0484375
1 0.984375 0.4921875 0.03125 0.040625
1 0.07109375 0.07890625 0.040625 0.04375
1 0.8765625 0.80078125 0.034375 0.0453125
1 0.3046875 0.79453125 0.0328125 0.0375
1 0.5046875 0.62265625 0.0375 0.0421875
1 0.8890625 0.57109375 0.0359375 0.046875
1 0.934375 0.66484375 0.0328125 0.040625
1 0.8515625 0.50390625 0.0359375 0.0375
1 0.41328125 0.31796875 0.0359375 0.0390625
1 0.5578125 0.14375 0.0375 0.0421875
1 0.85234375 0.7375 0.0390625 0.04375
1 0.0875 0.7484375 0.0359375 0.040625
1 0.31171875 0.24921875 0.0359375 0.0375
1 0.971875 0.86484375 0.034375 0.0421875
1 0.06796875 0.665625 0.0375 0.04375
1 0.1640625 0.096875 0.0375 0.0453125
1 0.16796875 0.2875 0.0375 0.046875
1 0.184375 0.23203125 0.040625 0.04375
1 0.15078125 0.478125 0.0359375 0.0453125
1 0.08984375 0.5953125 0.040625 0.0515625
1 0.15703125 0.834375 0.0359375 0.0484375
1 0.13203125 0.7859375 0.0359375 0.0453125
1 0.11796875 0.92578125 0.0328125 0.04375
1 0.35546875 0.85546875 0.03125 0.0390625
1 0.31015625 0.86953125 0.0328125 0.0375
1 0.28046875 0.7265625 0.0375 0.0453125
1 0.32890625 0.55703125 0.0375 0.0515625
1 0.38046875 0.56328125 0.0359375 0.0515625
1 0.6953125 0.11328125 0.034375 0.04375
1 0.9421875 0.371875 0.0328125 0.04375
1 0.8875 0.43203125 0.0453125 0.053125
1 0.70234375 0.34453125 0.0359375 0.040625
1 0.74921875 0.35546875 0.0359375 0.0375
1 0.75625 0.3984375 0.0328125 0.0421875
1 0.71875 0.20546875 0.034375 0.040625
1 0.6578125 0.70390625 0.040625 0.046875
1 0.940625 0.953125 0.0359375 0.0390625
1 0.6859375 0.84921875 0.0328125 0.034375
1 0.7171875 0.88125 0.03125 0.0390625
1 0.05 0.0171875 0.034375 0.034375
1 0.99140625 0.6015625 0.0171875 0.0328125
1 0.98515625 0.71171875 0.0296875 0.0359375
1 0.27109375 0.48203125 0.0390625 0.0375