0 0.85625 0.7046875 0.0484375 0.0921875
1 0.83515625 0.96015625 0.0421875 0.053125
1 0.1078125 0.6953125 0.0375 0.040625
1 0.24453125 0.61875 0.040625 0.04375
0 0.65703125 0.1390625 0.0734375 0.08125
1 0.63984375 0.675 0.0390625 0.0484375
1 0.03828125 0.896875 0.0375 0.04375
0 0.396875 0.0796875 0.046875 0.0703125
0 0.090625 0.265625 0.059375 0.0828125
1 0.79609375 0.02421875 0.0421875 0.046875
1 0.70625 0.0828125 0.0359375 0.04375
1 0.47421875 0.6859375 0.040625 0.0453125
1 0.3828125 0.17421875 0.0375 0.04375
1 0.315625 0.1625 0.0375 0.04375
1 0.24921875 0.95625 0.0390625 0.04375
1 0.55390625 0.5859375 0.034375 0.040625
1 0.8578125 0.17421875 0.0375 0.04375
1 0.23203125 0.675 0.0421875 0.04375
1 0.1859375 0.38671875 0.0375 0.0453125
1 0.3265625 0.296875 0.0359375 0.0421875
1 0.29296875 0.76875 0.0390625 0.04375
1 0.2515625 0.74453125 0.0375 0.040625
0 0.8828125 0.34296875 0.05 0.0875
1 0.3125 0.93515625 0.0390625 0.04375
1 0.72890625 0.9 0.0390625 0.0484375
1 0.059375 0.7578125 0.0390625 0.04375
1 0.42734375 0.8390625 0.0375 0.04375
1 0.48125 0.02265625 0.0390625 0.0421875
1 0.64453125 0.890625 0.0375 0.04375
1 0.1 0.87578125 0.0359375 0.046875
1 0.18828125 0.734375 0.0390625 0.04375
1 0.371875 0.8796875 0.034375 0.0359375
1 0.13671875 0.21640625 0.0421875 0.05
1 0.22734375 0.14609375 0.0390625 0.046875
1 0.709375 0.45859375 0.0421875 0.0609375
1 0.346875 0.7859375 0.0390625 0.046875
1 0.67265625 0.9640625 0.040625 0.0453125
1 0.74609375 0.80234375 0.0390625 0.0484375
1 0.5921875 0.909375 0.0390625 0.0453125
1 0.47734375 0.984375 0.0390625 0.03125
1 0.290625 0.365625 0.040625 0.0453125
1 0.43125 0.9453125 0.0375 0.0421875
1 0.64765625 0.2203125 0.0390625 0.0453125
1 0.54921875 0.090625 0.0390625 0.0515625
1 0.35390625 0.440625 0.0375 0.0484375
1 0.8890625 0.0296875 0.0390625 0.0453125
1 0.5078125 0.16796875 0.046875 0.05625
1 0.0203125 0.58046875 0.0375 0.0453125
1 0.41953125 0.60078125 0.0390625 0.04375
1 0.44140625 0.15 0.0359375 0.0390625
0 0.23125 0.5421875 0.0546875 0.0578125
1 0.29453125 0.7015625 0.0375 0.040625
1 0.7390625 0.35546875 0.0421875 0.046875
1 0.7265625 0.98359375 0.034375 0.0328125
1 0.909375 0.14375 0.04375 0.05
0 0.45546875 0.23828125 0.0453125 0.0984375
1 0.55625 0.6703125 0.0375 0.0421875
1 0.41328125 0.7828125 0.0359375 0.0421875
1 0.109375 0.12578125 0.0390625 0.0453125
1 0.50625 0.87421875 0.0375 0.0453125
1 0.59921875 0.20625 0.0359375 0.040625
1 0.5421875 0.49296875 0.0359375 0.0421875
1 0.68125 0.5671875 0.0375 0.046875
1 0.83046875 0.37109375 0.0390625 0.0421875
0 0.965625 0.25625 0.05 0.0625
1 0.5078125 0.62890625 0.0390625 0.0390625
1 0.90234375 0.77578125 0.0359375 0.040625
1 0.04296875 0.18671875 0.0375 0.04375
1 0.0296875 0.33203125 0.03125 0.0375
1 0.8953125 0.26328125 0.0359375 0.040625
1 0.22890625 0.8421875 0.0375 0.040625
1 0.03125 0.49609375 0.0453125 0.053125
1 0.75546875 0.12734375 0.04375 0.046875
1 0.18125 0.28203125 0.0328125 0.0390625
1 0.165625 0.1484375 0.034375 0.0390625
1 0.95546875 0.871875 0.0359375 0.04375
1 0.95234375 0.6921875 0.0375 0.04375
0 0.71171875 0.7171875 0.0453125 0.090625
1 0.93046875 0.92578125 0.03125 0.0421875
1 0.0671875 0.1203125 0.0390625 0.0515625
1 0.67265625 0.384375 0.0390625 0.046875
1 0.68046875 0.3328125 0.0390625 0.0390625
1 0.83984375 0.30234375 0.0296875 0.040625
1 0.89609375 0.4359375 0.0296875 0.0375
1 0.975 0.75625 0.0359375 0.0484375
1 0.496875 0.425 0.0328125 0.040625
1 0.45234375 0.46015625 0.0328125 0.0390625
1 0.08046875 0.5625 0.0328125 0.0359375
1 0.1203125 0.36953125 0.0296875 0.0359375
1 0.07265625 0.375 0.028125 0.034375
1 0.13515625 0.328125 0.03125 0.0375
1 0.1625 0.50859375 0.0328125 0.0390625
1 0.209375 0.45078125 0.0328125 0.034375
1 0.2765625 0.50703125 0.03125 0.0390625
1 0.203125 0.08359375 0.034375 0.0453125
1 0.2734375 0.01015625 0.034375 0.0203125
1 0.65 0.0125 0.0328125 0.025
1 0.9859375 0.609375 0.028125 0.0546875
1 0.01015625 0.7171875 0.0203125 0.0359375
1 0.08828125 0.809375 0.0328125 0.0359375
1 0.3546875 0.60546875 0.0359375 0.046875
1 0.98984375 0.0375 0.0203125 0.034375
1 0.89375 0.98984375 0.034375 0.0203125
0 0.00703125 0.8484375 0.0140625 0.0625