1 0.58046875 0.42578125 0.0390625 0.0484375
0 0.71328125 0.53828125 0.05625 0.078125
0 0.128125 0.56953125 0.065625 0.0734375
1 0.33359375 0.84453125 0.0390625 0.05
1 0.28203125 0.44453125 0.0359375 0.04375
0 0.58125 0.53828125 0.0671875 0.0703125
1 0.44921875 0.72265625 0.0359375 0.0453125
0 0.64296875 0.7828125 0.05 0.0796875
1 0.3265625 0.7015625 0.0359375 0.04375
1 0.065625 0.46015625 0.0390625 0.05
1 0.06640625 0.1875 0.0359375 0.0421875
1 0.38984375 0.73359375 0.0375 0.046875
1 0.47265625 0.83828125 0.0390625 0.0484375
1 0.30625 0.10546875 0.0390625 0.046875
1 0.334375 0.46328125 0.0390625 0.0484375
1 0.38984375 0.52109375 0.0375 0.0453125
1 0.909375 0.7515625 0.0359375 0.04375
1 0.04375 0.0546875 0.0390625 0.05
1 0.78671875 0.71015625 0.0375 0.04375
1 0.69453125 0.26328125 0.0359375 0.046875
1 0.521875 0.24453125 0.03125 0.040625
1 0.23125 0.8765625 0.0390625 0.0515625
1 0.75078125 0.7828125 0.0390625 0.046875
1 0.278125 0.71796875 0.0375 0.046875
1 0.1265625 0.6921875 0.040625 0.0484375
1 0.32109375 0.19140625 0.0390625 0.05
1 0.06953125 0.9453125 0.046875 0.0515625
1 0.6703125 0.6609375 0.0390625 0.046875
1 0.12109375 0.459375 0.0390625 0.04375
1 0.23515625 0.01875 0.0390625 0.0375
1 0.15859375 0.175 0.034375 0.040625
1 0.828125 0.05546875 0.04375 0.0546875
1 0.4265625 0.91484375 0.0390625 0.0484375
1 0.38203125 0.39765625 0.0421875 0.05
1 0.60703125 0.61171875 0.0359375 0.040625
1 0.41171875 0.13046875 0.0375 0.046875
0 0.525 0.628125 0.046875 0.078125
1 0.7078125 0.8625 0.0359375 0.0453125
1 0.7265625 0.3171875 0.0421875 0.046875
1 0.64609375 0.4515625 0.0421875 0.046875
1 0.4578125 0.4484375 0.0359375 0.040625
1 0.503125 0.45625 0.0375 0.046875
1 0.34375 0.64375 0.0375 0.04375
1 0.9734375 0.1421875 0.034375 0.0453125
1 0.7703125 0.8390625 0.0359375 0.0453125
1 0.959375 0.5125 0.0375 0.05
1 0.64609375 0.346875 0.0390625 0.046875
1 0.74921875 0.0796875 0.0375 0.04375
1 0.6296875 0.884375 0.0359375 0.05
1 0.70234375 0.9375 0.0421875 0.046875
1 0.796875 0.4453125 0.0390625 0.046875
1 0.209375 0.2453125 0.0375 0.04375
1 0.3 0.59375 0.034375 0.040625
1 0.7859375 0.13359375 0.0390625 0.0453125
1 0.44296875 0.35078125 0.0421875 0.0515625
0 0.146875 0.38984375 0.0609375 0.0546875
1 0.55078125 0.76171875 0.034375 0.040625
1 0.17109375 0.49296875 0.0375 0.04375
1 0.28359375 0.34609375 0.0359375 0.046875
1 0.759375 0.90078125 0.0359375 0.0421875
1 0.853125 0.55078125 0.0375 0.0484375
1 0.490625 0.01796875 0.0375 0.0359375
1 0.60625 0.6703125 0.0375 0.04375
1 0.2 0.67578125 0.0359375 0.040625
1 0.2578125 0.109375 0.0390625 0.046875
1 0.425 0.559375 0.0359375 0.0390625
1 0.5859375 0.02734375 0.0453125 0.053125
1 0.04375 0.64296875 0.0421875 0.05
1 0.7234375 0.02109375 0.040625 0.0421875
1 0.63359375 0.0765625 0.0453125 0.0484375
1 0.83515625 0.803125 0.0375 0.04375
1 0.0453125 0.5828125 0.0359375 0.0421875
1 0.0953125 0.33984375 0.0328125 0.040625
1 0.253125 0.22265625 0.0375 0.040625
1 0.4296875 0.0328125 0.0421875 0.05
1 0.06328125 0.71953125 0.0375 0.04375
1 0.1 0.61328125 0.0359375 0.0375
1 0.1140625 0.23203125 0.0375 0.040625
1 0.6890625 0.1703125 0.0359375 0.0453125
1 0.0796875 0.78515625 0.0359375 0.0453125
1 0.7296875 0.425 0.0359375 0.0453125
1 0.69765625 0.62265625 0.0390625 0.0421875
1 0.203125 0.45703125 0.03125 0.0359375
1 0.70859375 0.0953125 0.0359375 0.046875
1 0.81875 0.93828125 0.0359375 0.0421875
0 0.48828125 0.12265625 0.0734375 0.0875
1 0.94453125 0.91953125 0.0421875 0.053125
1 0.65859375 0.5203125 0.0359375 0.0390625
1 0.8515625 0.18515625 0.0375 0.04375
1 0.4875 0.96328125 0.0328125 0.0390625
1 0.20859375 0.36953125 0.034375 0.0390625
1 0.140625 0.12421875 0.0328125 0.0359375
1 0.3890625 0.04609375 0.0328125 0.0453125
1 0.50546875 0.38984375 0.0390625 0.0421875
1 0.971875 0.66640625 0.0375 0.0484375
1 0.86015625 0.76640625 0.034375 0.0390625
1 0.2421875 0.57890625 0.0328125 0.0390625
1 0.95859375 0.31015625 0.0375 0.0515625
1 0.140625 0.93203125 0.0375 0.0453125
1 0.75078125 0.18125 0.0328125 0.04375
1 0.76171875 0.56875 0.046875 0.0546875
1 0.11953125 0.9703125 0.04375 0.0515625
1 0.234375 0.3359375 0.0328125 0.04375
1 0.29609375 0.26328125 0.0375 0.046875
1 0.921875 0.2234375 0.0390625 0.0453125
1 0.68125 0.4078125 0.0328125 0.04375
1 0.240625 0.515625 0.0359375 0.04375
1 0.56484375 0.30078125 0.0359375 0.0421875
1 0.44140625 0.275 0.0375 0.04375
1 0.3921875 0.22109375 0.0375 0.046875
1 0.91484375 0.65546875 0.0421875 0.059375
1 0.8484375 0.61875 0.0421875 0.0453125
1 0.51328125 0.73828125 0.0328125 0.0453125
1 0.615625 0.1421875 0.0421875 0.0546875
1 0.98828125 0.965625 0.0234375 0.04375
1 0.3984375 0.9875 0.0328125 0.025
1 0.32578125 0.9875 0.0359375 0.025