1 0.69609375 0.51875 0.0390625 0.046875
0 0.828125 0.4625 0.0609375 0.0765625
0 0.6703125 0.47109375 0.0625 0.071875
1 0.278125 0.56328125 0.0390625 0.04375
1 0.45390625 0.075 0.0421875 0.046875
0 0.28046875 0.790625 0.0609375 0.0625
1 0.38203125 0.13125 0.0390625 0.0390625
1 0.91328125 0.5109375 0.0390625 0.046875
1 0.46875 0.3625 0.040625 0.0453125
1 0.47265625 0.13984375 0.0359375 0.0375
1 0.5953125 0.4765625 0.0375 0.0421875
0 0.81484375 0.78671875 0.0734375 0.0578125
1 0.528125 0.6453125 0.0390625 0.046875
1 0.4203125 0.98125 0.0390625 0.0375
1 0.7171875 0.6734375 0.0390625 0.0484375
0 0.4375 0.265625 0.0453125 0.06875
1 0.21796875 0.340625 0.0390625 0.05
0 0.10078125 0.859375 0.04375 0.071875
1 0.665625 0.19453125 0.0421875 0.0484375
1 0.5734375 0.25546875 0.040625 0.04375
1 0.34375 0.09296875 0.0390625 0.04375
1 0.8890625 0.7671875 0.0359375 0.046875
1 0.1484375 0.6640625 0.0359375 0.04375
1 0.22421875 0.43046875 0.0359375 0.0453125
1 0.86796875 0.32578125 0.040625 0.046875
1 0.896875 0.6875 0.0421875 0.053125
1 0.6453125 0.05703125 0.0390625 0.0421875
1 0.96796875 0.196875 0.0390625 0.046875
1 0.178125 0.4265625 0.0390625 0.046875
1 0.8796875 0.8625 0.040625 0.0484375
1 0.94296875 0.0265625 0.0421875 0.0484375
1 0.62109375 0.546875 0.0421875 0.0484375
0 0.2109375 0.84453125 0.0421875 0.08125
1 0.83046875 0.9421875 0.0421875 0.046875
1 0.87734375 0.053125 0.0390625 0.0453125
1 0.75390625 0.04609375 0.0390625 0.0453125
1 0.0875 0.065625 0.0390625 0.04375
1 0.5953125 0.15859375 0.0390625 0.0484375
1 0.21875 0.04140625 0.0359375 0.040625
1 0.35234375 0.58203125 0.0359375 0.040625
1 0.20234375 0.9328125 0.0328125 0.0421875
1 0.21015625 0.559375 0.0359375 0.040625
0 0.71484375 0.81015625 0.0625 0.0625
1 0.5453125 0.040625 0.0375 0.04375
1 0.7171875 0.14453125 0.0390625 0.0453125
0 0.77890625 0.86640625 0.0515625 0.09375
1 0.9328125 0.9 0.04375 0.0515625
1 0.53046875 0.8328125 0.0359375 0.04375
1 0.51875 0.4953125 0.0375 0.0453125
1 0.97578125 0.76484375 0.0421875 0.0546875
1 0.834375 0.87578125 0.0375 0.0484375
1 0.95703125 0.4375 0.0359375 0.04375
1 0.153125 0.8875 0.0328125 0.0421875
1 0.68359375 0.396875 0.040625 0.0484375
1 0.16953125 0.33125 0.0359375 0.04375
1 0.290625 0.059375 0.0375 0.0421875
1 0.45390625 0.44765625 0.0375 0.0453125
1 0.29140625 0.503125 0.0328125 0.04375
1 0.5140625 0.12265625 0.0390625 0.0453125
1 0.0578125 0.50859375 0.034375 0.040625
1 0.87421875 0.253125 0.0421875 0.046875
1 0.4859375 0.9484375 0.040625 0.05
1 0.12421875 0.7859375 0.034375 0.0390625
0 0.040625 0.8359375 0.0421875 0.0859375
1 0.140625 0.09921875 0.034375 0.0359375
1 0.3859375 0.24765625 0.0359375 0.0421875
1 0.81171875 0.6953125 0.0375 0.0484375
1 0.2640625 0.4 0.040625 0.0453125
1 0.0453125 0.2515625 0.0359375 0.046875
1 0.58515625 0.91796875 0.0375 0.0453125
1 0.44453125 0.61015625 0.0359375 0.0375
1 0.571875 0.60390625 0.040625 0.0484375
1 0.45390625 0.9078125 0.0375 0.0453125
1 0.109375 0.95234375 0.0328125 0.040625
1 0.1546875 0.55859375 0.0328125 0.0390625
1 0.21015625 0.72421875 0.0359375 0.04375
1 0.69296875 0.878125 0.0359375 0.0453125
1 0.3265625 0.75859375 0.03125 0.0359375
1 0.72109375 0.2578125 0.0359375 0.0421875
1 0.128125 0.18203125 0.0375 0.04375
1 0.95859375 0.58515625 0.0390625 0.0484375
1 0.61015625 0.70390625 0.034375 0.040625
1 0.64296875 0.91328125 0.0375 0.0453125
1 0.065625 0.1734375 0.0359375 0.0390625
1 0.27734375 0.11953125 0.0375 0.04375
1 0.653125 0.1328125 0.0390625 0.0453125
1 0.7828125 0.0859375 0.0390625 0.0484375
1 0.34140625 0.203125 0.0375 0.0421875
1 0.16875 0.21796875 0.0359375 0.0421875
1 0.3953125 0.3109375 0.0375 0.0421875
1 0.92734375 0.9796875 0.0359375 0.040625
1 0.43671875 0.12734375 0.034375 0.0359375
1 0.5796875 0.10546875 0.0328125 0.0359375
1 0.98359375 0.2984375 0.0328125 0.05
1 0.36484375 0.44453125 0.0328125 0.0421875
1 0.58515625 0.8453125 0.0359375 0.0421875
1 0.13671875 0.71875 0.034375 0.0390625
1 0.3109375 0.26328125 0.0328125 0.040625
1 0.0609375 0.715625 0.034375 0.0421875
1 0.9859375 0.95859375 0.028125 0.0546875
1 0.840625 0.540625 0.040625 0.0453125
1 0.80625 0.275 0.0328125 0.0390625
1 0.26640625 0.32734375 0.0375 0.04375
1 0.4734375 0.53984375 0.0453125 0.046875
1 0.55390625 0.72578125 0.0359375 0.0421875
1 0.10546875 0.3234375 0.0328125 0.0421875
1 0.3953125 0.553125 0.0359375 0.040625
1 0.7671875 0.72109375 0.0359375 0.040625
1 0.12890625 0.4234375 0.034375 0.040625
1 0.02265625 0.12890625 0.040625 0.0453125
1 0.6390625 0.36875 0.0390625 0.04375
1 0.08359375 0.428125 0.034375 0.0453125
1 0.328125 0.33359375 0.0375 0.04375
1 0.515625 0.4171875 0.0375 0.040625
1 0.54921875 0.146875 0.03125 0.0328125
1 0.88203125 0.38671875 0.034375 0.0375
1 0.6359375 0.42421875 0.0359375 0.040625
1 0.24375 0.9796875 0.0375 0.040625
1 0.0234375 0.06015625 0.0359375 0.0359375
0 0.78359375 0.19609375 0.0515625 0.05
1 0.08515625 0.125 0.0359375 0.0375
1 0.4203125 0.36171875 0.034375 0.0390625
0 0.353125 0.7171875 0.0484375 0.0515625
0 0.53671875 0.31484375 0.0484375 0.075
1 0.02890625 0.74609375 0.0296875 0.0359375
1 0.0203125 0.7015625 0.028125 0.0359375
1 0.434375 0.85390625 0.0328125 0.0359375
1 0.43671875 0.73203125 0.03125 0.034375
1 0.4171875 0.7703125 0.03125 0.0359375
1 0.7390625 0.61328125 0.034375 0.0484375
1 0.72109375 0.35546875 0.040625 0.0484375
1 0.3453125 0.0171875 0.034375 0.034375
1 0.70703125 0.01796875 0.0328125 0.0359375
1 0.8640625 0.9921875 0.03125 0.015625
1 0.640625 0.98515625 0.0296875 0.0296875
1 0.34765625 0.98515625 0.03125 0.0296875
1 0.29609375 0.9875 0.0328125 0.025
1 0.03984375 0.9625 0.028125 0.034375
1 0.009375 0.375 0.01875 0.0296875
1 0.0078125 0.659375 0.015625 0.0375
1 0.653125 0.759375 0.03125 0.0421875