0 0.79140625 0.0609375 0.065625 0.1015625
1 0.44375 0.3828125 0.04375 0.05
1 0.59296875 0.30546875 0.0421875 0.046875
1 0.41640625 0.18984375 0.0359375 0.04375
0 0.64609375 0.93828125 0.090625 0.078125
0 0.27734375 0.15859375 0.05 0.0859375
1 0.903125 0.51171875 0.0390625 0.0515625
1 0.4734375 0.1296875 0.040625 0.0515625
1 0.840625 0.50859375 0.0421875 0.046875
1 0.21171875 0.8140625 0.04375 0.05
0 0.39921875 0.2984375 0.0734375 0.05625
1 0.12890625 0.02109375 0.0453125 0.0421875
0 0.6796875 0.5890625 0.0640625 0.0796875
1 0.14921875 0.803125 0.040625 0.05
1 0.31953125 0.3046875 0.0421875 0.0484375
1 0.77421875 0.26328125 0.0359375 0.04375
1 0.384375 0.06484375 0.0390625 0.0484375
1 0.48203125 0.9390625 0.0453125 0.053125
1 0.93984375 0.97265625 0.0375 0.0515625
1 0.8921875 0.42578125 0.0390625 0.0484375
1 0.26640625 0.34921875 0.0421875 0.053125
1 0.453125 0.021875 0.0390625 0.04375
1 0.54140625 0.90390625 0.04375 0.05
1 0.86015625 0.25078125 0.0328125 0.04375
1 0.646875 0.1828125 0.0390625 0.0484375
1 0.43828125 0.51484375 0.0375 0.0421875
1 0.15546875 0.1234375 0.0390625 0.0453125
1 0.6515625 0.3234375 0.0359375 0.0421875
1 0.28203125 0.5015625 0.0375 0.0453125
1 0.53046875 0.41484375 0.0359375 0.0453125
1 0.20234375 0.11953125 0.0421875 0.053125
1 0.0578125 0.1703125 0.0375 0.04375
1 0.95390625 0.33671875 0.040625 0.05
1 0.55859375 0.59296875 0.0359375 0.04375
1 0.5640625 0.72421875 0.034375 0.04375
1 0.08125 0.56484375 0.0390625 0.05
1 0.46171875 0.75546875 0.0359375 0.040625
0 0.903125 0.05234375 0.0453125 0.06875
1 0.53515625 0.28203125 0.0375 0.04375
1 0.125 0.98125 0.0375 0.0375
1 0.50546875 0.20859375 0.0453125 0.05
1 0.715625 0.45078125 0.0375 0.0484375
1 0.74765625 0.83828125 0.03125 0.0421875
1 0.21796875 0.03515625 0.0453125 0.0484375
1 0.5796875 0.4484375 0.0390625 0.0453125
0 0.76171875 0.59609375 0.075 0.1015625
1 0.49765625 0.66875 0.040625 0.04375
0 0.06171875 0.35078125 0.0515625 0.06875
1 0.88203125 0.93828125 0.0390625 0.0453125
1 0.6078125 0.55234375 0.0359375 0.04375
1 0.86328125 0.8515625 0.0359375 0.040625
1 0.409375 0.9625 0.0515625 0.0609375
1 0.30859375 0.884375 0.04375 0.0515625
1 0.890625 0.1390625 0.0328125 0.0421875
1 0.95078125 0.5421875 0.0390625 0.046875
1 0.38671875 0.51015625 0.0421875 0.0484375
1 0.321875 0.1109375 0.0375 0.040625
1 0.01796875 0.6015625 0.0359375 0.046875
0 0.66953125 0.78203125 0.0515625 0.0578125
1 0.41171875 0.703125 0.0296875 0.034375
1 0.9296875 0.2359375 0.0375 0.0453125
1 0.10078125 0.32734375 0.034375 0.0390625
1 0.11640625 0.52265625 0.0375 0.0390625
1 0.40390625 0.6125 0.04375 0.0484375
1 0.8921875 0.33125 0.0359375 0.04375
1 0.6609375 0.39140625 0.0359375 0.0390625
0 0.0765625 0.071875 0.046875 0.08125
1 0.584375 0.04375 0.0328125 0.05
1 0.8140625 0.453125 0.0328125 0.046875
1 0.94296875 0.85078125 0.03125 0.040625
1 0.92265625 0.80625 0.03125 0.0390625
1 0.878125 0.7734375 0.0328125 0.0390625
1 0.7578125 0.759375 0.0375 0.0421875
1 0.82734375 0.78046875 0.0265625 0.0359375
1 0.84375 0.6015625 0.034375 0.0421875
1 0.88671875 0.640625 0.03125 0.0359375
1 0.928125 0.6765625 0.03125 0.0359375
1 0.2578125 0.60859375 0.0375 0.046875
1 0.184375 0.271875 0.0296875 0.04375
1 0.1484375 0.48203125 0.03125 0.04375
1 0.10234375 0.75546875 0.0390625 0.04375
1 0.2484375 0.8578125 0.028125 0.034375
1 0.29765625 0.67421875 0.025 0.0328125
1 0.81171875 0.35234375 0.0328125 0.046875
1 0.84765625 0.36875 0.0359375 0.0421875
1 0.009375 0.4984375 0.01875 0.0453125
1 0.821875 0.98515625 0.053125 0.0296875
1 0.00703125 0.13515625 0.0140625 0.040625
1 0.01015625 0.06328125 0.0203125 0.0390625
1 0.7140625 0.98984375 0.05 0.0203125
1 0.98515625 0.26875 0.0296875 0.05
1 0.01015625 0.34921875 0.0203125 0.0421875
1 0.0125 0.2296875 0.025 0.0328125