0 0.75078125 0.54921875 0.0703125 0.053125
0 0.353125 0.7984375 0.0609375 0.0953125
1 0.1046875 0.2046875 0.0375 0.0421875
1 0.0125 0.95859375 0.025 0.05
1 0.17578125 0.63515625 0.0390625 0.0546875
1 0.7296875 0.459375 0.040625 0.05
1 0.14765625 0.128125 0.0375 0.04375
1 0.87265625 0.81171875 0.0421875 0.046875
1 0.5546875 0.91875 0.0359375 0.04375
1 0.48046875 0.89296875 0.040625 0.046875
1 0.28984375 0.7421875 0.0390625 0.04375
1 0.01796875 0.778125 0.0359375 0.05
1 0.91875 0.4734375 0.0375 0.0515625
1 0.7 0.746875 0.0359375 0.0453125
1 0.44375 0.67890625 0.0390625 0.05
1 0.8828125 0.22890625 0.040625 0.05625
1 0.22265625 0.796875 0.0421875 0.05
1 0.51875 0.36484375 0.0375 0.0484375
1 0.79609375 0.25703125 0.0359375 0.053125
1 0.975 0.73046875 0.0375 0.04375
1 0.2890625 0.83359375 0.0390625 0.0484375
1 0.83359375 0.78203125 0.0328125 0.0359375
1 0.23125 0.6765625 0.0375 0.0421875
0 0.796875 0.865625 0.0578125 0.0640625
0 0.26015625 0.1453125 0.0484375 0.05625
1 0.3828125 0.7046875 0.0390625 0.046875
1 0.5453125 0.10390625 0.0359375 0.0453125
1 0.6109375 0.07890625 0.0390625 0.04375
1 0.70234375 0.584375 0.034375 0.0421875
1 0.44765625 0.5609375 0.0421875 0.046875
1 0.35234375 0.16484375 0.034375 0.0421875
1 0.653125 0.7671875 0.0421875 0.05
1 0.45703125 0.0203125 0.0390625 0.040625
1 0.15859375 0.89140625 0.0375 0.0453125
1 0.03125 0.36640625 0.0390625 0.0484375
1 0.1296875 0.93984375 0.0421875 0.046875
1 0.3546875 0.40703125 0.03125 0.0390625
1 0.2296875 0.88359375 0.0390625 0.046875
1 0.3078125 0.13359375 0.034375 0.0390625
1 0.57109375 0.41171875 0.03125 0.034375
1 0.83125 0.10390625 0.040625 0.05
1 0.284375 0.93671875 0.0390625 0.0453125
1 0.0421875 0.86796875 0.040625 0.0484375
1 0.19140625 0.0171875 0.0328125 0.034375
1 0.671875 0.20546875 0.0359375 0.0453125
1 0.08046875 0.06171875 0.0359375 0.04375
1 0.1125 0.82109375 0.04375 0.05
1 0.2171875 0.14140625 0.0328125 0.0359375
1 0.04140625 0.18203125 0.0375 0.04375
1 0.553125 0.02265625 0.040625 0.0453125
1 0.6625 0.11171875 0.0421875 0.0453125
1 0.875 0.440625 0.03125 0.0453125
1 0.2625 0.37109375 0.0421875 0.046875
1 0.12890625 0.575 0.040625 0.053125
1 0.4796875 0.103125 0.0390625 0.046875
1 0.06875 0.31015625 0.0390625 0.04375
1 0.8796875 0.87578125 0.0390625 0.0421875
1 0.75078125 0.128125 0.04375 0.0515625
1 0.75234375 0.9828125 0.0421875 0.034375
1 0.23515625 0.21953125 0.0328125 0.0359375
0 0.4203125 0.27734375 0.0515625 0.059375
1 0.01171875 0.478125 0.0234375 0.0453125
1 0.25 0.9828125 0.0453125 0.034375
1 0.58671875 0.27421875 0.0359375 0.04375
1 0.91640625 0.77578125 0.03125 0.0359375
1 0.4125 0.05703125 0.0390625 0.0484375
1 0.93359375 0.2125 0.034375 0.046875
1 0.5796875 0.71796875 0.0359375 0.0375
1 0.20234375 0.4296875 0.0359375 0.0453125
1 0.9265625 0.91875 0.0421875 0.0484375
1 0.76953125 0.79609375 0.03125 0.034375
1 0.08359375 0.9015625 0.0390625 0.05
1 0.98359375 0.84609375 0.0328125 0.0421875
1 0.340625 0.65 0.0390625 0.0484375
1 0.11484375 0.34765625 0.034375 0.0453125
1 0.809375 0.6484375 0.0296875 0.0359375
1 0.9046875 0.0484375 0.040625 0.05625
1 0.08125 0.73203125 0.0359375 0.0484375
1 0.42734375 0.875 0.0375 0.0421875
1 0.6 0.3375 0.03125 0.0375
0 0.93984375 0.81484375 0.0375 0.065625
0 0.73828125 0.7125 0.0375 0.0609375
1 0.3203125 0.35625 0.0328125 0.034375
1 0.9890625 0.55625 0.021875 0.046875
1 0.30234375 0.42109375 0.0328125 0.0359375
1 0.99140625 0.40078125 0.0171875 0.053125
1 0.5953125 0.82890625 0.034375 0.040625
1 0.603125 0.890625 0.034375 0.040625
1 0.60703125 0.771875 0.0328125 0.0421875
1 0.65859375 0.91796875 0.0328125 0.040625
1 0.509375 0.678125 0.0296875 0.0375
1 0.39296875 0.575 0.034375 0.040625
1 0.2671875 0.03046875 0.034375 0.040625
0 0.33359375 0.06953125 0.046875 0.0734375
1 0.45859375 0.98984375 0.0328125 0.0203125
1 0.00859375 0.23046875 0.0171875 0.046875
1 0.13125 0.24453125 0.040625 0.0390625
1 0.13828125 0.009375 0.0390625 0.01875
1 0.76953125 0.01328125 0.0359375 0.0265625
1 0.47890625 0.28203125 0.0421875 0.05
1 0.9125 0.5546875 0.0328125 0.03125
1 0.1546875 0.7578125 0.0515625 0.046875
1 0.021875 0.01953125 0.0359375 0.0359375
1 0.97734375 0.48359375 0.03125 0.0359375