0 0.4640625 0.1328125 0.0796875 0.078125
0 0.9671875 0.6953125 0.05625 0.071875
0 0.72578125 0.84140625 0.059375 0.0546875
0 0.7453125 0.1359375 0.0421875 0.0765625
1 0.95625 0.45859375 0.0390625 0.046875
1 0.890625 0.3015625 0.0375 0.0453125
0 0.3921875 0.71796875 0.0484375 0.0828125
1 0.484375 0.50703125 0.034375 0.040625
1 0.4734375 0.73125 0.034375 0.0421875
0 0.7921875 0.7609375 0.0578125 0.0625
1 0.71953125 0.728125 0.0390625 0.046875
1 0.66875 0.090625 0.0359375 0.0421875
1 0.5265625 0.0453125 0.0375 0.0453125
1 0.23203125 0.84296875 0.0328125 0.0390625
1 0.696875 0.2453125 0.0359375 0.0453125
1 0.3078125 0.1921875 0.034375 0.04375
1 0.190625 0.78515625 0.034375 0.0421875
1 0.271875 0.703125 0.0359375 0.0453125
1 0.44453125 0.56015625 0.0375 0.0515625
1 0.30234375 0.51875 0.0359375 0.0421875
1 0.2015625 0.69375 0.0359375 0.0421875
1 0.90625 0.4953125 0.0375 0.0484375
1 0.0640625 0.38828125 0.034375 0.046875
1 0.815625 0.97890625 0.0359375 0.0421875
1 0.3625 0.17578125 0.034375 0.04375
1 0.81796875 0.48125 0.0390625 0.0421875
1 0.52109375 0.3453125 0.0359375 0.0515625
1 0.43046875 0.790625 0.034375 0.0390625
1 0.91953125 0.07421875 0.0390625 0.046875
1 0.4109375 0.2875 0.0359375 0.0484375
0 0.078125 0.90703125 0.0453125 0.0546875
1 0.09375 0.296875 0.034375 0.0484375
1 0.59296875 0.46796875 0.034375 0.04375
1 0.571875 0.95859375 0.03125 0.034375
0 0.33515625 0.46875 0.046875 0.06875
1 0.940625 0.15390625 0.0390625 0.0453125
1 0.2703125 0.12734375 0.0375 0.0453125
1 0.5953125 0.90703125 0.0328125 0.0375
1 0.10703125 0.671875 0.034375 0.0390625
1 0.0640625 0.775 0.034375 0.0421875
1 0.878125 0.434375 0.0375 0.040625
1 0.60546875 0.08359375 0.0328125 0.040625
1 0.85703125 0.24296875 0.0375 0.0421875
1 0.7 0.325 0.0375 0.05
1 0.18125 0.87734375 0.034375 0.040625
1 0.125 0.45546875 0.0375 0.0609375
0 0.8953125 0.6796875 0.0484375 0.0796875
1 0.5578125 0.559375 0.0359375 0.0421875
1 0.315625 0.08671875 0.0390625 0.0453125
1 0.03515625 0.83203125 0.0328125 0.040625
1 0.90078125 0.9140625 0.034375 0.0421875
1 0.50703125 0.6796875 0.0359375 0.0375
1 0.2953125 0.5734375 0.03125 0.0453125
1 0.06953125 0.15546875 0.0296875 0.040625
1 0.22890625 0.0859375 0.0359375 0.040625
1 0.8921875 0.2171875 0.0328125 0.0375
1 0.58046875 0.26953125 0.03125 0.040625
0 0.16640625 0.0984375 0.0640625 0.0796875
1 0.24609375 0.8984375 0.0359375 0.0421875
0 0.71015625 0.79140625 0.059375 0.053125
0 0.84140625 0.8 0.05 0.0625
1 0.634375 0.91640625 0.03125 0.0421875
1 0.6765625 0.90390625 0.0359375 0.0375
1 0.75546875 0.61171875 0.0296875 0.0359375
1 0.84296875 0.39921875 0.034375 0.04375
1 0.9140625 0.38046875 0.034375 0.04375
1 0.69453125 0.1609375 0.03125 0.0375
1 0.64140625 0.146875 0.0328125 0.0375
1 0.7265625 0.0671875 0.0328125 0.0390625
1 0.5078125 0.5875 0.028125 0.0390625
1 0.32890625 0.7203125 0.03125 0.0390625
1 0.23671875 0.76640625 0.0296875 0.034375
1 0.1140625 0.196875 0.0359375 0.0453125
1 0.03203125 0.0484375 0.0390625 0.0484375
1 0.0328125 0.11015625 0.0390625 0.046875
1 0.20234375 0.2359375 0.0375 0.05
1 0.20703125 0.565625 0.0265625 0.0359375
1 0.24140625 0.57421875 0.0265625 0.0359375
1 0.14765625 0.5546875 0.0296875 0.0390625
1 0.00859375 0.2859375 0.0171875 0.03125
1 0.00703125 0.44453125 0.0140625 0.0375
1 0.725 0.98671875 0.0296875 0.0265625
1 0.76875 0.98671875 0.025 0.0265625
1 0.9859375 0.903125 0.028125 0.046875
1 0.9875 0.1984375 0.0234375 0.0453125
1 0.94296875 0.01640625 0.034375 0.0328125
1 0.8984375 0.01328125 0.028125 0.0265625
1 0.84921875 0.01171875 0.0328125 0.0234375
1 0.2203125 0.0140625 0.0296875 0.028125
1 0.140625 0.01015625 0.0375 0.0203125
1 0.35625 0.30703125 0.0546875 0.0703125
1 0.4484375 0.015625 0.034375 0.03125
1 0.303125 0.01953125 0.0296875 0.0359375