1 0.53046875 0.39921875 0.0390625 0.0421875
1 0.46953125 0.596875 0.0421875 0.046875
1 0.5203125 0.7171875 0.0375 0.0421875
1 0.74609375 0.37265625 0.040625 0.053125
1 0.09921875 0.49921875 0.040625 0.0484375
1 0.14296875 0.2625 0.040625 0.046875
1 0.4171875 0.4078125 0.034375 0.0421875
1 0.6859375 0.56171875 0.0375 0.05
1 0.13125 0.678125 0.040625 0.04375
1 0.7359375 0.915625 0.034375 0.0390625
1 0.5265625 0.80625 0.0359375 0.0375
1 0.16015625 0.8859375 0.04375 0.0578125
1 0.521875 0.61640625 0.0421875 0.046875
1 0.29140625 0.153125 0.0390625 0.04375
1 0.2953125 0.934375 0.0375 0.04375
1 0.428125 0.61328125 0.0359375 0.04375
1 0.221875 0.27578125 0.0390625 0.046875
1 0.36796875 0.40546875 0.0390625 0.046875
1 0.35 0.2046875 0.0390625 0.0453125
1 0.65 0.43125 0.04375 0.059375
1 0.40625 0.921875 0.040625 0.0421875
1 0.11796875 0.3859375 0.040625 0.0421875
1 0.92734375 0.63203125 0.034375 0.04375
1 0.06875 0.628125 0.040625 0.0453125
1 0.02265625 0.4453125 0.04375 0.046875
1 0.48203125 0.8890625 0.0359375 0.0390625
1 0.52265625 0.46875 0.0359375 0.04375
1 0.19453125 0.634375 0.0375 0.0453125
1 0.63203125 0.04296875 0.0390625 0.0484375
1 0.6046875 0.8296875 0.0359375 0.0421875
1 0.2203125 0.71484375 0.040625 0.04375
1 0.16015625 0.03359375 0.0359375 0.040625
1 0.59453125 0.44453125 0.034375 0.046875
1 0.8671875 0.1390625 0.0421875 0.0578125
1 0.53359375 0.31640625 0.034375 0.04375
1 0.2359375 0.97578125 0.0375 0.0421875
1 0.34765625 0.32734375 0.0390625 0.04375
1 0.2890625 0.6203125 0.0375 0.0515625
1 0.57578125 0.184375 0.0359375 0.046875
1 0.58515625 0.775 0.0359375 0.0453125
1 0.86328125 0.65859375 0.0359375 0.04375
1 0.06796875 0.7265625 0.0375 0.05
1 0.61640625 0.1078125 0.034375 0.0453125
1 0.4171875 0.74375 0.0375 0.046875
1 0.39765625 0.10390625 0.0375 0.04375
1 0.278125 0.84921875 0.0375 0.0421875
1 0.1125 0.0703125 0.0375 0.0421875
1 0.43984375 0.5265625 0.0390625 0.0421875
1 0.31171875 0.09296875 0.0375 0.0375
1 0.3859375 0.55625 0.0375 0.0421875
1 0.6078125 0.9546875 0.034375 0.040625
1 0.77578125 0.4859375 0.0484375 0.0640625
1 0.05859375 0.1671875 0.0375 0.04375
1 0.20625 0.0578125 0.040625 0.046875
1 0.03515625 0.2328125 0.0390625 0.04375
1 0.34609375 0.56796875 0.0390625 0.046875
1 0.84140625 0.26640625 0.0390625 0.05
1 0.4953125 0.046875 0.0375 0.04375
1 0.38125 0.27109375 0.0375 0.040625
1 0.9234375 0.3390625 0.04375 0.065625
1 0.5296875 0.9171875 0.0359375 0.0390625
1 0.046875 0.09140625 0.0390625 0.0421875
1 0.20078125 0.3234375 0.0390625 0.04375
1 0.72109375 0.8515625 0.034375 0.0375
1 0.2515625 0.76640625 0.0421875 0.0484375
1 0.403125 0.21015625 0.0375 0.0421875
1 0.3265625 0.78046875 0.0359375 0.034375
1 0.0484375 0.565625 0.0390625 0.04375
1 0.0453125 0.328125 0.040625 0.046875
1 0.43203125 0.84609375 0.0359375 0.0359375
1 0.4421875 0.271875 0.0453125 0.04375
1 0.2078125 0.89765625 0.0375 0.040625
1 0.2328125 0.8671875 0.0375 0.04375
1 0.8703125 0.5734375 0.0375 0.0421875
1 0.4859375 0.96484375 0.0390625 0.0375
1 0.40546875 0.34609375 0.0390625 0.0453125
1 0.09453125 0.31953125 0.0375 0.0421875
1 0.86953125 0.04296875 0.034375 0.0421875
1 0.659375 0.68203125 0.0328125 0.0390625
1 0.79375 0.2125 0.0375 0.0421875
1 0.84140625 0.8875 0.03125 0.040625
1 0.04375 0.85078125 0.0390625 0.0484375
1 0.19296875 0.15 0.04375 0.0421875
1 0.36484375 0.83828125 0.0375 0.0375
1 0.159375 0.36640625 0.0328125 0.0421875
1 0.234375 0.37890625 0.0375 0.0421875
1 0.08125 0.92265625 0.0328125 0.0421875
1 0.12734375 0.9515625 0.04375 0.0515625
1 0.29921875 0.73359375 0.03125 0.0375
1 0.9359375 0.51484375 0.04375 0.0515625
1 0.7109375 0.51328125 0.0359375 0.04375
1 0.88984375 0.378125 0.0421875 0.05
1 0.82890625 0.41640625 0.0453125 0.0578125
0 0.921875 0.85078125 0.0625 0.065625
1 0.7796875 0.12890625 0.0375 0.040625
1 0.53984375 0.09765625 0.0359375 0.0515625
1 0.7390625 0.16953125 0.034375 0.0453125
1 0.7125 0.2390625 0.0375 0.0453125
1 0.26484375 0.04375 0.0328125 0.0390625
1 0.36015625 0.1390625 0.034375 0.0453125
1 0.49375 0.24765625 0.040625 0.05
1 0.29921875 0.00859375 0.0359375 0.0171875
1 0.40234375 0.00859375 0.0328125 0.0171875
1 0.7390625 0.01640625 0.03125 0.0328125
1 0.9890625 0.1390625 0.021875 0.040625
1 0.17734375 0.9859375 0.034375 0.028125
1 0.64765625 0.25546875 0.0359375 0.04375
1 0.934375 0.990625 0.028125 0.01875