1 0.2859375 0.96484375 0.040625 0.0484375
0 0.2734375 0.09375 0.0625 0.0890625
0 0.32265625 0.64140625 0.0765625 0.053125
1 0.48203125 0.2796875 0.040625 0.046875
0 0.1421875 0.04453125 0.059375 0.0890625
1 0.734375 0.33828125 0.0421875 0.046875
0 0.1484375 0.190625 0.0625 0.0765625
0 0.8390625 0.38359375 0.0625 0.0578125
1 0.21796875 0.90546875 0.040625 0.0484375
0 0.5234375 0.709375 0.0609375 0.05
0 0.3171875 0.7203125 0.0578125 0.065625
1 0.6828125 0.9375 0.0390625 0.0484375
0 0.6 0.525 0.0578125 0.0859375
1 0.34140625 0.4578125 0.0390625 0.0453125
1 0.69765625 0.4609375 0.0390625 0.0484375
0 0.10234375 0.95078125 0.0765625 0.078125
1 0.8765625 0.7953125 0.0390625 0.0484375
1 0.43828125 0.52109375 0.0421875 0.0515625
1 0.92109375 0.0875 0.0390625 0.05
1 0.13203125 0.31640625 0.040625 0.04375
1 0.57578125 0.0296875 0.0390625 0.0453125
1 0.8953125 0.32734375 0.046875 0.0609375
1 0.0640625 0.628125 0.0421875 0.05
1 0.2015625 0.67421875 0.0375 0.0484375
1 0.6671875 0.54453125 0.0390625 0.0484375
1 0.9671875 0.15859375 0.040625 0.0515625
1 0.66640625 0.83828125 0.0359375 0.0421875
1 0.50625 0.37890625 0.0390625 0.0484375
1 0.06171875 0.35546875 0.0390625 0.05
1 0.37421875 0.109375 0.0390625 0.0484375
1 0.809375 0.471875 0.0453125 0.0578125
1 0.18515625 0.8421875 0.0390625 0.046875
1 0.39453125 0.88203125 0.0390625 0.046875
1 0.09453125 0.53046875 0.053125 0.0625
1 0.69609375 0.7734375 0.034375 0.0421875
1 0.42109375 0.1359375 0.0375 0.046875
1 0.51171875 0.47109375 0.0390625 0.0515625
1 0.7390625 0.5828125 0.0421875 0.053125
1 0.43046875 0.70859375 0.0375 0.046875
1 0.140625 0.7140625 0.040625 0.0484375
1 0.55546875 0.36171875 0.0375 0.04375
1 0.21015625 0.02734375 0.0453125 0.0484375
1 0.421875 0.94375 0.040625 0.046875
1 0.33671875 0.17109375 0.0421875 0.046875
1 0.6140625 0.33125 0.0375 0.0421875
1 0.08515625 0.784375 0.0453125 0.0546875
1 0.73984375 0.953125 0.0375 0.0453125
1 0.12109375 0.4359375 0.04375 0.046875
1 0.4453125 0.3515625 0.040625 0.0515625
1 0.81953125 0.3046875 0.0390625 0.0515625
1 0.48125 0.6453125 0.0328125 0.0375
1 0.7296875 0.20703125 0.0375 0.0484375
0 0.95703125 0.9015625 0.059375 0.0875
1 0.653125 0.4078125 0.0390625 0.05
1 0.11484375 0.66484375 0.0375 0.046875
1 0.97890625 0.328125 0.0390625 0.05625
1 0.23359375 0.6234375 0.0390625 0.05
1 0.2296875 0.29765625 0.04375 0.0484375
1 0.3828125 0.59375 0.0421875 0.0484375
1 0.2859375 0.409375 0.0421875 0.0515625
1 0.871875 0.0265625 0.0390625 0.0515625
1 0.18046875 0.37109375 0.040625 0.04375
1 0.9015625 0.7265625 0.0359375 0.0453125
1 0.2875 0.85625 0.0375 0.0484375
1 0.18515625 0.584375 0.0421875 0.05
1 0.45625 0.81640625 0.040625 0.046875
1 0.84921875 0.55859375 0.0421875 0.046875
1 0.97421875 0.03125 0.0421875 0.05
1 0.82265625 0.15625 0.0375 0.0484375
1 0.65859375 0.6171875 0.0390625 0.053125
1 0.6859375 0.31640625 0.04375 0.0578125
1 0.91953125 0.6765625 0.0375 0.046875
1 0.025 0.1609375 0.034375 0.04375
1 0.3921875 0.0265625 0.034375 0.0375
1 0.74375 0.43359375 0.034375 0.046875
1 0.38828125 0.80234375 0.0421875 0.04375
1 0.36953125 0.365625 0.0375 0.0515625
0 0.490625 0.08671875 0.0546875 0.078125
1 0.75625 0.7703125 0.0421875 0.046875
1 0.04453125 0.8421875 0.046875 0.05
1 0.728125 0.13203125 0.034375 0.0421875
1 0.02578125 0.740625 0.0421875 0.0515625
1 0.253125 0.45859375 0.0421875 0.05
1 0.56796875 0.76484375 0.040625 0.05
1 0.4703125 0.91953125 0.034375 0.0390625
1 0.78125 0.978125 0.0328125 0.0359375
1 0.73125 0.8546875 0.0375 0.040625
1 0.9578125 0.74609375 0.040625 0.0515625
1 0.84375 0.61640625 0.034375 0.04375
1 0.57109375 0.10703125 0.0359375 0.0453125
1 0.6171875 0.2109375 0.0421875 0.0515625
1 0.478125 0.18359375 0.0359375 0.040625
1 0.53203125 0.20625 0.0421875 0.0484375
1 0.39453125 0.253125 0.0359375 0.04375
1 0.884375 0.8703125 0.0375 0.05
1 0.8 0.62734375 0.0359375 0.04375
1 0.81328125 0.6859375 0.04375 0.040625
1 0.90234375 0.42890625 0.0390625 0.05
1 0.0859375 0.11484375 0.040625 0.040625
1 0.13046875 0.36875 0.034375 0.04375
0 0.8046875 0.85234375 0.0640625 0.103125
1 0.3015625 0.2171875 0.0328125 0.0453125
1 0.0453125 0.01640625 0.0375 0.0328125
1 0.6140625 0.9875 0.0375 0.025
1 0.01328125 0.64375 0.0265625 0.04375
1 0.009375 0.415625 0.01875 0.04375