0 0.6359375 0.06484375 0.059375 0.090625
0 0.0515625 0.0703125 0.0578125 0.0796875
1 0.6546875 0.76015625 0.0390625 0.0515625
1 0.1046875 0.7375 0.0390625 0.0515625
0 0.50859375 0.20390625 0.05625 0.0875
1 0.30546875 0.11484375 0.0421875 0.0515625
1 0.93046875 0.08515625 0.0375 0.0515625
0 0.271875 0.43515625 0.0671875 0.0765625
1 0.4171875 0.18984375 0.0421875 0.0546875
0 0.828125 0.08359375 0.0640625 0.0734375
1 0.74921875 0.5203125 0.05 0.05625
1 0.55703125 0.14140625 0.040625 0.0453125
1 0.578125 0.27421875 0.0359375 0.04375
1 0.0984375 0.38828125 0.034375 0.040625
1 0.3796875 0.79375 0.0390625 0.05
1 0.88984375 0.21640625 0.040625 0.0515625
1 0.6421875 0.9265625 0.0390625 0.0484375
1 0.5140625 0.77734375 0.034375 0.04375
1 0.2328125 0.11171875 0.040625 0.0484375
1 0.5859375 0.7265625 0.0375 0.0546875
1 0.5765625 0.82109375 0.0421875 0.059375
1 0.525 0.91328125 0.034375 0.04375
1 0.49140625 0.69140625 0.0328125 0.04375
1 0.73203125 0.82578125 0.040625 0.0484375
1 0.046875 0.38359375 0.040625 0.05
1 0.41171875 0.90703125 0.0359375 0.0421875
1 0.3765625 0.68125 0.0359375 0.046875
1 0.3703125 0.58125 0.0375 0.046875
1 0.36953125 0.12265625 0.034375 0.04375
1 0.54921875 0.521875 0.0375 0.0515625
1 0.659375 0.18828125 0.0359375 0.046875
1 0.309375 0.8671875 0.0375 0.0453125
1 0.09453125 0.8859375 0.0390625 0.0546875
1 0.36953125 0.30859375 0.0359375 0.0453125
1 0.1109375 0.31953125 0.0328125 0.0421875
1 0.615625 0.33359375 0.0359375 0.0453125
1 0.5859375 0.94375 0.0375 0.05
0 0.7640625 0.684375 0.059375 0.09375
1 0.97734375 0.625 0.040625 0.0484375
1 0.184375 0.17421875 0.0359375 0.040625
1 0.6984375 0.5921875 0.0421875 0.046875
1 0.71796875 0.03203125 0.0421875 0.053125
1 0.190625 0.37109375 0.0359375 0.0453125
1 0.7 0.1234375 0.04375 0.0578125
1 0.2890625 0.7734375 0.040625 0.0515625
1 0.7828125 0.2296875 0.046875 0.0640625
1 0.84375 0.38515625 0.0375 0.0453125
1 0.03515625 0.68984375 0.0328125 0.04375
1 0.85546875 0.4765625 0.0390625 0.04375
1 0.35390625 0.865625 0.034375 0.0421875
1 0.02109375 0.9578125 0.0359375 0.04375
1 0.04453125 0.77578125 0.040625 0.05
0 0.2921875 0.2578125 0.065625 0.053125
1 0.43046875 0.70078125 0.0390625 0.0515625
0 0.68125 0.3625 0.0484375 0.1015625
1 0.43203125 0.2734375 0.0390625 0.0453125
1 0.52265625 0.0671875 0.04375 0.0515625
1 0.23515625 0.3171875 0.0359375 0.04375
1 0.8703125 0.63203125 0.0328125 0.0421875
1 0.16171875 0.50078125 0.0359375 0.046875
1 0.240625 0.2171875 0.034375 0.0390625
1 0.03359375 0.46328125 0.0328125 0.040625
1 0.79609375 0.440625 0.0375 0.0453125
1 0.91484375 0.56640625 0.0375 0.05
1 0.23125 0.86484375 0.034375 0.04375
1 0.321875 0.51640625 0.0375 0.046875
1 0.8171875 0.575 0.0453125 0.05
1 0.03359375 0.54921875 0.0296875 0.0421875
1 0.05625 0.30625 0.034375 0.040625
1 0.140625 0.05703125 0.0375 0.05
1 0.2859375 0.16796875 0.0375 0.040625
1 0.25859375 0.0265625 0.0328125 0.0421875
1 0.59296875 0.1953125 0.0359375 0.0453125
1 0.73203125 0.3703125 0.0375 0.04375
1 0.78046875 0.33125 0.0390625 0.05
1 0.68984375 0.4859375 0.040625 0.04375
1 0.8203125 0.78984375 0.0375 0.046875
1 0.87734375 0.7203125 0.0359375 0.046875
1 0.859375 0.88046875 0.0375 0.0453125
1 0.91953125 0.87265625 0.0390625 0.0515625
1 0.94296875 0.815625 0.040625 0.0484375
1 0.928125 0.75 0.034375 0.0453125
1 0.30859375 0.96015625 0.0390625 0.053125
1 0.20859375 0.4796875 0.0265625 0.0359375
1 0.35546875 0.40625 0.0296875 0.0390625
1 0.46171875 0.365625 0.03125 0.0453125
1 0.57734375 0.375 0.03125 0.04375
1 0.52578125 0.59921875 0.034375 0.0421875
1 0.47109375 0.57734375 0.0390625 0.0484375
1 0.85078125 0.03125 0.0359375 0.0375
1 0.98984375 0.07421875 0.0203125 0.0453125
1 0.984375 0.74609375 0.03125 0.0453125
1 0.36796875 0.98671875 0.0296875 0.0265625