0 0.54140625 0.72890625 0.059375 0.10625
1 0.98125 0.08515625 0.0375 0.0609375
1 0.4046875 0.88125 0.0390625 0.0453125
1 0.81015625 0.6390625 0.040625 0.0625
1 0.78359375 0.09765625 0.046875 0.0734375
1 0.8546875 0.23828125 0.04375 0.05625
1 0.8296875 0.8078125 0.0421875 0.059375
1 0.80234375 0.190625 0.0453125 0.0703125
1 0.28359375 0.90234375 0.0390625 0.0515625
1 0.903125 0.746875 0.040625 0.059375
0 0.22734375 0.2203125 0.0765625 0.0875
1 0.528125 0.915625 0.0375 0.05625
1 0.88515625 0.6234375 0.0453125 0.065625
1 0.40078125 0.196875 0.040625 0.05
1 0.74609375 0.48515625 0.0390625 0.0546875
1 0.78515625 0.321875 0.046875 0.05625
1 0.39375 0.1 0.040625 0.0546875
1 0.16953125 0.70625 0.040625 0.0515625
1 0.33828125 0.47109375 0.0390625 0.05
1 0.35546875 0.6375 0.0390625 0.0515625
1 0.55703125 0.45234375 0.0359375 0.053125
1 0.0609375 0.6796875 0.0421875 0.04375
0 0.47421875 0.54375 0.071875 0.1046875
1 0.97890625 0.625 0.034375 0.0609375
1 0.5578125 0.5625 0.0375 0.0484375
1 0.67890625 0.78984375 0.0390625 0.05625
1 0.8515625 0.3984375 0.0484375 0.0703125
0 0.06640625 0.7625 0.0671875 0.071875
1 0.04453125 0.221875 0.04375 0.0515625
1 0.2125 0.54140625 0.0421875 0.0515625
1 0.06875 0.07578125 0.040625 0.05625
1 0.33828125 0.75546875 0.0375 0.0421875
1 0.41328125 0.4234375 0.0390625 0.053125
1 0.62109375 0.61796875 0.040625 0.0546875
1 0.1 0.33125 0.040625 0.0546875
1 0.44296875 0.24296875 0.0390625 0.0515625
1 0.15 0.88359375 0.040625 0.0515625
1 0.1078125 0.578125 0.0390625 0.05
1 0.328125 0.9484375 0.0390625 0.0515625
1 0.9578125 0.37265625 0.0421875 0.05625
1 0.065625 0.45390625 0.0390625 0.046875
1 0.53203125 0.6375 0.0421875 0.0453125
1 0.19609375 0.46953125 0.0375 0.0453125
1 0.39453125 0.78515625 0.0390625 0.0515625
1 0.61328125 0.95703125 0.0359375 0.0515625
1 0.328125 0.1578125 0.0390625 0.053125
1 0.24453125 0.471875 0.04375 0.05
1 0.03515625 0.9078125 0.034375 0.0390625
1 0.90703125 0.45234375 0.034375 0.0484375
1 0.15390625 0.16640625 0.0390625 0.0453125
1 0.6796875 0.65390625 0.0359375 0.05
1 0.2296875 0.96640625 0.040625 0.0484375
1 0.27109375 0.396875 0.0421875 0.0515625
0 0.96015625 0.228125 0.059375 0.06875
1 0.45625 0.6640625 0.040625 0.0453125
1 0.13984375 0.403125 0.0421875 0.046875
1 0.20234375 0.77890625 0.0453125 0.0484375
1 0.18359375 0.3328125 0.040625 0.046875
1 0.3234375 0.06640625 0.0390625 0.0484375
1 0.440625 0.13203125 0.0421875 0.0515625
1 0.4875 0.0953125 0.0421875 0.0484375
1 0.84453125 0.93671875 0.04375 0.05
1 0.72578125 0.8578125 0.0359375 0.046875
1 0.59765625 0.8421875 0.034375 0.04375
1 0.40390625 0.64375 0.0359375 0.046875
1 0.30703125 0.5390625 0.0375 0.0453125
1 0.24765625 0.72109375 0.0375 0.0484375
1 0.09609375 0.89375 0.0328125 0.0375
1 0.01015625 0.1203125 0.0203125 0.05
1 0.0109375 0.3328125 0.021875 0.040625
1 0.01015625 0.83203125 0.0203125 0.0453125
1 0.1390625 0.990625 0.0375 0.01875