0 0.06015625 0.65703125 0.0765625 0.09375
1 0.58203125 0.109375 0.0421875 0.05
1 0.0765625 0.890625 0.0453125 0.065625
0 0.58203125 0.659375 0.0859375 0.078125
1 0.28828125 0.390625 0.0390625 0.053125
1 0.6421875 0.26171875 0.046875 0.0671875
1 0.07734375 0.465625 0.04375 0.05625
0 0.40390625 0.609375 0.0796875 0.084375
1 0.15234375 0.5921875 0.040625 0.05
1 0.5203125 0.81171875 0.0390625 0.0515625
1 0.084375 0.321875 0.0421875 0.05625
1 0.26328125 0.278125 0.040625 0.053125
1 0.44140625 0.69296875 0.0421875 0.05
1 0.73046875 0.53515625 0.040625 0.05625
1 0.5015625 0.0359375 0.05 0.0671875
1 0.63359375 0.7859375 0.0421875 0.05
1 0.8921875 0.09296875 0.0390625 0.04375
0 0.95078125 0.65625 0.053125 0.0828125
1 0.38359375 0.921875 0.0390625 0.053125
1 0.34921875 0.53984375 0.04375 0.0515625
1 0.728125 0.37265625 0.0421875 0.0484375
1 0.85 0.47734375 0.0421875 0.0546875
1 0.3296875 0.7984375 0.0375 0.0515625
0 0.10078125 0.13125 0.0703125 0.08125
1 0.22109375 0.68046875 0.046875 0.0671875
1 0.69609375 0.43828125 0.04375 0.05625
1 0.93203125 0.8171875 0.0390625 0.0515625
1 0.22421875 0.409375 0.040625 0.053125
1 0.2703125 0.03828125 0.0390625 0.0515625
1 0.38671875 0.08515625 0.0390625 0.053125
1 0.44453125 0.25390625 0.0390625 0.053125
1 0.3140625 0.4671875 0.040625 0.0484375
0 0.840625 0.78203125 0.065625 0.0609375
1 0.29140625 0.5765625 0.0421875 0.0515625
1 0.1625 0.278125 0.046875 0.065625
1 0.9671875 0.9390625 0.040625 0.0484375
1 0.915625 0.90859375 0.040625 0.0515625
1 0.1953125 0.0765625 0.040625 0.053125
1 0.55078125 0.9078125 0.0328125 0.0421875
1 0.74453125 0.72734375 0.040625 0.05
1 0.38671875 0.2921875 0.04375 0.0671875
1 0.30234375 0.6953125 0.040625 0.0515625
1 0.76015625 0.271875 0.046875 0.0640625
1 0.821875 0.09140625 0.0390625 0.0484375
1 0.87578125 0.85625 0.0390625 0.0484375
1 0.89765625 0.55 0.04375 0.053125
1 0.521875 0.19765625 0.040625 0.05625
1 0.715625 0.109375 0.040625 0.0515625
1 0.115625 0.52578125 0.040625 0.0515625
1 0.8734375 0.02109375 0.0421875 0.0421875
1 0.37421875 0.7015625 0.0421875 0.04375
1 0.98046875 0.2421875 0.0390625 0.0578125
1 0.4125 0.7796875 0.0390625 0.05
1 0.76171875 0.17578125 0.040625 0.0546875
1 0.77578125 0.5765625 0.040625 0.05625
1 0.459375 0.54140625 0.0453125 0.0578125
1 0.909375 0.38828125 0.0421875 0.0515625
1 0.87578125 0.29375 0.0421875 0.0546875
1 0.49921875 0.95703125 0.03125 0.0375
1 0.1203125 0.971875 0.0421875 0.05
1 0.5984375 0.453125 0.0421875 0.053125
1 0.9375 0.47421875 0.040625 0.046875
1 0.45234375 0.12578125 0.0390625 0.0484375
1 0.67578125 0.05859375 0.0421875 0.0515625
1 0.2125 0.2265625 0.040625 0.0484375
1 0.5265625 0.58203125 0.0515625 0.05625
0 0.8625 0.66640625 0.05 0.0765625
1 0.15625 0.75390625 0.034375 0.0453125
1 0.6390625 0.86328125 0.0359375 0.04375
1 0.92890625 0.24765625 0.040625 0.05
1 0.36640625 0.83828125 0.0359375 0.040625
0 0.76875 0.79140625 0.046875 0.0515625
1 0.94296875 0.146875 0.0359375 0.05
1 0.8359375 0.571875 0.0390625 0.046875
1 0.16015625 0.15546875 0.040625 0.0484375
1 0.01796875 0.05546875 0.0359375 0.059375
1 0.5984375 0.5375 0.0359375 0.0484375
1 0.98671875 0.84375 0.0265625 0.040625
1 0.75859375 0.0140625 0.0390625 0.028125
1 0.2140625 0.98203125 0.0375 0.0359375
1 0.0109375 0.40546875 0.021875 0.0484375