0 0.2828125 0.12890625 0.0609375 0.09375
0 0.73046875 0.82578125 0.0859375 0.1015625
0 0.50390625 0.5671875 0.096875 0.1078125
0 0.64375 0.4453125 0.0796875 0.0609375
1 0.03046875 0.5359375 0.04375 0.05625
1 0.73515625 0.68203125 0.040625 0.053125
1 0.303125 0.26015625 0.0453125 0.053125
1 0.85703125 0.05 0.0421875 0.053125
1 0.48828125 0.9609375 0.040625 0.0546875
1 0.440625 0.3875 0.040625 0.053125
1 0.3875 0.30859375 0.04375 0.053125
0 0.95234375 0.56640625 0.078125 0.0578125
1 0.89921875 0.809375 0.04375 0.05625
1 0.865625 0.6828125 0.046875 0.065625
1 0.4984375 0.0421875 0.0421875 0.0546875
0 0.82265625 0.43984375 0.06875 0.0546875
1 0.35234375 0.66953125 0.0390625 0.0515625
1 0.8671875 0.33515625 0.040625 0.0515625
1 0.95078125 0.30625 0.040625 0.05
1 0.10390625 0.57421875 0.0375 0.0578125
1 0.80390625 0.26171875 0.0390625 0.053125
1 0.59140625 0.5375 0.040625 0.05
1 0.2609375 0.89609375 0.0390625 0.0578125
1 0.2234375 0.3390625 0.040625 0.053125
1 0.53828125 0.10234375 0.0390625 0.05
1 0.14609375 0.32890625 0.040625 0.0546875
1 0.52734375 0.20234375 0.0390625 0.05
1 0.78984375 0.134375 0.0390625 0.0515625
1 0.340625 0.2203125 0.0390625 0.0546875
1 0.3328125 0.06015625 0.0390625 0.0484375
1 0.928125 0.4375 0.0390625 0.05
1 0.1203125 0.14921875 0.040625 0.0484375
0 0.45078125 0.8078125 0.084375 0.0703125
1 0.2125 0.975 0.0421875 0.05
1 0.02578125 0.421875 0.040625 0.0546875
1 0.5515625 0.39609375 0.046875 0.0609375
1 0.59375 0.81015625 0.0390625 0.0546875
0 0.70390625 0.31796875 0.065625 0.0703125
1 0.259375 0.60703125 0.040625 0.05625
1 0.63125 0.07734375 0.040625 0.05
1 0.77734375 0.3640625 0.034375 0.0421875
1 0.95 0.16796875 0.040625 0.053125
1 0.58515625 0.72890625 0.0359375 0.05
1 0.8515625 0.52109375 0.0421875 0.046875
1 0.98203125 0.9125 0.0359375 0.05625
1 0.284375 0.03046875 0.040625 0.0515625
1 0.62890625 0.27109375 0.0390625 0.0546875
1 0.753125 0.0828125 0.0390625 0.0453125
1 0.96796875 0.709375 0.0421875 0.05
1 0.16875 0.75703125 0.0375 0.0515625
1 0.303125 0.71796875 0.0390625 0.0515625
1 0.23515625 0.25234375 0.0484375 0.0640625
1 0.98515625 0.11953125 0.0296875 0.053125
1 0.45 0.21328125 0.0375 0.0484375
1 0.69296875 0.73203125 0.0359375 0.0484375
1 0.6453125 0.74296875 0.0359375 0.04375
1 0.9640625 0.78125 0.040625 0.040625
1 0.7515625 0.51484375 0.0375 0.0515625
1 0.58515625 0.0234375 0.0390625 0.04375
1 0.178125 0.0671875 0.0375 0.0515625
1 0.83828125 0.5859375 0.04375 0.0484375
1 0.3296875 0.3640625 0.040625 0.05
1 0.16015625 0.6109375 0.0359375 0.046875
1 0.9796875 0.48515625 0.0359375 0.0421875
1 0.1796875 0.14609375 0.0375 0.040625
1 0.87109375 0.23046875 0.0390625 0.0453125
1 0.6546875 0.91171875 0.0390625 0.053125
1 0.06796875 0.075 0.0421875 0.053125
1 0.125 0.06640625 0.0375 0.0453125
1 0.1359375 0.25625 0.040625 0.0484375
1 0.11328125 0.48359375 0.0375 0.0453125
1 0.14609375 0.68203125 0.040625 0.0515625
1 0.09453125 0.721875 0.0375 0.046875
1 0.225 0.54765625 0.0390625 0.0515625
1 0.90546875 0.11328125 0.0375 0.0421875
1 0.88984375 0.94453125 0.0390625 0.05
1 0.61640625 0.95390625 0.0390625 0.0515625
1 0.4328125 0.66171875 0.0359375 0.04375
1 0.69921875 0.140625 0.0375 0.046875
1 0.4859375 0.3171875 0.040625 0.05
1 0.95390625 0.8390625 0.0421875 0.0453125
1 0.3796875 0.84609375 0.0375 0.046875
1 0.0234375 0.01328125 0.0375 0.0265625
1 0.00703125 0.05078125 0.0140625 0.0484375
1 0.40078125 0.00703125 0.0359375 0.0140625
1 0.77890625 0.01015625 0.0359375 0.0203125
1 0.7109375 0.01015625 0.0375 0.0203125
1 0.29921875 0.9796875 0.046875 0.040625
1 0.009375 0.87109375 0.01875 0.0453125