0 0.79609375 0.19375 0.075 0.0640625
1 0.52890625 0.31875 0.040625 0.059375
0 0.2796875 0.28359375 0.075 0.0640625
1 0.01796875 0.95703125 0.0359375 0.053125
1 0.12890625 0.6359375 0.0390625 0.05
1 0.896875 0.0625 0.040625 0.05625
1 0.8890625 0.15078125 0.040625 0.05625
1 0.04765625 0.1296875 0.0421875 0.053125
1 0.79609375 0.26171875 0.0421875 0.0484375
1 0.19296875 0.26328125 0.0453125 0.0609375
1 0.69453125 0.54296875 0.0359375 0.059375
1 0.15859375 0.92578125 0.040625 0.0546875
1 0.58828125 0.82578125 0.04375 0.059375
1 0.68359375 0.2625 0.0390625 0.059375
1 0.61171875 0.24375 0.040625 0.05625
1 0.60703125 0.97890625 0.0375 0.0421875
1 0.15 0.79296875 0.04375 0.053125
1 0.08515625 0.65859375 0.0359375 0.0484375
1 0.78203125 0.39453125 0.0390625 0.053125
1 0.51015625 0.9625 0.040625 0.0609375
1 0.35234375 0.14140625 0.0375 0.05
1 0.340625 0.6421875 0.0390625 0.0578125
1 0.05 0.3765625 0.0390625 0.053125
1 0.09296875 0.19609375 0.0390625 0.046875
1 0.02265625 0.53828125 0.0390625 0.0546875
1 0.47890625 0.028125 0.0421875 0.05625
1 0.228125 0.6546875 0.0390625 0.05
0 0.8609375 0.72265625 0.0546875 0.1109375
1 0.3796875 0.425 0.0390625 0.0546875
1 0.2640625 0.85078125 0.040625 0.059375
1 0.98359375 0.09296875 0.0328125 0.053125
1 0.2796875 0.5671875 0.0375 0.046875
1 0.08671875 0.80625 0.0421875 0.053125
1 0.12734375 0.70703125 0.040625 0.0484375
1 0.44453125 0.5671875 0.034375 0.0515625
1 0.93515625 0.41875 0.0390625 0.046875
1 0.67890625 0.3890625 0.0359375 0.053125
1 0.35625 0.51796875 0.0359375 0.04375
1 0.6890625 0.7734375 0.0375 0.0546875
1 0.534375 0.7484375 0.0390625 0.0515625
1 0.9640625 0.85625 0.0390625 0.05
1 0.5578125 0.66640625 0.0390625 0.0578125
1 0.01953125 0.79375 0.0390625 0.05
1 0.07265625 0.271875 0.0421875 0.053125
1 0.96484375 0.32265625 0.0390625 0.053125
1 0.98046875 0.92890625 0.0390625 0.059375
1 0.78203125 0.56171875 0.040625 0.053125
1 0.38046875 0.79765625 0.0390625 0.0546875
0 0.5640625 0.89453125 0.0640625 0.0671875
1 0.76953125 0.3125 0.0453125 0.0484375
1 0.35703125 0.0640625 0.0375 0.05
1 0.4546875 0.325 0.040625 0.053125
1 0.8328125 0.4734375 0.0390625 0.046875
1 0.615625 0.62421875 0.0390625 0.0640625
1 0.171875 0.440625 0.0359375 0.046875
1 0.87421875 0.58359375 0.040625 0.05625
1 0.44296875 0.184375 0.0390625 0.0484375
1 0.69609375 0.4578125 0.0359375 0.053125
1 0.628125 0.12734375 0.0375 0.053125
1 0.9546875 0.24609375 0.0359375 0.0484375
1 0.56328125 0.409375 0.0390625 0.053125
1 0.23671875 0.76328125 0.0453125 0.053125
1 0.1359375 0.39921875 0.040625 0.0484375
1 0.83671875 0.3828125 0.040625 0.0546875
1 0.5171875 0.5921875 0.0359375 0.05
1 0.2046875 0.56171875 0.0375 0.05
1 0.32265625 0.8953125 0.040625 0.0484375
1 0.71875 0.12421875 0.0328125 0.0453125
0 0.95078125 0.771875 0.04375 0.0796875
1 0.87890625 0.3921875 0.0359375 0.0453125
1 0.9015625 0.484375 0.040625 0.046875
1 0.96171875 0.52265625 0.04375 0.046875
1 0.70390625 0.6203125 0.0359375 0.04375
1 0.5125 0.45 0.0390625 0.0546875
1 0.40234375 0.27421875 0.03125 0.0453125
1 0.665625 0.03046875 0.040625 0.059375
1 0.02109375 0.85625 0.040625 0.053125
1 0.41015625 0.1203125 0.0359375 0.04375
1 0.75859375 0.5 0.0390625 0.0453125
1 0.8890625 0.9515625 0.0328125 0.0421875
1 0.6375 0.73046875 0.040625 0.0546875
1 0.40546875 0.63125 0.040625 0.0484375
1 0.43671875 0.703125 0.0359375 0.0453125
1 0.23125 0.9265625 0.0328125 0.04375
1 0.18828125 0.0125 0.0453125 0.025
1 0.9859375 0.68515625 0.028125 0.0484375