0 0.7953125 0.33515625 0.08125 0.0984375
0 0.93515625 0.175 0.09375 0.06875
0 0.64765625 0.08671875 0.0671875 0.090625
0 0.8546875 0.72578125 0.08125 0.0890625
1 0.36015625 0.4609375 0.0390625 0.053125
0 0.96953125 0.4015625 0.0609375 0.1
1 0.33671875 0.3078125 0.0453125 0.0625
1 0.39609375 0.51484375 0.040625 0.0515625
1 0.02578125 0.4390625 0.0390625 0.053125
1 0.66796875 0.728125 0.05 0.065625
1 0.7171875 0.36328125 0.0390625 0.0609375
1 0.63984375 0.190625 0.0375 0.0515625
1 0.19921875 0.5203125 0.040625 0.053125
1 0.78046875 0.7859375 0.0390625 0.053125
1 0.39375 0.18046875 0.040625 0.05625
1 0.06484375 0.78671875 0.040625 0.059375
1 0.015625 0.61796875 0.03125 0.0546875
1 0.6453125 0.35390625 0.046875 0.0640625
1 0.96484375 0.81015625 0.04375 0.0546875
1 0.2171875 0.240625 0.0390625 0.05625
1 0.23203125 0.88046875 0.040625 0.0515625
1 0.5234375 0.43203125 0.046875 0.0625
1 0.25859375 0.78203125 0.046875 0.0625
1 0.25390625 0.08828125 0.040625 0.0515625
1 0.184375 0.321875 0.0390625 0.0515625
1 0.396875 0.69609375 0.040625 0.0546875
1 0.1765625 0.85546875 0.04375 0.0578125
1 0.11796875 0.6515625 0.0453125 0.0625
1 0.57421875 0.0234375 0.0390625 0.046875
1 0.1 0.309375 0.040625 0.053125
1 0.34609375 0.06640625 0.0390625 0.0546875
1 0.02109375 0.91328125 0.0421875 0.0546875
1 0.2890625 0.546875 0.0375 0.0515625
1 0.125 0.4734375 0.040625 0.0546875
1 0.5140625 0.1625 0.0421875 0.05625
1 0.46640625 0.50234375 0.0390625 0.0546875
1 0.09453125 0.0734375 0.0390625 0.05
1 0.1578125 0.04375 0.040625 0.046875
1 0.16953125 0.4109375 0.04375 0.0515625
1 0.4765625 0.8203125 0.0375 0.05
1 0.9265625 0.4921875 0.0375 0.046875
1 0.4546875 0.74140625 0.0375 0.053125
1 0.6515625 0.925 0.0453125 0.059375
1 0.51953125 0.559375 0.0390625 0.053125
1 0.09140625 0.56015625 0.04375 0.0515625
1 0.88359375 0.39765625 0.0375 0.053125
1 0.60625 0.79765625 0.0359375 0.05
1 0.83046875 0.54921875 0.0421875 0.0546875
1 0.57109375 0.959375 0.04375 0.0484375
1 0.171875 0.9515625 0.040625 0.053125
1 0.259375 0.61328125 0.0390625 0.053125
1 0.64921875 0.4546875 0.0421875 0.0515625
1 0.66953125 0.81640625 0.0375 0.05
1 0.9796875 0.68828125 0.040625 0.0515625
1 0.94296875 0.93359375 0.040625 0.0515625
1 0.2921875 0.04609375 0.0375 0.04375
0 0.45703125 0.36953125 0.0546875 0.10625
1 0.6671875 0.52890625 0.0359375 0.05
1 0.409375 0.0515625 0.040625 0.05
1 0.7109375 0.90859375 0.0375 0.0515625
1 0.34375 0.565625 0.0390625 0.0515625
1 0.39609375 0.27734375 0.0390625 0.05
1 0.10703125 0.21171875 0.05625 0.0640625
1 0.84765625 0.03671875 0.0375 0.05625
1 0.29609375 0.19609375 0.0546875 0.06875
1 0.0171875 0.3578125 0.034375 0.0484375
1 0.615625 0.59375 0.034375 0.0421875
1 0.52109375 0.75546875 0.040625 0.0515625
1 0.13828125 0.13203125 0.0390625 0.046875
0 0.56484375 0.11796875 0.059375 0.096875
1 0.71484375 0.20390625 0.03125 0.0390625
1 0.01328125 0.12265625 0.0265625 0.059375
1 0.6734375 0.01328125 0.0421875 0.0265625
1 0.88203125 0.9921875 0.0375 0.015625
1 0.3515625 0.99140625 0.0359375 0.0171875
1 0.01328125 0.76328125 0.0265625 0.0453125
1 0.10078125 0.9921875 0.0265625 0.015625