0 0.453125 0.60859375 0.0703125 0.0921875
0 0.43125 0.40703125 0.059375 0.109375
1 0.5515625 0.3390625 0.0359375 0.0515625
0 0.1765625 0.64296875 0.0765625 0.06875
1 0.8078125 0.275 0.0359375 0.053125
0 0.446875 0.2625 0.046875 0.096875
0 0.85234375 0.5484375 0.0546875 0.0890625
1 0.32265625 0.33984375 0.04375 0.053125
1 0.31875 0.2125 0.040625 0.0578125
1 0.58046875 0.221875 0.0375 0.0515625
1 0.5796875 0.68359375 0.0359375 0.05
1 0.85390625 0.29375 0.0390625 0.0546875
1 0.74609375 0.48359375 0.040625 0.053125
1 0.64375 0.6625 0.0375 0.0515625
1 0.85078125 0.9421875 0.04375 0.05
1 0.64375 0.8859375 0.0390625 0.0515625
1 0.45390625 0.1703125 0.0390625 0.0609375
1 0.75390625 0.92578125 0.0390625 0.0546875
1 0.6234375 0.978125 0.040625 0.04375
0 0.82578125 0.62265625 0.0640625 0.0890625
1 0.63125 0.0390625 0.04375 0.0546875
1 0.13203125 0.9453125 0.0375 0.0546875
0 0.51953125 0.23515625 0.05 0.0953125
1 0.9546875 0.865625 0.0375 0.05
1 0.59609375 0.53671875 0.0375 0.0515625
1 0.384375 0.6328125 0.0375 0.0515625
1 0.9765625 0.33203125 0.040625 0.053125
1 0.9203125 0.784375 0.0390625 0.0515625
1 0.75234375 0.63359375 0.0359375 0.0484375
1 0.3625 0.4515625 0.0375 0.053125
1 0.95859375 0.48671875 0.04375 0.0609375
1 0.69296875 0.52890625 0.0390625 0.053125
1 0.5828125 0.82734375 0.034375 0.04375
1 0.6015625 0.30859375 0.0375 0.0515625
1 0.5265625 0.7703125 0.0421875 0.05
1 0.2609375 0.16484375 0.0421875 0.0515625
1 0.7671875 0.34765625 0.0390625 0.0515625
1 0.028125 0.93203125 0.04375 0.05625
1 0.65625 0.1609375 0.040625 0.05
1 0.4828125 0.896875 0.040625 0.0515625
1 0.421875 0.878125 0.0375 0.05
1 0.20859375 0.54296875 0.0375 0.05
1 0.8734375 0.203125 0.0390625 0.0546875
1 0.67265625 0.271875 0.040625 0.05625
1 0.08828125 0.2078125 0.0421875 0.053125
1 0.52890625 0.4546875 0.0375 0.0515625
1 0.9265625 0.3375 0.0359375 0.0546875
1 0.12421875 0.0265625 0.0546875 0.053125
1 0.03515625 0.5765625 0.0421875 0.0578125
1 0.24609375 0.92421875 0.0390625 0.0515625
1 0.746875 0.15390625 0.0375 0.0515625
1 0.30390625 0.8265625 0.0375 0.053125
1 0.23359375 0.79453125 0.0390625 0.0578125
1 0.69609375 0.0609375 0.0390625 0.046875
0 0.75859375 0.740625 0.0484375 0.084375
1 0.41796875 0.52265625 0.040625 0.05
1 0.2234375 0.45546875 0.0421875 0.05
1 0.6703125 0.78984375 0.0375 0.0515625
1 0.22890625 0.2203125 0.0390625 0.053125
1 0.18125 0.96015625 0.0328125 0.0421875
1 0.70625 0.66640625 0.0359375 0.0515625
1 0.18046875 0.403125 0.0328125 0.04375
1 0.42421875 0.6984375 0.040625 0.0515625
1 0.9078125 0.66796875 0.0328125 0.046875
1 0.20078125 0.8578125 0.040625 0.053125
1 0.146875 0.5640625 0.0359375 0.046875
1 0.38359375 0.30625 0.0375 0.0546875
1 0.34453125 0.7109375 0.034375 0.0484375
1 0.05390625 0.66875 0.0375 0.05
1 0.97265625 0.93203125 0.0390625 0.0484375
1 0.20390625 0.3015625 0.046875 0.0515625
1 0.8359375 0.78515625 0.0359375 0.046875
1 0.38359375 0.81796875 0.0390625 0.05
1 0.46015625 0.8046875 0.0375 0.046875
1 0.10390625 0.75078125 0.04375 0.0578125
1 0.7984375 0.096875 0.0375 0.04375
1 0.04609375 0.7546875 0.0375 0.0515625
1 0.078125 0.9390625 0.0375 0.0484375
1 0.72265625 0.27421875 0.0390625 0.046875
1 0.13671875 0.30546875 0.0390625 0.05
1 0.1515625 0.4421875 0.0375 0.046875
1 0.04609375 0.840625 0.0375 0.046875
1 0.28359375 0.734375 0.040625 0.0515625
1 0.8796875 0.11796875 0.0390625 0.0421875
1 0.65234375 0.47109375 0.0359375 0.046875
1 0.753125 0.0171875 0.0453125 0.034375
1 0.90390625 0.98984375 0.0375 0.0203125