0 0.2484375 0.4296875 0.0578125 0.096875
1 0.94296875 0.97890625 0.040625 0.0421875
1 0.6265625 0.3890625 0.0484375 0.065625
1 0.2015625 0.83125 0.040625 0.0578125
0 0.96640625 0.8796875 0.059375 0.1015625
1 0.26796875 0.05859375 0.040625 0.05
0 0.71484375 0.915625 0.0828125 0.0671875
1 0.35859375 0.190625 0.0453125 0.0625
1 0.98046875 0.43984375 0.0390625 0.05625
1 0.71484375 0.7859375 0.040625 0.0546875
1 0.0859375 0.6140625 0.040625 0.0546875
1 0.29453125 0.26796875 0.0453125 0.0671875
1 0.084375 0.35390625 0.0390625 0.0484375
1 0.203125 0.60234375 0.0375 0.0515625
1 0.30234375 0.834375 0.0390625 0.059375
1 0.203125 0.94296875 0.046875 0.0609375
1 0.5140625 0.1046875 0.04375 0.0515625
1 0.08984375 0.13046875 0.0421875 0.0515625
1 0.8015625 0.24375 0.0390625 0.0515625
1 0.0171875 0.734375 0.034375 0.0546875
1 0.38515625 0.44453125 0.0390625 0.059375
1 0.70859375 0.253125 0.0359375 0.0484375
1 0.74765625 0.590625 0.0390625 0.0578125
1 0.04375 0.22421875 0.0375 0.0515625
1 0.62734375 0.62265625 0.040625 0.0578125
1 0.4375 0.5765625 0.0359375 0.05625
1 0.54140625 0.33984375 0.0390625 0.05625
1 0.9484375 0.134375 0.0390625 0.0515625
1 0.803125 0.5453125 0.040625 0.0515625
1 0.28671875 0.56328125 0.0359375 0.0515625
1 0.5671875 0.75859375 0.040625 0.0515625
1 0.278125 0.66328125 0.0375 0.0515625
1 0.4609375 0.93125 0.0421875 0.059375
1 0.28203125 0.94921875 0.0359375 0.0484375
1 0.71484375 0.51328125 0.0390625 0.0515625
1 0.87421875 0.93125 0.040625 0.05
1 0.7890625 0.4578125 0.040625 0.053125
1 0.240625 0.146875 0.040625 0.05
1 0.14453125 0.9109375 0.040625 0.053125
1 0.41171875 0.78671875 0.0390625 0.0546875
1 0.30703125 0.47109375 0.0390625 0.0546875
1 0.89453125 0.42109375 0.0375 0.053125
1 0.0203125 0.81640625 0.040625 0.053125
1 0.9140625 0.28046875 0.0546875 0.065625
1 0.06015625 0.93125 0.04375 0.05625
1 0.04765625 0.4234375 0.040625 0.0515625
1 0.86171875 0.23046875 0.0421875 0.0578125
0 0.4796875 0.02734375 0.0625 0.0546875
1 0.48828125 0.49296875 0.0375 0.05
1 0.8390625 0.12265625 0.04375 0.05625
1 0.2234375 0.51484375 0.034375 0.046875
1 0.434375 0.4875 0.0375 0.046875
1 0.87109375 0.82890625 0.0390625 0.0546875
1 0.12734375 0.07265625 0.0421875 0.0484375
1 0.08359375 0.74609375 0.040625 0.0546875
1 0.1109375 0.48046875 0.034375 0.05
1 0.646875 0.0390625 0.0390625 0.04375
1 0.1734375 0.51640625 0.0359375 0.0515625
1 0.61484375 0.52734375 0.0359375 0.05
1 0.5140625 0.83203125 0.0359375 0.0515625
1 0.0296875 0.5296875 0.0421875 0.0578125
1 0.06015625 0.04296875 0.0421875 0.046875
1 0.909375 0.58984375 0.0375 0.05625
1 0.78515625 0.02734375 0.0375 0.0453125
1 0.7390625 0.0328125 0.0359375 0.04375
1 0.54140625 0.59296875 0.028125 0.0421875
1 0.8140625 0.33203125 0.0390625 0.0484375
1 0.12890625 0.70546875 0.0359375 0.0546875
1 0.228125 0.740625 0.0359375 0.0484375
1 0.1796875 0.69921875 0.034375 0.0546875
1 0.75390625 0.2796875 0.0359375 0.053125
1 0.92734375 0.359375 0.0375 0.0515625
1 0.9328125 0.6609375 0.0421875 0.05
1 0.59375 0.93984375 0.0328125 0.04375
1 0.08125 0.846875 0.0484375 0.05625
1 0.02265625 0.103125 0.04375 0.05625
1 0.3046875 0.13828125 0.040625 0.046875
1 0.3484375 0.1125 0.0375 0.04375
1 0.6015625 0.11328125 0.04375 0.04375
1 0.7109375 0.078125 0.034375 0.0453125
1 0.78046875 0.09140625 0.0359375 0.04375
1 0.7734375 0.38125 0.0421875 0.046875
1 0.6875 0.39140625 0.046875 0.0625
1 0.84765625 0.60859375 0.0453125 0.0515625
1 0.80703125 0.8 0.034375 0.04375
1 0.9203125 0.82734375 0.034375 0.0453125
1 0.471875 0.79140625 0.0421875 0.05
1 0.51796875 0.21640625 0.0390625 0.0515625
1 0.44453125 0.21875 0.034375 0.040625
1 0.14453125 0.18671875 0.0453125 0.0609375
1 0.365625 0.015625 0.0421875 0.03125
1 0.853125 0.0125 0.0375 0.025
1 0.98671875 0.52734375 0.0265625 0.0609375
1 0.87109375 0.9921875 0.03125 0.015625