0 0.3078125 0.9203125 0.0640625 0.09375
1 0.95078125 0.22109375 0.053125 0.0671875
1 0.828125 0.36015625 0.040625 0.0515625
1 0.140625 0.2546875 0.0390625 0.0515625
1 0.50078125 0.71484375 0.0390625 0.053125
1 0.59453125 0.41875 0.040625 0.05
1 0.76640625 0.03359375 0.046875 0.0640625
1 0.825 0.80859375 0.0390625 0.0515625
1 0.6265625 0.73984375 0.040625 0.0484375
1 0.8734375 0.79375 0.0375 0.0484375
1 0.34140625 0.03671875 0.0390625 0.0546875
1 0.7671875 0.215625 0.0421875 0.053125
1 0.21796875 0.51640625 0.040625 0.053125
1 0.21640625 0.684375 0.040625 0.0546875
1 0.384375 0.090625 0.0390625 0.0515625
1 0.36796875 0.97734375 0.0390625 0.0453125
1 0.0265625 0.315625 0.0421875 0.053125
1 0.17734375 0.34921875 0.0390625 0.0546875
1 0.57421875 0.93828125 0.040625 0.05
1 0.6984375 0.48203125 0.0359375 0.0453125
1 0.5671875 0.7375 0.0375 0.0421875
1 0.821875 0.14921875 0.04375 0.0515625
1 0.640625 0.28984375 0.040625 0.0546875
1 0.890625 0.89375 0.040625 0.0546875
1 0.48671875 0.64375 0.0375 0.0515625
1 0.77109375 0.8140625 0.0390625 0.0546875
1 0.32578125 0.52734375 0.040625 0.0515625
1 0.734375 0.67578125 0.0421875 0.0546875
1 0.6640625 0.428125 0.0359375 0.0421875
1 0.384375 0.496875 0.0390625 0.05
1 0.2578125 0.60390625 0.0390625 0.0515625
1 0.1703125 0.7609375 0.040625 0.0578125
1 0.7078125 0.19765625 0.0421875 0.05
1 0.38359375 0.2859375 0.046875 0.0671875
1 0.26953125 0.1984375 0.0375 0.05
0 0.0875 0.853125 0.0484375 0.078125
1 0.41875 0.778125 0.0375 0.05
1 0.484375 0.46953125 0.040625 0.046875
1 0.82734375 0.884375 0.040625 0.053125
1 0.24140625 0.4296875 0.0390625 0.05
1 0.046875 0.6078125 0.0421875 0.05
1 0.3015625 0.6328125 0.0390625 0.053125
1 0.6203125 0.02265625 0.046875 0.0453125
1 0.22265625 0.1015625 0.040625 0.0546875
1 0.696875 0.2625 0.0390625 0.0484375
1 0.87734375 0.29140625 0.040625 0.0515625
1 0.43515625 0.534375 0.0421875 0.0515625
0 0.29765625 0.7203125 0.075 0.0671875
1 0.959375 0.97578125 0.040625 0.0484375
1 0.93359375 0.4703125 0.040625 0.0484375
1 0.5328125 0.271875 0.04375 0.059375
1 0.878125 0.40546875 0.0359375 0.0453125
1 0.42578125 0.8953125 0.0359375 0.04375
1 0.01953125 0.05625 0.0390625 0.05625
1 0.55078125 0.6234375 0.0375 0.05
1 0.0546875 0.78828125 0.040625 0.046875
1 0.98125 0.75234375 0.034375 0.04375
1 0.58046875 0.8046875 0.04375 0.053125
1 0.85546875 0.2125 0.0453125 0.05
1 0.47421875 0.7859375 0.0359375 0.0421875
1 0.33203125 0.175 0.0375 0.0453125
1 0.11328125 0.5 0.0359375 0.053125
1 0.34609375 0.58515625 0.034375 0.04375
1 0.36015625 0.83828125 0.0390625 0.0453125
1 0.9859375 0.15078125 0.028125 0.0578125
1 0.4203125 0.9671875 0.040625 0.0484375
1 0.71171875 0.596875 0.0359375 0.04375
0 0.61640625 0.5875 0.04375 0.0921875
1 0.5875 0.17578125 0.0421875 0.0484375
1 0.66640625 0.575 0.0328125 0.0390625
1 0.84296875 0.03359375 0.0390625 0.053125
1 0.77109375 0.93203125 0.034375 0.040625
1 0.3921875 0.6140625 0.0359375 0.0484375
1 0.52109375 0.83828125 0.03125 0.0421875
1 0.08359375 0.35078125 0.0375 0.0484375
1 0.6234375 0.89140625 0.04375 0.046875
1 0.94921875 0.9140625 0.0359375 0.04375
1 0.06875 0.68671875 0.0421875 0.046875
1 0.1359375 0.921875 0.0375 0.0453125
1 0.51484375 0.89765625 0.034375 0.04375
1 0.3578125 0.709375 0.0359375 0.040625
1 0.928125 0.6515625 0.0390625 0.05
1 0.865625 0.6390625 0.0375 0.0390625
0 0.68125 0.83984375 0.046875 0.1015625
1 0.6828125 0.728125 0.034375 0.0421875
1 0.79921875 0.7234375 0.0375 0.04375
1 0.65859375 0.08359375 0.0359375 0.0421875
1 0.32421875 0.25234375 0.0328125 0.0421875
1 0.33515625 0.446875 0.0390625 0.05
1 0.70078125 0.36953125 0.0328125 0.0453125
1 0.70546875 0.0109375 0.0375 0.021875
1 0.984375 0.3328125 0.03125 0.0453125
1 0.4765625 0.98203125 0.0375 0.0359375
1 0.00859375 0.90390625 0.0171875 0.0375
1 0.07265625 0.99453125 0.028125 0.0109375