1 0.69453125 0.83359375 0.04375 0.053125
0 0.74375 0.5296875 0.0828125 0.0640625
1 0.83984375 0.33359375 0.0515625 0.0625
1 0.89765625 0.4109375 0.0421875 0.053125
1 0.89296875 0.11328125 0.040625 0.05625
1 0.29296875 0.73671875 0.05 0.065625
1 0.36640625 0.6921875 0.0421875 0.0484375
1 0.69765625 0.93125 0.04375 0.053125
1 0.3015625 0.61875 0.05 0.0640625
1 0.22890625 0.8265625 0.0390625 0.053125
1 0.503125 0.88671875 0.040625 0.05
1 0.2140625 0.9171875 0.0359375 0.05
1 0.43046875 0.784375 0.04375 0.0515625
1 0.259375 0.546875 0.0453125 0.0453125
1 0.96640625 0.24765625 0.0421875 0.059375
1 0.49140625 0.3125 0.0390625 0.053125
1 0.45625 0.428125 0.0390625 0.0515625
1 0.65 0.64140625 0.0421875 0.05
0 0.1140625 0.25546875 0.0671875 0.075
1 0.21640625 0.253125 0.0359375 0.0546875
1 0.94453125 0.71875 0.040625 0.05625
1 0.86328125 0.6546875 0.04375 0.059375
1 0.515625 0.80703125 0.04375 0.05
1 0.98515625 0.35 0.0296875 0.040625
1 0.79609375 0.46875 0.04375 0.0515625
1 0.83125 0.7671875 0.0375 0.0546875
1 0.63046875 0.5703125 0.04375 0.053125
1 0.64296875 0.51015625 0.0421875 0.053125
1 0.084375 0.0296875 0.0390625 0.05625
1 0.059375 0.20859375 0.0390625 0.0484375
1 0.35 0.921875 0.040625 0.053125
1 0.84453125 0.196875 0.0421875 0.0578125
1 0.93203125 0.62421875 0.040625 0.0546875
1 0.521875 0.53828125 0.0453125 0.059375
1 0.16015625 0.909375 0.0375 0.0484375
1 0.528125 0.4421875 0.0421875 0.053125
1 0.7828125 0.24140625 0.0359375 0.053125
1 0.3484375 0.15546875 0.0421875 0.0625
1 0.29609375 0.4515625 0.046875 0.05625
1 0.0421875 0.31015625 0.0390625 0.053125
1 0.6078125 0.69921875 0.04375 0.0484375
1 0.2921875 0.8390625 0.0390625 0.0453125
1 0.64296875 0.17578125 0.040625 0.0546875
1 0.1375 0.10234375 0.04375 0.059375
1 0.215625 0.3328125 0.040625 0.046875
1 0.659375 0.10546875 0.040625 0.0515625
1 0.13359375 0.75078125 0.0390625 0.05
1 0.8953125 0.83125 0.0359375 0.05625
1 0.503125 0.9578125 0.0421875 0.0515625
1 0.44765625 0.03671875 0.040625 0.053125
1 0.87421875 0.25078125 0.040625 0.053125
1 0.94296875 0.47421875 0.04375 0.05625
1 0.41640625 0.28515625 0.0328125 0.04375
1 0.1578125 0.81640625 0.040625 0.046875
1 0.50234375 0.08046875 0.0359375 0.046875
1 0.51875 0.65546875 0.040625 0.046875
0 0.31796875 0.03203125 0.059375 0.0640625
1 0.49375 0.20703125 0.0359375 0.0515625
1 0.36328125 0.37890625 0.040625 0.0484375
1 0.69296875 0.3375 0.04375 0.046875
1 0.08125 0.59765625 0.0375 0.0515625
1 0.309375 0.24609375 0.040625 0.0546875
0 0.39921875 0.45390625 0.0765625 0.0640625
1 0.65390625 0.025 0.0375 0.05
0 0.13515625 0.65625 0.053125 0.08125
0 0.96328125 0.12578125 0.0609375 0.05
1 0.76015625 0.6109375 0.0390625 0.05
1 0.884375 0.92734375 0.0453125 0.0484375
1 0.50703125 0.721875 0.0359375 0.0421875
1 0.0640625 0.83515625 0.0375 0.0515625
1 0.0484375 0.38203125 0.034375 0.0515625
1 0.0625 0.44921875 0.0359375 0.0453125
1 0.1609375 0.1703125 0.0375 0.0453125
1 0.2890625 0.3578125 0.040625 0.04375
1 0.38046875 0.22734375 0.0328125 0.0421875
1 0.45390625 0.16484375 0.034375 0.040625
1 0.49921875 0.14921875 0.034375 0.0453125
1 0.55546875 0.0875 0.034375 0.040625
1 0.60625 0.08125 0.034375 0.04375
1 0.8171875 0.13046875 0.040625 0.05
1 0.65234375 0.38984375 0.04375 0.046875
1 0.415625 0.6125 0.0390625 0.0421875
1 0.4328125 0.66328125 0.0296875 0.040625
1 0.453125 0.85 0.028125 0.0328125
1 0.2 0.696875 0.03125 0.04375
1 0.14375 0.01796875 0.0453125 0.0359375
1 0.009375 0.04453125 0.01875 0.046875
1 0.99140625 0.85390625 0.0171875 0.0484375
1 0.19609375 0.9890625 0.0375 0.021875
1 0.0890625 0.9875 0.034375 0.025