0 0.1859375 0.07734375 0.059375 0.0921875
0 0.11796875 0.57578125 0.084375 0.084375
0 0.0421875 0.784375 0.0671875 0.0875
1 0.44140625 0.34609375 0.0390625 0.0484375
1 0.2265625 0.1421875 0.0390625 0.0515625
1 0.13203125 0.13359375 0.040625 0.053125
1 0.21875 0.42578125 0.0390625 0.053125
0 0.540625 0.7015625 0.071875 0.08125
1 0.4640625 0.4515625 0.0390625 0.0546875
0 0.49921875 0.5984375 0.059375 0.0984375
1 0.0859375 0.209375 0.040625 0.0515625
1 0.59453125 0.26796875 0.0359375 0.0484375
1 0.825 0.4203125 0.040625 0.0578125
1 0.31953125 0.43515625 0.0390625 0.05
1 0.87265625 0.8859375 0.04375 0.05
1 0.58046875 0.78984375 0.04375 0.065625
1 0.25 0.5421875 0.0390625 0.04375
1 0.2859375 0.48828125 0.0375 0.0484375
1 0.56875 0.18984375 0.040625 0.053125
1 0.18125 0.85703125 0.0359375 0.05
1 0.678125 0.22578125 0.040625 0.05
1 0.35 0.371875 0.0390625 0.0546875
1 0.27734375 0.6109375 0.040625 0.05
1 0.74453125 0.1828125 0.046875 0.0515625
1 0.1484375 0.3515625 0.040625 0.0515625
1 0.62265625 0.134375 0.040625 0.053125
1 0.896875 0.0640625 0.040625 0.05625
1 0.3296875 0.6515625 0.0390625 0.0515625
1 0.80546875 0.83203125 0.040625 0.05
1 0.2453125 0.83359375 0.0375 0.0515625
1 0.88125 0.49921875 0.0390625 0.0484375
1 0.7953125 0.50546875 0.040625 0.053125
1 0.05 0.43671875 0.0390625 0.04375
1 0.6484375 0.4234375 0.0390625 0.05
1 0.7203125 0.5140625 0.040625 0.0484375
1 0.62578125 0.56015625 0.03125 0.0390625
1 0.728125 0.61796875 0.0359375 0.0515625
1 0.66875 0.296875 0.0390625 0.053125
1 0.58359375 0.65625 0.0328125 0.040625
1 0.3671875 0.11015625 0.040625 0.0515625
1 0.30703125 0.865625 0.0359375 0.0421875
1 0.7734375 0.26640625 0.04375 0.06875
1 0.88046875 0.353125 0.0453125 0.0703125
1 0.6578125 0.89921875 0.0390625 0.053125
1 0.5953125 0.60234375 0.03125 0.0359375
1 0.2015625 0.3 0.0375 0.0484375
1 0.18671875 0.5421875 0.0390625 0.0515625
1 0.2515625 0.04921875 0.0390625 0.053125
1 0.9734375 0.55 0.0421875 0.0546875
1 0.05859375 0.12109375 0.0375 0.05
1 0.5375 0.51875 0.040625 0.05625
1 0.371875 0.22734375 0.0390625 0.04375
0 0.1015625 0.890625 0.05625 0.0734375
1 0.02734375 0.653125 0.0375 0.046875
1 0.33359375 0.775 0.040625 0.0515625
1 0.30234375 0.27421875 0.0390625 0.0484375
1 0.45625 0.67421875 0.034375 0.046875
1 0.625 0.696875 0.0421875 0.0515625
1 0.7515625 0.03671875 0.0359375 0.046875
1 0.18984375 0.9296875 0.0359375 0.04375
1 0.10625 0.290625 0.0375 0.04375
1 0.98515625 0.0921875 0.0296875 0.053125
1 0.525 0.390625 0.0390625 0.0421875
0 0.29609375 0.965625 0.0625 0.053125
1 0.59296875 0.4375 0.0359375 0.046875
1 0.509375 0.25234375 0.0421875 0.05
1 0.3125 0.125 0.0359375 0.040625
1 0.3625 0.91171875 0.0375 0.046875
1 0.93046875 0.6359375 0.0359375 0.0515625
1 0.6546875 0.78203125 0.0375 0.0484375
1 0.73046875 0.76640625 0.0390625 0.046875
1 0.39765625 0.609375 0.0375 0.046875
1 0.2703125 0.17265625 0.0375 0.0515625
1 0.44453125 0.15390625 0.0375 0.0453125
1 0.43203125 0.06171875 0.040625 0.05625
1 0.9234375 0.153125 0.0421875 0.0515625
1 0.70703125 0.44140625 0.0453125 0.05
1 0.40625 0.76015625 0.03125 0.0375
1 0.43515625 0.81171875 0.03125 0.0359375
1 0.11328125 0.4875 0.0359375 0.0484375
1 0.36171875 0.50859375 0.0328125 0.0390625
1 0.228125 0.74765625 0.034375 0.04375
1 0.2890625 0.7375 0.0296875 0.0359375
1 0.46640625 0.96875 0.040625 0.04375
1 0.51796875 0.96328125 0.0421875 0.0484375
1 0.934375 0.92421875 0.04375 0.053125
1 0.06484375 0.009375 0.03125 0.01875
1 0.98515625 0.75 0.0296875 0.0546875
1 0.98671875 0.92578125 0.0265625 0.0484375
1 0.40546875 0.9796875 0.0421875 0.040625
1 0.02578125 0.984375 0.0375 0.03125
1 0.0078125 0.50234375 0.015625 0.0375
1 0.00703125 0.3515625 0.0140625 0.0453125