1 0.58984375 0.46484375 0.0421875 0.05
1 0.71328125 0.46484375 0.0390625 0.05
1 0.9265625 0.86484375 0.034375 0.040625
0 0.86328125 0.96953125 0.0640625 0.0609375
1 0.93046875 0.34375 0.040625 0.05
1 0.3171875 0.03046875 0.0421875 0.046875
1 0.0234375 0.2890625 0.040625 0.05
1 0.3703125 0.36015625 0.0359375 0.0453125
1 0.87421875 0.61328125 0.0390625 0.0421875
1 0.10703125 0.13828125 0.040625 0.0484375
1 0.66015625 0.6828125 0.0421875 0.0515625
1 0.9640625 0.94453125 0.0359375 0.040625
1 0.765625 0.8078125 0.040625 0.05
1 0.72890625 0.6875 0.0390625 0.053125
1 0.8359375 0.77421875 0.040625 0.0515625
1 0.62578125 0.27421875 0.0421875 0.053125
1 0.1671875 0.94140625 0.040625 0.0515625
1 0.27109375 0.18046875 0.04375 0.0484375
1 0.34921875 0.925 0.0390625 0.0484375
1 0.6421875 0.80625 0.040625 0.040625
0 0.12578125 0.6046875 0.0640625 0.084375
1 0.43671875 0.79921875 0.040625 0.05
1 0.77578125 0.321875 0.0390625 0.0515625
1 0.3734375 0.9828125 0.040625 0.034375
1 0.21796875 0.94296875 0.0390625 0.0453125
1 0.56640625 0.67578125 0.0421875 0.05
1 0.8671875 0.678125 0.0390625 0.0421875
1 0.88671875 0.22109375 0.0421875 0.05
1 0.75703125 0.88203125 0.0390625 0.046875
1 0.70625 0.34140625 0.0390625 0.05
1 0.3765625 0.140625 0.0421875 0.0484375
1 0.41953125 0.93046875 0.04375 0.05
1 0.159375 0.67109375 0.0390625 0.0546875
1 0.5 0.271875 0.0484375 0.0578125
0 0.971875 0.26328125 0.04375 0.0484375
1 0.90625 0.47578125 0.0359375 0.0421875
1 0.21484375 0.56015625 0.04375 0.053125
1 0.1890625 0.0390625 0.0375 0.04375
0 0.48359375 0.9546875 0.04375 0.0765625
1 0.09375 0.25078125 0.04375 0.0546875
1 0.21171875 0.4453125 0.0390625 0.0578125
1 0.83515625 0.29453125 0.0421875 0.0484375
1 0.82890625 0.1796875 0.046875 0.053125
1 0.43125 0.2375 0.04375 0.05
1 0.75859375 0.0484375 0.0421875 0.05
0 0.6234375 0.38125 0.065625 0.053125
1 0.1390625 0.02265625 0.0375 0.0453125
1 0.53125 0.03203125 0.04375 0.05
0 0.615625 0.89453125 0.0671875 0.075
1 0.80703125 0.47890625 0.0375 0.0390625
1 0.565625 0.3078125 0.040625 0.05
1 0.86015625 0.87890625 0.040625 0.05
1 0.39765625 0.434375 0.0421875 0.0515625
1 0.678125 0.10859375 0.04375 0.0515625
1 0.29375 0.58984375 0.0390625 0.046875
1 0.25 0.01953125 0.0375 0.0390625
1 0.0171875 0.546875 0.034375 0.0515625
1 0.28125 0.11796875 0.0421875 0.0453125
1 0.015625 0.03828125 0.03125 0.0484375
1 0.07109375 0.01796875 0.028125 0.0359375
1 0.046875 0.4140625 0.0390625 0.0453125
1 0.6890625 0.21875 0.046875 0.0484375
1 0.6515625 0.02109375 0.046875 0.0421875
0 0.9203125 0.7078125 0.0578125 0.0828125
1 0.775 0.23671875 0.04375 0.0453125
1 0.5421875 0.596875 0.0421875 0.0484375
1 0.45390625 0.5546875 0.0359375 0.040625
1 0.4953125 0.55625 0.034375 0.0390625
1 0.23046875 0.0921875 0.040625 0.040625
0 0.97890625 0.34296875 0.0421875 0.078125
1 0.4359375 0.34921875 0.046875 0.0515625
1 0.121875 0.41875 0.0375 0.04375
1 0.1328125 0.46953125 0.034375 0.040625
1 0.3015625 0.26875 0.0421875 0.046875
1 0.1125 0.30546875 0.0390625 0.0484375
1 0.57109375 0.7796875 0.0421875 0.0484375
1 0.60625 0.58203125 0.0390625 0.04375
1 0.95703125 0.4828125 0.04375 0.0484375
1 0.7625 0.10625 0.0421875 0.0484375
1 0.17734375 0.8703125 0.0421875 0.0484375
1 0.2625 0.88984375 0.0375 0.0421875
1 0.86015625 0.44140625 0.0359375 0.0421875
0 0.1515625 0.76953125 0.0578125 0.08125
1 0.88984375 0.15 0.0359375 0.040625
1 0.62578125 0.6375 0.04375 0.046875
1 0.0640625 0.48828125 0.0421875 0.0484375
1 0.2328125 0.7609375 0.0359375 0.04375
1 0.23125 0.63984375 0.0328125 0.0390625
1 0.3609375 0.7265625 0.0375 0.0453125
1 0.353125 0.67421875 0.0359375 0.0421875
1 0.5421875 0.97265625 0.0359375 0.04375
1 0.31875 0.3546875 0.034375 0.0390625
1 0.4609375 0.68671875 0.0375 0.04375
1 0.4265625 0.98359375 0.040625 0.0328125
1 0.65859375 0.9890625 0.0453125 0.021875
1 0.5890625 0.01015625 0.040625 0.0203125
1 0.009375 0.6125 0.01875 0.05625