1 0.4296875 0.0390625 0.05 0.0640625
1 0.803125 0.359375 0.0421875 0.0546875
0 0.4984375 0.43515625 0.0484375 0.078125
1 0.14765625 0.503125 0.0421875 0.053125
1 0.7296875 0.43515625 0.0390625 0.05
1 0.35 0.265625 0.040625 0.0453125
1 0.6171875 0.31171875 0.034375 0.0375
1 0.21484375 0.30546875 0.0421875 0.0453125
1 0.89375 0.9578125 0.0390625 0.05
1 0.32578125 0.43203125 0.04375 0.05
1 0.32890625 0.640625 0.0390625 0.046875
1 0.5328125 0.86171875 0.0390625 0.046875
1 0.42890625 0.73984375 0.040625 0.05
1 0.7953125 0.22890625 0.0390625 0.0484375
1 0.78046875 0.8390625 0.0390625 0.046875
0 0.4859375 0.54296875 0.05625 0.0953125
1 0.94765625 0.48203125 0.040625 0.05
1 0.64375 0.38984375 0.0390625 0.046875
1 0.20859375 0.2328125 0.040625 0.046875
1 0.796875 0.44765625 0.0421875 0.0484375
1 0.16484375 0.365625 0.040625 0.0453125
1 0.76875 0.10078125 0.0421875 0.0453125
1 0.35390625 0.565625 0.0359375 0.0359375
1 0.57109375 0.38828125 0.040625 0.05
1 0.95859375 0.98203125 0.0375 0.0359375
0 0.42265625 0.30703125 0.059375 0.059375
1 0.8984375 0.48046875 0.0390625 0.0515625
1 0.415625 0.4453125 0.0390625 0.0453125
1 0.27734375 0.78359375 0.0390625 0.0546875
1 0.1453125 0.24296875 0.04375 0.05
1 0.91328125 0.7828125 0.034375 0.040625
1 0.83359375 0.76484375 0.03125 0.0359375
1 0.1828125 0.7640625 0.0390625 0.0515625
1 0.10859375 0.9046875 0.0375 0.05
1 0.53828125 0.6796875 0.0328125 0.0421875
1 0.64453125 0.17265625 0.034375 0.04375
1 0.01328125 0.3296875 0.0265625 0.05
1 0.0359375 0.16015625 0.0375 0.040625
1 0.1984375 0.42421875 0.040625 0.0453125
1 0.209375 0.10234375 0.040625 0.0484375
1 0.87421875 0.87578125 0.0375 0.046875
1 0.3453125 0.12265625 0.0390625 0.046875
1 0.7453125 0.24375 0.0359375 0.046875
1 0.0484375 0.06953125 0.0390625 0.046875
1 0.43515625 0.79765625 0.0328125 0.0375
1 0.31015625 0.04375 0.0453125 0.053125
1 0.85234375 0.71171875 0.0453125 0.04375
1 0.034375 0.75 0.0390625 0.0484375
1 0.05078125 0.9375 0.0328125 0.040625
1 0.0625 0.23671875 0.0375 0.040625
1 0.5625 0.94375 0.0390625 0.0515625
1 0.39609375 0.83984375 0.0328125 0.0359375
1 0.24609375 0.653125 0.0421875 0.0546875
1 0.3828125 0.5046875 0.0359375 0.04375
0 0.1578125 0.02265625 0.059375 0.0453125
1 0.534375 0.79453125 0.040625 0.05
1 0.43359375 0.51953125 0.03125 0.0390625
1 0.3171875 0.74765625 0.0390625 0.05
1 0.4953125 0.2078125 0.0421875 0.053125
0 0.740625 0.6421875 0.05625 0.059375
1 0.85 0.51171875 0.0421875 0.0515625
1 0.69140625 0.17734375 0.0390625 0.0453125
1 0.8 0.15 0.034375 0.040625
1 0.10703125 0.01796875 0.034375 0.0359375
1 0.5953125 0.8828125 0.0390625 0.04375
1 0.9109375 0.25390625 0.03125 0.0375
1 0.89765625 0.39453125 0.0390625 0.046875
1 0.321875 0.19140625 0.040625 0.0421875
1 0.18984375 0.8890625 0.0375 0.0484375
1 0.11875 0.68203125 0.040625 0.05
1 0.76328125 0.76015625 0.0328125 0.040625
0 0.03828125 0.8375 0.0671875 0.04375
1 0.6078125 0.609375 0.0328125 0.0421875
1 0.9421875 0.3078125 0.0328125 0.0390625
1 0.9703125 0.74375 0.0390625 0.046875
1 0.9578125 0.3875 0.0421875 0.05
1 0.715625 0.5109375 0.0421875 0.0453125
1 0.7625 0.9359375 0.034375 0.0390625
1 0.45703125 0.9125 0.034375 0.0375
0 0.09453125 0.31015625 0.05 0.0484375
1 0.78359375 0.61328125 0.040625 0.0453125
1 0.71875 0.3046875 0.0375 0.0421875
1 0.1109375 0.7359375 0.040625 0.059375
1 0.38359375 0.91015625 0.03125 0.0359375
1 0.8109375 0.57109375 0.0421875 0.0515625
1 0.92421875 0.5890625 0.0328125 0.0515625
1 0.95078125 0.5640625 0.0359375 0.0484375
1 0.9625 0.16015625 0.03125 0.040625
1 0.63671875 0.7421875 0.0359375 0.05
1 0.68359375 0.91640625 0.0375 0.053125
1 0.2671875 0.50703125 0.03125 0.0421875
1 0.24609375 0.45 0.034375 0.0390625
1 0.64609375 0.25859375 0.034375 0.046875