0 0.50859375 0.0515625 0.0609375 0.1015625
1 0.2703125 0.415625 0.05 0.0640625
1 0.56328125 0.50078125 0.0390625 0.046875
1 0.56484375 0.096875 0.0390625 0.05
1 0.55234375 0.36796875 0.0421875 0.0515625
1 0.6921875 0.30390625 0.0390625 0.05
1 0.08984375 0.6453125 0.0421875 0.0515625
1 0.56171875 0.975 0.04375 0.05
1 0.39140625 0.48828125 0.0390625 0.0484375
1 0.2125 0.77890625 0.0421875 0.0515625
1 0.02734375 0.421875 0.034375 0.0375
1 0.33984375 0.3671875 0.0453125 0.05
0 0.05078125 0.4890625 0.0671875 0.071875
1 0.56796875 0.8875 0.0390625 0.053125
1 0.68046875 0.784375 0.0375 0.0546875
1 0.971875 0.15234375 0.0359375 0.0421875
1 0.7203125 0.1234375 0.0484375 0.0609375
1 0.046875 0.05546875 0.040625 0.046875
1 0.24140625 0.31953125 0.0390625 0.0484375
1 0.49296875 0.34375 0.0421875 0.0484375
1 0.95390625 0.81640625 0.0390625 0.0515625
1 0.615625 0.2296875 0.0421875 0.0546875
1 0.1953125 0.396875 0.0390625 0.046875
1 0.15859375 0.70625 0.040625 0.0515625
1 0.43125 0.29375 0.0421875 0.05
1 0.7046875 0.61328125 0.0390625 0.05
1 0.525 0.8703125 0.040625 0.0546875
1 0.04609375 0.921875 0.040625 0.05
1 0.809375 0.20703125 0.040625 0.0484375
1 0.690625 0.43671875 0.0375 0.053125
1 0.80859375 0.13203125 0.0421875 0.05
1 0.26640625 0.1625 0.040625 0.0515625
0 0.52734375 0.22265625 0.06875 0.1078125
1 0.21875 0.57421875 0.04375 0.0515625
1 0.3703125 0.09765625 0.04375 0.0546875
1 0.665625 0.5765625 0.0328125 0.0375
1 0.434375 0.04375 0.0421875 0.0546875
1 0.2109375 0.6765625 0.040625 0.0546875
1 0.465625 0.78046875 0.040625 0.05625
1 0.31875 0.24375 0.040625 0.046875
1 0.44765625 0.5609375 0.040625 0.0515625
1 0.40546875 0.15 0.0421875 0.0484375
0 0.8734375 0.315625 0.0578125 0.059375
1 0.63203125 0.3875 0.0390625 0.053125
1 0.30625 0.11640625 0.040625 0.05
1 0.24609375 0.25078125 0.0390625 0.0515625
1 0.5296875 0.60390625 0.04375 0.0515625
1 0.87578125 0.03046875 0.0421875 0.05
1 0.521875 0.7546875 0.0359375 0.046875
1 0.95546875 0.365625 0.0390625 0.0546875
1 0.26796875 0.83359375 0.0390625 0.0546875
1 0.62265625 0.13515625 0.04375 0.0515625
1 0.809375 0.26328125 0.040625 0.04375
1 0.3625 0.83984375 0.040625 0.0546875
1 0.11171875 0.17890625 0.0328125 0.0453125
1 0.21171875 0.46484375 0.0375 0.046875
1 0.74609375 0.2984375 0.0390625 0.046875
1 0.978125 0.04609375 0.04375 0.05625
1 0.0375 0.58515625 0.0359375 0.0421875
1 0.40078125 0.378125 0.0421875 0.046875
1 0.1453125 0.9328125 0.0375 0.0421875
1 0.13203125 0.39296875 0.040625 0.04375
1 0.37890625 0.565625 0.0390625 0.05
1 0.86875 0.43984375 0.040625 0.0484375
1 0.56640625 0.7671875 0.0375 0.0484375
1 0.315625 0.4734375 0.0421875 0.053125
1 0.6890625 0.9765625 0.046875 0.046875
1 0.584375 0.6609375 0.0421875 0.053125
0 0.92734375 0.265625 0.046875 0.075
1 0.1015625 0.33046875 0.0421875 0.0515625
1 0.90703125 0.85859375 0.0359375 0.0484375
1 0.45859375 0.896875 0.0421875 0.046875
1 0.87734375 0.5140625 0.040625 0.0484375
1 0.92109375 0.17890625 0.0359375 0.04375
1 0.7140625 0.89140625 0.0375 0.046875
1 0.03515625 0.12265625 0.0421875 0.0515625
1 0.459375 0.6609375 0.040625 0.04375
1 0.671875 0.49140625 0.0328125 0.040625
1 0.1171875 0.85546875 0.0390625 0.046875
0 0.85234375 0.38359375 0.05625 0.0453125
1 0.94296875 0.725 0.0375 0.04375
1 0.79296875 0.5640625 0.0328125 0.0390625
1 0.3921875 0.9390625 0.0515625 0.053125
1 0.1859375 0.8921875 0.0390625 0.046875
1 0.31328125 0.6125 0.0359375 0.046875
1 0.8796875 0.6484375 0.0375 0.046875
1 0.06796875 0.8671875 0.0375 0.04375
1 0.03671875 0.66796875 0.0359375 0.046875
1 0.1140625 0.7796875 0.040625 0.0484375
1 0.33515625 0.91640625 0.0421875 0.046875
1 0.878125 0.93828125 0.0390625 0.046875
1 0.88359375 0.13359375 0.0296875 0.040625
1 0.2625 0.69921875 0.0328125 0.0453125
1 0.33828125 0.671875 0.0375 0.04375
1 0.75546875 0.35703125 0.040625 0.046875
1 0.828125 0.759375 0.0375 0.04375
1 0.35703125 0.98671875 0.04375 0.0265625
1 0.0140625 0.0140625 0.028125 0.028125
1 0.25625 0.0078125 0.0390625 0.015625
1 0.91484375 0.98515625 0.040625 0.0296875
1 0.78515625 0.61171875 0.03125 0.034375
1 0.984375 0.53046875 0.03125 0.040625
1 0.82890625 0.521875 0.0390625 0.0375