1 0.2546875 0.61015625 0.04375 0.05625
0 0.4015625 0.03828125 0.0796875 0.0765625
1 0.70234375 0.965625 0.0421875 0.05
0 0.5703125 0.64296875 0.0734375 0.078125
0 0.4390625 0.6671875 0.0671875 0.0671875
1 0.0390625 0.32421875 0.040625 0.0484375
1 0.1046875 0.16875 0.0421875 0.053125
1 0.56328125 0.484375 0.0421875 0.05625
0 0.72890625 0.1140625 0.078125 0.0703125
1 0.590625 0.79296875 0.0421875 0.05
1 0.834375 0.4125 0.040625 0.0515625
1 0.08671875 0.60390625 0.040625 0.0546875
1 0.190625 0.24140625 0.0421875 0.053125
1 0.32421875 0.9375 0.040625 0.05625
1 0.37109375 0.4375 0.04375 0.05625
1 0.4609375 0.82421875 0.0421875 0.05625
1 0.4203125 0.8859375 0.0359375 0.0421875
1 0.3328125 0.6671875 0.040625 0.0546875
1 0.309375 0.78046875 0.0375 0.053125
1 0.79921875 0.86796875 0.0375 0.0453125
1 0.54296875 0.865625 0.0421875 0.0515625
1 0.065625 0.39453125 0.0390625 0.0515625
1 0.8375 0.58046875 0.0375 0.04375
1 0.25234375 0.075 0.040625 0.0515625
1 0.0515625 0.52578125 0.0390625 0.0546875
1 0.346875 0.36015625 0.04375 0.0515625
1 0.7796875 0.5484375 0.0421875 0.0578125
1 0.8015625 0.7671875 0.0421875 0.0453125
1 0.24375 0.88984375 0.0421875 0.053125
1 0.3875 0.73203125 0.0359375 0.0421875
1 0.5484375 0.74921875 0.0453125 0.05
0 0.07578125 0.2515625 0.06875 0.0546875
0 0.9046875 0.2484375 0.0546875 0.084375
1 0.67109375 0.46640625 0.0453125 0.05625
1 0.1109375 0.98046875 0.040625 0.0390625
1 0.7609375 0.35234375 0.046875 0.059375
1 0.55390625 0.06015625 0.0359375 0.0453125
1 0.43203125 0.23828125 0.0375 0.0421875
0 0.91640625 0.84453125 0.078125 0.0640625
1 0.83203125 0.2046875 0.0390625 0.0453125
1 0.16328125 0.44375 0.040625 0.05
1 0.64453125 0.83203125 0.0375 0.0453125
1 0.1703125 0.34140625 0.0390625 0.0484375
1 0.046875 0.775 0.0390625 0.0484375
1 0.1265625 0.35078125 0.040625 0.053125
1 0.48671875 0.059375 0.0390625 0.04375
1 0.45078125 0.1765625 0.0390625 0.04375
1 0.74609375 0.78515625 0.0359375 0.040625
1 0.50546875 0.6046875 0.04375 0.05
1 0.9859375 0.7015625 0.028125 0.0578125
1 0.734375 0.6453125 0.0390625 0.0453125
1 0.11796875 0.73671875 0.0359375 0.0453125
1 0.89609375 0.5984375 0.0421875 0.0546875
1 0.74296875 0.89765625 0.0390625 0.04375
1 0.34296875 0.16875 0.0453125 0.05
1 0.078125 0.059375 0.04375 0.05
0 0.65859375 0.67265625 0.06875 0.0578125
1 0.4640625 0.946875 0.040625 0.05
1 0.21328125 0.3828125 0.0421875 0.05
1 0.30234375 0.29609375 0.0390625 0.046875
0 0.38671875 0.925 0.0484375 0.046875
1 0.4234375 0.31796875 0.0359375 0.0390625
1 0.02734375 0.93671875 0.0390625 0.04375
1 0.4234375 0.5734375 0.040625 0.04375
0 0.18671875 0.93828125 0.04375 0.075
1 0.66328125 0.20078125 0.0390625 0.0421875
1 0.74765625 0.8359375 0.0359375 0.0421875
1 0.171875 0.66640625 0.0328125 0.04375
1 0.4734375 0.47265625 0.0390625 0.046875
1 0.37578125 0.80546875 0.0421875 0.0421875
1 0.4125 0.5078125 0.040625 0.046875
1 0.9171875 0.40546875 0.0328125 0.040625
1 0.940625 0.32265625 0.0328125 0.0484375
1 0.915625 0.478125 0.0375 0.04375
0 0.86796875 0.32578125 0.0546875 0.0515625
1 0.94296875 0.06875 0.034375 0.0421875
1 0.85703125 0.89921875 0.0328125 0.040625
1 0.86640625 0.76328125 0.034375 0.040625
1 0.56328125 0.9421875 0.0453125 0.046875
1 0.24765625 0.265625 0.0375 0.04375
1 0.50625 0.39609375 0.0390625 0.0453125
1 0.98125 0.403125 0.0375 0.0484375
1 0.765625 0.675 0.0296875 0.0453125
1 0.71015625 0.73359375 0.0296875 0.0390625