0 0.8125 0.04375 0.071875 0.08125
0 0.6671875 0.07578125 0.0671875 0.0671875
0 0.4671875 0.7125 0.0640625 0.1078125
1 0.2453125 0.221875 0.0421875 0.046875
1 0.940625 0.9375 0.0421875 0.0515625
1 0.89375 0.50546875 0.040625 0.0515625
1 0.17890625 0.26328125 0.0328125 0.0421875
1 0.41171875 0.85703125 0.0375 0.05
1 0.83984375 0.9390625 0.0390625 0.05
1 0.2546875 0.4234375 0.04375 0.05
1 0.6015625 0.42109375 0.0453125 0.0609375
1 0.50546875 0.12890625 0.0359375 0.04375
1 0.69296875 0.728125 0.0390625 0.0515625
1 0.04296875 0.45625 0.040625 0.05625
1 0.31640625 0.9046875 0.040625 0.0515625
1 0.9421875 0.16484375 0.04375 0.05625
1 0.29453125 0.19453125 0.04375 0.05
1 0.14453125 0.140625 0.0421875 0.05
1 0.60703125 0.821875 0.0390625 0.0515625
1 0.34765625 0.796875 0.0375 0.05
1 0.8921875 0.3921875 0.0375 0.046875
0 0.42734375 0.15859375 0.0484375 0.0828125
1 0.8265625 0.13515625 0.0421875 0.053125
1 0.17890625 0.48203125 0.0390625 0.05
1 0.60703125 0.60625 0.0390625 0.0484375
0 0.1421875 0.771875 0.0609375 0.084375
1 0.94375 0.25 0.0421875 0.0515625
1 0.45 0.02109375 0.0453125 0.0421875
0 0.34921875 0.4640625 0.0765625 0.0671875
0 0.096875 0.7046875 0.0546875 0.09375
1 0.415625 0.30859375 0.0390625 0.05
1 0.3625 0.284375 0.0390625 0.05
1 0.540625 0.7765625 0.040625 0.05
1 0.6390625 0.52421875 0.0421875 0.053125
1 0.25234375 0.1046875 0.040625 0.0484375
1 0.58203125 0.97421875 0.0421875 0.0515625
1 0.7546875 0.55078125 0.040625 0.05625
1 0.1203125 0.58125 0.0390625 0.053125
1 0.46328125 0.36484375 0.0390625 0.0484375
1 0.7875 0.959375 0.0359375 0.0484375
1 0.67265625 0.36328125 0.0421875 0.053125
1 0.02421875 0.89453125 0.0328125 0.0453125
1 0.11484375 0.9234375 0.0390625 0.053125
1 0.6703125 0.28203125 0.04375 0.0515625
1 0.70546875 0.81796875 0.0390625 0.04375
1 0.1953125 0.42265625 0.040625 0.0421875
1 0.98203125 0.4984375 0.0359375 0.0578125
1 0.03515625 0.30078125 0.0390625 0.0515625
1 0.1171875 0.3171875 0.0375 0.0390625
1 0.39375 0.64765625 0.0390625 0.0515625
1 0.321875 0.54375 0.0390625 0.0546875
1 0.90703125 0.10625 0.0390625 0.0546875
1 0.3703125 0.01875 0.034375 0.0375
1 0.27109375 0.60390625 0.0390625 0.0546875
1 0.49296875 0.303125 0.040625 0.0515625
1 0.09375 0.2265625 0.040625 0.0484375
1 0.75546875 0.33671875 0.04375 0.053125
1 0.846875 0.6625 0.0390625 0.0484375
1 0.1203125 0.3671875 0.0359375 0.0375
1 0.40390625 0.0703125 0.034375 0.040625
1 0.375 0.12265625 0.0328125 0.040625
1 0.45234375 0.48984375 0.0390625 0.0515625
1 0.81015625 0.85859375 0.0359375 0.05
1 0.73046875 0.63359375 0.0390625 0.046875
1 0.56171875 0.21640625 0.0328125 0.0453125
1 0.51484375 0.21171875 0.0359375 0.0453125
1 0.81796875 0.39296875 0.0421875 0.053125
1 0.62890625 0.29296875 0.0390625 0.0515625
1 0.7640625 0.26328125 0.0421875 0.046875
1 0.84609375 0.4875 0.0390625 0.0453125
1 0.96640625 0.03359375 0.040625 0.0484375
1 0.55625 0.125 0.0375 0.046875
1 0.903125 0.9765625 0.0421875 0.046875
1 0.896875 0.61015625 0.04375 0.05
0 0.6828125 0.89296875 0.0609375 0.065625
0 0.4296875 0.39921875 0.0453125 0.0953125
1 0.9546875 0.58046875 0.0453125 0.0515625
1 0.68359375 0.58203125 0.040625 0.0546875
1 0.525 0.54609375 0.0421875 0.046875
1 0.7375 0.2109375 0.034375 0.0421875
1 0.18125 0.10625 0.0359375 0.0421875
1 0.49140625 0.81953125 0.034375 0.0390625
1 0.01796875 0.01796875 0.0359375 0.0359375
1 0.2015625 0.78359375 0.03125 0.04375
1 0.21953125 0.36796875 0.0390625 0.0390625
1 0.05390625 0.1078125 0.0359375 0.0453125
1 0.353125 0.61640625 0.040625 0.0421875
1 0.090625 0.80390625 0.0359375 0.046875
0 0.20703125 0.90234375 0.05625 0.0546875
1 0.2390625 0.7078125 0.040625 0.0578125
1 0.28984375 0.76796875 0.0390625 0.046875
1 0.4703125 0.56953125 0.0421875 0.0515625
1 0.91796875 0.721875 0.0421875 0.0515625
1 0.42265625 0.67421875 0.03125 0.0421875
1 0.7875 0.72421875 0.04375 0.05625
1 0.72265625 0.46640625 0.0328125 0.0515625
1 0.7015625 0.9890625 0.034375 0.021875
1 0.31015625 0.9875 0.0375 0.025
1 0.39296875 0.9859375 0.04375 0.028125