0 0.50859375 0.0703125 0.075 0.0734375
0 0.91328125 0.38828125 0.0734375 0.0640625
1 0.36953125 0.625 0.04375 0.0625
1 0.44921875 0.48515625 0.040625 0.046875
1 0.6453125 0.815625 0.0390625 0.05
1 0.765625 0.109375 0.040625 0.0515625
1 0.80625 0.02265625 0.040625 0.0453125
1 0.95859375 0.45 0.04375 0.05625
0 0.65390625 0.36484375 0.059375 0.08125
1 0.72734375 0.73515625 0.046875 0.059375
1 0.14921875 0.53671875 0.0453125 0.05625
1 0.4578125 0.6109375 0.040625 0.05
1 0.3203125 0.78046875 0.0375 0.04375
1 0.01640625 0.51015625 0.0328125 0.046875
1 0.521875 0.6359375 0.0390625 0.046875
0 0.0921875 0.2234375 0.0625 0.0953125
1 0.96640625 0.821875 0.040625 0.05625
1 0.84921875 0.43046875 0.04375 0.0484375
1 0.69609375 0.92421875 0.040625 0.05
1 0.9046875 0.5734375 0.040625 0.0515625
1 0.4796875 0.20390625 0.0390625 0.0453125
1 0.30625 0.11640625 0.0390625 0.046875
1 0.684375 0.60234375 0.0390625 0.05
1 0.1140625 0.31953125 0.040625 0.053125
1 0.44375 0.375 0.0359375 0.046875
1 0.3984375 0.03046875 0.0421875 0.0515625
1 0.753125 0.18046875 0.0421875 0.05625
1 0.809375 0.496875 0.040625 0.053125
1 0.74453125 0.61328125 0.0375 0.0515625
1 0.3328125 0.01796875 0.0375 0.0359375
1 0.9328125 0.19765625 0.0390625 0.0515625
1 0.34140625 0.41484375 0.0375 0.0453125
1 0.5640625 0.5203125 0.040625 0.0515625
1 0.15 0.80546875 0.040625 0.05
1 0.0625 0.51796875 0.034375 0.0390625
0 0.203125 0.39765625 0.0734375 0.0609375
1 0.09453125 0.821875 0.040625 0.04375
1 0.34296875 0.3 0.0390625 0.05
1 0.1078125 0.90078125 0.0375 0.0484375
1 0.396875 0.37890625 0.0328125 0.0359375
1 0.26796875 0.40703125 0.0359375 0.0453125
1 0.18203125 0.06640625 0.04375 0.046875
1 0.90703125 0.4828125 0.0390625 0.05
0 0.5171875 0.8453125 0.04375 0.0515625
1 0.471875 0.9375 0.040625 0.0484375
1 0.7140625 0.4265625 0.040625 0.05
1 0.79765625 0.74453125 0.0390625 0.05
0 0.69609375 0.3125 0.059375 0.0609375
1 0.37734375 0.50703125 0.0375 0.0484375
1 0.42578125 0.7359375 0.040625 0.0484375
1 0.80703125 0.2390625 0.034375 0.0421875
1 0.3703125 0.84921875 0.0390625 0.046875
1 0.3109375 0.3625 0.0328125 0.040625
1 0.56640625 0.703125 0.0375 0.046875
0 0.2734375 0.78515625 0.0375 0.06875
1 0.53125 0.9390625 0.0375 0.046875
1 0.20234375 0.81484375 0.040625 0.0453125
1 0.92734375 0.30859375 0.034375 0.0421875
1 0.559375 0.778125 0.040625 0.046875
1 0.02265625 0.4 0.04375 0.046875
1 0.903125 0.72734375 0.0375 0.046875
1 0.27890625 0.9265625 0.0390625 0.0453125
1 0.63828125 0.01953125 0.0453125 0.0390625
1 0.23984375 0.08359375 0.034375 0.04375
1 0.28984375 0.60078125 0.0375 0.046875
1 0.4234375 0.23828125 0.0375 0.04375
1 0.4390625 0.15390625 0.0421875 0.0453125
1 0.353125 0.95 0.040625 0.04375
1 0.121875 0.590625 0.040625 0.046875
1 0.4125 0.89375 0.0375 0.046875
1 0.69375 0.49765625 0.040625 0.0484375
1 0.2921875 0.70234375 0.0375 0.046875
1 0.52734375 0.14140625 0.040625 0.0453125
1 0.54140625 0.4265625 0.040625 0.04375
1 0.94921875 0.94921875 0.04375 0.05
1 0.4625 0.80859375 0.03125 0.0359375
1 0.78046875 0.43671875 0.0421875 0.0484375
1 0.84375 0.83984375 0.0421875 0.053125
1 0.0921875 0.04921875 0.0359375 0.046875
1 0.13515625 0.115625 0.034375 0.0375
1 0.0890625 0.6765625 0.040625 0.0421875
1 0.86953125 0.33203125 0.034375 0.040625
1 0.6171875 0.7078125 0.0328125 0.040625
1 0.08046875 0.75859375 0.0390625 0.053125
1 0.13828125 0.66953125 0.04375 0.0640625
1 0.2125 0.603125 0.0421875 0.046875
1 0.2203125 0.703125 0.0359375 0.04375
1 0.19140625 0.671875 0.034375 0.0421875
1 0.20703125 0.19765625 0.040625 0.053125
1 0.209375 0.25625 0.0390625 0.05625
1 0.88515625 0.3 0.03125 0.0390625
1 0.93203125 0.65859375 0.0421875 0.0515625
1 0.4984375 0.44765625 0.0359375 0.0421875
1 0.2921875 0.51328125 0.0359375 0.046875
1 0.18828125 0.9359375 0.0453125 0.0484375
1 0.60625 0.6125 0.034375 0.04375
1 0.80546875 0.90625 0.0375 0.05
1 0.7984375 0.98984375 0.0375 0.0203125