0 0.30390625 0.02578125 0.0703125 0.0515625
0 0.2734375 0.37421875 0.0921875 0.0625
0 0.36640625 0.2140625 0.075 0.0671875
1 0.88125 0.5609375 0.040625 0.0484375
1 0.78984375 0.7078125 0.0328125 0.0390625
1 0.521875 0.2578125 0.0390625 0.0515625
1 0.2171875 0.84140625 0.040625 0.0484375
1 0.59453125 0.83046875 0.0359375 0.0421875
1 0.72890625 0.35 0.0421875 0.05
1 0.63125 0.6625 0.0421875 0.05
1 0.78828125 0.64921875 0.0328125 0.0390625
0 0.06875 0.48203125 0.0625 0.075
1 0.65703125 0.15 0.0359375 0.046875
1 0.43984375 0.6046875 0.0390625 0.05
1 0.93515625 0.85546875 0.0390625 0.0515625
1 0.38359375 0.615625 0.0390625 0.0515625
1 0.05546875 0.2140625 0.0359375 0.046875
0 0.075 0.76796875 0.0640625 0.06875
1 0.3953125 0.13125 0.040625 0.0515625
1 0.9140625 0.315625 0.040625 0.053125
1 0.48046875 0.86328125 0.040625 0.0546875
1 0.34921875 0.325 0.0390625 0.053125
1 0.65390625 0.83203125 0.0359375 0.0453125
0 0.10390625 0.3890625 0.0609375 0.071875
1 0.3265625 0.85546875 0.0390625 0.046875
1 0.1125 0.88984375 0.0390625 0.05
1 0.0390625 0.5875 0.040625 0.0515625
1 0.05703125 0.85234375 0.0359375 0.040625
1 0.5390625 0.15625 0.0390625 0.053125
1 0.65 0.92265625 0.040625 0.0515625
1 0.90078125 0.103125 0.0421875 0.05
1 0.42734375 0.278125 0.0359375 0.04375
1 0.62578125 0.2546875 0.0359375 0.05
1 0.56484375 0.58515625 0.0390625 0.0515625
1 0.51484375 0.43984375 0.040625 0.0546875
1 0.22109375 0.4421875 0.0390625 0.05
1 0.9609375 0.50078125 0.0375 0.04375
1 0.571875 0.390625 0.0390625 0.0484375
1 0.840625 0.1515625 0.0375 0.0453125
1 0.7984375 0.5578125 0.040625 0.05
1 0.82890625 0.021875 0.0390625 0.04375
1 0.26171875 0.86484375 0.0390625 0.0484375
1 0.38046875 0.915625 0.040625 0.05
1 0.59609375 0.15 0.0359375 0.040625
1 0.77421875 0.25625 0.04375 0.0515625
1 0.18046875 0.62109375 0.0296875 0.040625
1 0.6828125 0.27265625 0.0390625 0.05
1 0.25546875 0.26484375 0.0328125 0.0421875
1 0.934375 0.17421875 0.0390625 0.0515625
1 0.11484375 0.23125 0.0359375 0.0484375
1 0.54609375 0.4875 0.0421875 0.0546875
1 0.18984375 0.3703125 0.0328125 0.0453125
1 0.4171875 0.52421875 0.040625 0.0546875
1 0.12578125 0.62734375 0.040625 0.0546875
1 0.125 0.9578125 0.0328125 0.0421875
1 0.22265625 0.2078125 0.034375 0.0421875
1 0.01953125 0.17109375 0.0390625 0.0515625
0 0.94296875 0.74453125 0.0640625 0.05
1 0.75234375 0.82109375 0.0375 0.0453125
1 0.8859375 0.8609375 0.034375 0.046875
1 0.76875 0.32734375 0.0390625 0.05
1 0.4515625 0.07890625 0.04375 0.04375
1 0.65546875 0.4265625 0.0390625 0.04375
1 0.98515625 0.246875 0.0296875 0.05
1 0.19375 0.275 0.0359375 0.0421875
1 0.865625 0.4796875 0.0421875 0.0484375
1 0.5671875 0.70234375 0.0328125 0.0421875
1 0.93515625 0.6921875 0.034375 0.0421875
1 0.66953125 0.35078125 0.0375 0.05
1 0.93125 0.61328125 0.0390625 0.046875
1 0.71640625 0.04140625 0.040625 0.0484375
1 0.51875 0.7015625 0.0359375 0.0421875
1 0.04453125 0.97421875 0.0421875 0.0515625
1 0.38359375 0.8203125 0.0375 0.04375
1 0.46875 0.721875 0.0390625 0.046875
1 0.10625 0.103125 0.0375 0.0484375
1 0.25859375 0.7625 0.0359375 0.0390625
1 0.1390625 0.4328125 0.0390625 0.04375
1 0.6390625 0.5953125 0.0375 0.04375
1 0.446875 0.896875 0.0375 0.04375
1 0.7 0.4375 0.0390625 0.0546875
0 0.25703125 0.5734375 0.071875 0.0640625
1 0.9421875 0.403125 0.040625 0.046875
0 0.48359375 0.028125 0.0546875 0.05625
1 0.29140625 0.65390625 0.0328125 0.0375
1 0.134375 0.81640625 0.0328125 0.0390625
1 0.8171875 0.4484375 0.0421875 0.046875
1 0.7578125 0.12890625 0.0421875 0.0484375
1 0.28359375 0.9265625 0.0390625 0.04375
1 0.1671875 0.02109375 0.0375 0.0421875
1 0.9546875 0.04921875 0.0421875 0.05
1 0.22734375 0.7 0.0453125 0.0515625
1 0.865625 0.62734375 0.0421875 0.0484375
1 0.5828125 0.0890625 0.0359375 0.0390625
1 0.83125 0.9234375 0.04375 0.0484375
1 0.64921875 0.5484375 0.034375 0.040625
1 0.8125 0.39453125 0.0328125 0.04375
1 0.17890625 0.9375 0.0328125 0.0390625
1 0.053125 0.6515625 0.0390625 0.0515625
1 0.16015625 0.7078125 0.0421875 0.05625
1 0.1390625 0.525 0.0390625 0.046875
1 0.16171875 0.11328125 0.034375 0.05
1 0.38984375 0.05 0.0390625 0.04375
1 0.72578125 0.87890625 0.03125 0.040625
1 0.7359375 0.9375 0.0359375 0.0453125
1 0.49765625 0.5515625 0.0328125 0.046875
1 0.5 0.35546875 0.034375 0.046875
1 0.465625 0.44609375 0.0359375 0.0421875
1 0.8859375 0.6703125 0.0390625 0.04375
1 0.90234375 0.92734375 0.0390625 0.0421875
1 0.7375 0.19140625 0.04375 0.0546875
1 0.65 0.71484375 0.0359375 0.0453125
1 0.52421875 0.890625 0.0359375 0.040625
1 0.953125 0.9875 0.040625 0.025
1 0.98828125 0.68984375 0.0234375 0.0515625
1 0.70859375 0.9859375 0.0484375 0.028125
1 0.62421875 0.9890625 0.0375 0.021875
1 0.98515625 0.16015625 0.0296875 0.046875