0 0.3609375 0.85234375 0.0828125 0.065625
1 0.66171875 0.48125 0.0375 0.040625
1 0.16640625 0.2859375 0.0390625 0.04375
1 0.378125 0.96875 0.05625 0.0625
0 0.80625 0.12265625 0.0578125 0.071875
1 0.59609375 0.86953125 0.040625 0.04375
0 0.83984375 0.809375 0.05 0.0703125
1 0.2765625 0.16640625 0.04375 0.053125
0 0.38203125 0.34921875 0.0671875 0.0546875
1 0.20703125 0.15 0.0421875 0.046875
1 0.44375 0.27265625 0.04375 0.0515625
1 0.50390625 0.39140625 0.0453125 0.04375
1 0.0234375 0.97734375 0.04375 0.0453125
1 0.2375 0.76484375 0.0421875 0.046875
1 0.91796875 0.88671875 0.0421875 0.05
0 0.8078125 0.684375 0.0671875 0.0578125
1 0.70703125 0.30625 0.0421875 0.046875
1 0.95078125 0.17890625 0.0359375 0.040625
1 0.86953125 0.50703125 0.0359375 0.040625
1 0.1953125 0.21640625 0.0421875 0.046875
1 0.4984375 0.984375 0.034375 0.03125
1 0.4296875 0.128125 0.040625 0.0453125
1 0.1234375 0.44921875 0.040625 0.0546875
1 0.7828125 0.63125 0.034375 0.0390625
1 0.25 0.903125 0.0484375 0.05625
1 0.575 0.6578125 0.0375 0.04375
1 0.634375 0.65 0.034375 0.0421875
1 0.9359375 0.7859375 0.0390625 0.046875
1 0.73125 0.85078125 0.040625 0.05
1 0.12265625 0.15390625 0.0390625 0.0453125
1 0.6984375 0.534375 0.04375 0.05
1 0.73984375 0.6125 0.0375 0.0453125
1 0.49453125 0.05390625 0.0421875 0.046875
1 0.25390625 0.0609375 0.04375 0.05
0 0.93359375 0.47734375 0.0671875 0.0765625
1 0.28515625 0.5984375 0.040625 0.053125
0 0.07890625 0.0484375 0.0515625 0.0703125
0 0.1078125 0.66328125 0.0578125 0.0859375
1 0.3359375 0.090625 0.04375 0.0515625
1 0.15234375 0.68125 0.0390625 0.05
1 0.759375 0.4234375 0.0359375 0.0390625
1 0.4046875 0.02734375 0.04375 0.05
0 0.8125 0.46484375 0.0421875 0.078125
1 0.05234375 0.38671875 0.0390625 0.0484375
0 0.75859375 0.48203125 0.0625 0.046875
0 0.0828125 0.5453125 0.046875 0.078125
1 0.44921875 0.453125 0.0390625 0.0484375
1 0.04609375 0.67890625 0.0453125 0.0515625
0 0.8265625 0.5578125 0.0515625 0.0546875
1 0.9828125 0.78671875 0.034375 0.05
1 0.18125 0.7234375 0.0421875 0.046875
1 0.4625 0.1765625 0.0421875 0.0484375
1 0.1703125 0.88359375 0.04375 0.05625
0 0.84453125 0.3265625 0.0421875 0.0890625
1 0.9546875 0.38125 0.0421875 0.053125
0 0.86875 0.18515625 0.065625 0.053125
1 0.66328125 0.2734375 0.040625 0.040625
0 0.38125 0.46875 0.05 0.0796875
1 0.46875 0.7328125 0.0421875 0.04375
1 0.1875 0.4453125 0.034375 0.040625
1 0.9734375 0.86015625 0.034375 0.040625
1 0.2078125 0.9640625 0.0359375 0.040625
1 0.546875 0.59375 0.04375 0.0453125
1 0.67734375 0.6078125 0.0421875 0.046875
1 0.684375 0.78515625 0.0421875 0.05
1 0.690625 0.66484375 0.0359375 0.0421875
1 0.39453125 0.1890625 0.0375 0.040625
0 0.6875 0.92890625 0.0515625 0.059375
1 0.20390625 0.65234375 0.04375 0.0546875
1 0.47265625 0.61015625 0.034375 0.0375
1 0.81796875 0.0515625 0.034375 0.04375
1 0.978125 0.24765625 0.040625 0.05
1 0.26875 0.97890625 0.0359375 0.040625
1 0.1765625 0.79921875 0.0359375 0.046875
1 0.06796875 0.74765625 0.034375 0.0390625
1 0.1078125 0.76484375 0.0328125 0.0375
1 0.2921875 0.453125 0.0390625 0.0390625
1 0.5671875 0.0859375 0.04375 0.046875
1 0.98828125 0.12421875 0.0234375 0.04375
1 0.596875 0.215625 0.04375 0.0484375
1 0.7671875 0.52734375 0.03125 0.034375
1 0.47890625 0.50078125 0.0375 0.040625
1 0.53359375 0.7953125 0.0390625 0.0421875
1 0.446875 0.9734375 0.0328125 0.0390625
0 0.9046875 0.25234375 0.05625 0.0609375
0 0.59609375 0.5359375 0.05625 0.0578125
1 0.2390625 0.29921875 0.0453125 0.0609375
1 0.5546875 0.15625 0.04375 0.0421875
1 0.68671875 0.0140625 0.0359375 0.028125
1 0.5546875 0.44375 0.0359375 0.0390625
1 0.7140625 0.19296875 0.0359375 0.040625
0 0.88515625 0.9734375 0.0421875 0.053125
1 0.63125 0.8890625 0.0359375 0.0390625
0 0.12578125 0.965625 0.0390625 0.06875
1 0.6375 0.171875 0.0359375 0.0390625
1 0.27265625 0.34140625 0.0515625 0.0578125
0 0.35078125 0.5734375 0.0578125 0.0546875
1 0.0390625 0.82421875 0.034375 0.0453125
1 0.07421875 0.85625 0.0328125 0.040625
0 0.31875 0.93984375 0.0359375 0.0609375
1 0.43046875 0.69765625 0.0328125 0.04375
1 0.91328125 0.0984375 0.0359375 0.04375
1 0.88203125 0.13125 0.03125 0.0390625
1 0.69609375 0.0921875 0.0390625 0.04375
1 0.61796875 0.09375 0.0296875 0.0390625
1 0.571875 0.3625 0.0296875 0.0390625
1 0.60078125 0.33046875 0.0328125 0.0421875
1 0.65625 0.73359375 0.0421875 0.0515625
1 0.5296875 0.4828125 0.0328125 0.0421875
1 0.63671875 0.01640625 0.03125 0.0328125
0 0.55625 0.9546875 0.0375 0.0734375
1 0.85078125 0.44375 0.0359375 0.04375
1 0.17890625 0.08671875 0.0359375 0.0453125
1 0.6640625 0.8875 0.0296875 0.0421875
1 0.32734375 0.28125 0.03125 0.040625
1 0.93984375 0.053125 0.034375 0.046875
1 0.58515625 0.0078125 0.0390625 0.015625
1 0.740625 0.00859375 0.0375 0.0171875
1 0.8734375 0.00625 0.03125 0.0125
0 0.9828125 0.6359375 0.034375 0.05625
0 0.71640625 0.98515625 0.0578125 0.0296875
1 0.01328125 0.52265625 0.0265625 0.0640625
1 0.00859375 0.78125 0.0171875 0.040625
1 0.01171875 0.15390625 0.0234375 0.0421875