0 0.88359375 0.04140625 0.06875 0.0671875
1 0.8265625 0.09765625 0.0390625 0.053125
0 0.68046875 0.08984375 0.0765625 0.090625
1 0.52734375 0.9703125 0.040625 0.046875
1 0.2171875 0.73828125 0.040625 0.05
0 0.79140625 0.8640625 0.059375 0.0671875
0 0.33125 0.77109375 0.0578125 0.071875
1 0.50859375 0.6015625 0.0421875 0.0484375
1 0.775 0.5921875 0.034375 0.0375
1 0.453125 0.559375 0.040625 0.05
1 0.265625 0.7078125 0.040625 0.0515625
1 0.184375 0.79765625 0.040625 0.05
1 0.0984375 0.6484375 0.0453125 0.0578125
1 0.87421875 0.665625 0.040625 0.0484375
1 0.42890625 0.153125 0.0375 0.0453125
1 0.59375 0.33203125 0.040625 0.0453125
1 0.4296875 0.7921875 0.0375 0.046875
1 0.671875 0.815625 0.0390625 0.0515625
1 0.74453125 0.8 0.0390625 0.05
1 0.4765625 0.04765625 0.0359375 0.0390625
1 0.3703125 0.121875 0.0390625 0.0484375
1 0.2484375 0.80546875 0.04375 0.0515625
1 0.42421875 0.28125 0.0421875 0.0515625
1 0.56328125 0.13125 0.0359375 0.040625
1 0.26796875 0.9546875 0.040625 0.0484375
1 0.71640625 0.565625 0.0359375 0.0421875
1 0.70546875 0.31015625 0.040625 0.0515625
1 0.796875 0.77734375 0.0375 0.046875
1 0.14140625 0.21796875 0.0375 0.0484375
1 0.31328125 0.11796875 0.0375 0.05
1 0.76640625 0.6828125 0.0375 0.046875
1 0.65 0.1984375 0.0359375 0.0421875
1 0.8234375 0.3796875 0.0390625 0.0515625
1 0.34765625 0.45546875 0.0390625 0.05
1 0.4375 0.6609375 0.0390625 0.0390625
1 0.3296875 0.38125 0.040625 0.05
0 0.196875 0.91015625 0.08125 0.0765625
1 0.3671875 0.8359375 0.0390625 0.0515625
1 0.14921875 0.8484375 0.0375 0.0484375
1 0.5578125 0.5078125 0.034375 0.0390625
1 0.909375 0.9203125 0.0390625 0.0421875
1 0.91640625 0.471875 0.0375 0.053125
1 0.7859375 0.05 0.0390625 0.04375
1 0.4640625 0.1109375 0.0359375 0.0375
1 0.50859375 0.50390625 0.0359375 0.0515625
1 0.634375 0.75625 0.0359375 0.040625
1 0.49375 0.79140625 0.0359375 0.0421875
1 0.7125 0.646875 0.0328125 0.0375
1 0.02109375 0.45390625 0.040625 0.05
1 0.57265625 0.053125 0.0390625 0.04375
1 0.6421875 0.46875 0.04375 0.046875
1 0.57265625 0.25625 0.0359375 0.0375
1 0.89453125 0.73125 0.0390625 0.046875
1 0.1953125 0.0390625 0.0375 0.0484375
1 0.215625 0.22421875 0.0375 0.0515625
1 0.1234375 0.52421875 0.0375 0.0421875
1 0.465625 0.3328125 0.0375 0.04375
1 0.81953125 0.68828125 0.0390625 0.0453125
1 0.51640625 0.31171875 0.0390625 0.04375
1 0.36796875 0.678125 0.040625 0.0484375
1 0.85546875 0.978125 0.0453125 0.04375
1 0.0828125 0.828125 0.040625 0.0546875
1 0.1890625 0.5359375 0.0390625 0.0546875
1 0.2328125 0.10234375 0.040625 0.0453125
1 0.14296875 0.31328125 0.0375 0.04375
1 0.6546875 0.35859375 0.040625 0.04375
0 0.4484375 0.88203125 0.0640625 0.0484375
1 0.615625 0.403125 0.040625 0.0375
1 0.01953125 0.26640625 0.0390625 0.046875
0 0.78984375 0.146875 0.0671875 0.0875
1 0.97578125 0.2015625 0.040625 0.053125
1 0.27578125 0.62421875 0.0453125 0.046875
1 0.5234375 0.16328125 0.034375 0.0375
1 0.0984375 0.2578125 0.0375 0.046875
1 0.890625 0.2078125 0.0359375 0.046875
1 0.18203125 0.27890625 0.0375 0.0453125
1 0.5875 0.18984375 0.034375 0.040625
1 0.34609375 0.1875 0.040625 0.046875
1 0.2703125 0.19375 0.0390625 0.0515625
1 0.29140625 0.8890625 0.0375 0.0390625
1 0.64921875 0.58671875 0.0390625 0.040625
1 0.8171875 0.271875 0.040625 0.0546875
1 0.76015625 0.396875 0.0328125 0.0390625
1 0.50859375 0.37109375 0.040625 0.0390625
1 0.53359375 0.2171875 0.0390625 0.04375
1 0.3203125 0.64921875 0.0359375 0.0390625
1 0.92734375 0.6578125 0.0359375 0.040625
0 0.0796875 0.375 0.0609375 0.0609375
1 0.13828125 0.703125 0.0390625 0.0484375
1 0.1953125 0.6625 0.0359375 0.0375
1 0.25703125 0.14375 0.0359375 0.0453125
1 0.02421875 0.95234375 0.0390625 0.0484375
1 0.7984375 0.5171875 0.034375 0.04375
1 0.7109375 0.40234375 0.0359375 0.0421875
1 0.5796875 0.8046875 0.0421875 0.04375
1 0.41171875 0.2 0.0328125 0.04375
1 0.48828125 0.2421875 0.0359375 0.0484375
1 0.84296875 0.79921875 0.0390625 0.05
1 0.046875 0.9125 0.0328125 0.0484375