1 0.88359375 0.08359375 0.040625 0.05
0 0.7546875 0.3640625 0.046875 0.0921875
0 0.69140625 0.8625 0.05625 0.0640625
1 0.259375 0.3234375 0.0421875 0.053125
1 0.66796875 0.6984375 0.040625 0.046875
1 0.53984375 0.22890625 0.0390625 0.05
1 0.30703125 0.06171875 0.040625 0.0515625
1 0.8234375 0.96953125 0.0421875 0.0484375
1 0.21796875 0.6875 0.0390625 0.0484375
1 0.70234375 0.0625 0.0390625 0.05
1 0.8640625 0.234375 0.0375 0.04375
1 0.9078125 0.853125 0.0421875 0.0453125
1 0.1453125 0.25703125 0.0375 0.0421875
1 0.3453125 0.55703125 0.04375 0.05
0 0.809375 0.853125 0.05625 0.053125
1 0.84140625 0.5984375 0.040625 0.05
1 0.05234375 0.6796875 0.0390625 0.05
1 0.5765625 0.2796875 0.0375 0.0484375
0 0.55859375 0.9328125 0.0625 0.06875
1 0.2578125 0.0984375 0.0390625 0.0484375
1 0.45546875 0.27578125 0.04375 0.0546875
1 0.09296875 0.059375 0.0390625 0.0484375
1 0.525 0.546875 0.040625 0.05
1 0.26796875 0.20546875 0.040625 0.0484375
1 0.05546875 0.30859375 0.0390625 0.0453125
1 0.14765625 0.628125 0.04375 0.05
1 0.584375 0.62421875 0.0390625 0.0515625
0 0.14765625 0.40234375 0.0484375 0.075
1 0.11171875 0.85859375 0.040625 0.0515625
1 0.953125 0.89140625 0.04375 0.0484375
1 0.34140625 0.44296875 0.0453125 0.0515625
1 0.765625 0.0453125 0.040625 0.05
1 0.45625 0.74375 0.040625 0.0484375
1 0.76171875 0.56484375 0.034375 0.0421875
1 0.0140625 0.77109375 0.028125 0.0515625
1 0.953125 0.1 0.046875 0.053125
1 0.05625 0.85078125 0.0390625 0.0515625
1 0.79140625 0.77734375 0.0390625 0.05
1 0.67734375 0.13359375 0.0390625 0.0515625
1 0.790625 0.90625 0.0328125 0.040625
1 0.4453125 0.38125 0.0421875 0.0515625
1 0.61796875 0.721875 0.0328125 0.0390625
1 0.69453125 0.57578125 0.0359375 0.05
1 0.5921875 0.47421875 0.0375 0.05
1 0.06640625 0.153125 0.0375 0.0484375
1 0.38046875 0.29921875 0.0390625 0.0484375
1 0.06328125 0.79296875 0.0390625 0.0421875
1 0.80625 0.25625 0.0375 0.046875
1 0.1078125 0.6921875 0.0390625 0.05
1 0.128125 0.534375 0.040625 0.05
1 0.8671875 0.4921875 0.0390625 0.0484375
1 0.25 0.74296875 0.0359375 0.04375
1 0.33671875 0.94765625 0.0390625 0.05625
1 0.11953125 0.4734375 0.0359375 0.04375
1 0.3640625 0.8859375 0.04375 0.0515625
1 0.9234375 0.3015625 0.040625 0.05
1 0.2546875 0.5390625 0.0390625 0.0484375
1 0.0375 0.04375 0.0375 0.046875
1 0.1140625 0.3359375 0.034375 0.0390625
1 0.65703125 0.34921875 0.0390625 0.0484375
1 0.7125 0.478125 0.0359375 0.05
0 0.32734375 0.2 0.0421875 0.0875
1 0.27109375 0.67734375 0.040625 0.0515625
1 0.578125 0.8796875 0.040625 0.05
1 0.7203125 0.21796875 0.040625 0.05
1 0.98359375 0.84609375 0.0328125 0.05
1 0.06484375 0.471875 0.0390625 0.0484375
1 0.125 0.14765625 0.0359375 0.05
1 0.50859375 0.10078125 0.0390625 0.046875
1 0.17578125 0.925 0.0421875 0.0515625
1 0.51484375 0.9828125 0.04375 0.034375
1 0.63515625 0.58515625 0.0328125 0.0390625
1 0.65859375 0.46484375 0.034375 0.0453125
1 0.834375 0.04921875 0.040625 0.05
1 0.71953125 0.77890625 0.0421875 0.0515625
1 0.77734375 0.16328125 0.0390625 0.0453125
1 0.521875 0.02890625 0.0375 0.0484375
1 0.371875 0.659375 0.0421875 0.0484375
1 0.734375 0.9265625 0.0359375 0.0390625
1 0.39375 0.15 0.0390625 0.0453125
1 0.52578125 0.71796875 0.0359375 0.04375
1 0.55 0.75234375 0.0359375 0.040625
1 0.8921875 0.98203125 0.0421875 0.0359375
1 0.47265625 0.015625 0.0359375 0.03125
1 0.28125 0.42890625 0.034375 0.0359375
1 0.1984375 0.3890625 0.034375 0.040625
1 0.17109375 0.1765625 0.0328125 0.0390625
1 0.8109375 0.540625 0.0328125 0.0390625
1 0.61953125 0.0265625 0.0390625 0.0421875
0 0.84375 0.72421875 0.04375 0.08125
1 0.2296875 0.796875 0.0359375 0.040625
1 0.37265625 0.7609375 0.0375 0.04375
1 0.146875 0.74921875 0.040625 0.0421875
1 0.08671875 0.2703125 0.0328125 0.0421875
1 0.10546875 0.590625 0.0359375 0.0390625
1 0.6921875 0.39609375 0.0390625 0.046875
1 0.40234375 0.36171875 0.0375 0.034375
1 0.91328125 0.184375 0.0421875 0.0453125
1 0.2671875 0.81640625 0.0359375 0.0359375
1 0.46328125 0.553125 0.040625 0.0484375
1 0.465625 0.496875 0.0390625 0.0546875
1 0.4890625 0.65078125 0.0390625 0.040625
1 0.15234375 0.81015625 0.0359375 0.0453125
1 0.41484375 0.765625 0.0390625 0.0484375
1 0.884375 0.15234375 0.0390625 0.04375
1 0.62890625 0.296875 0.040625 0.046875
1 0.578125 0.34765625 0.03125 0.0390625
1 0.4984375 0.34375 0.0390625 0.04375