1 0.803125 0.54296875 0.0421875 0.0515625
1 0.2875 0.259375 0.04375 0.0484375
1 0.3671875 0.97109375 0.0390625 0.046875
1 0.5296875 0.8671875 0.0421875 0.0453125
1 0.82890625 0.71171875 0.040625 0.0515625
0 0.11796875 0.51640625 0.078125 0.0625
1 0.60625 0.20859375 0.0421875 0.0515625
1 0.9203125 0.265625 0.0421875 0.0484375
0 0.7234375 0.58515625 0.0734375 0.125
0 0.5328125 0.21328125 0.0578125 0.103125
1 0.0578125 0.75078125 0.0390625 0.046875
1 0.70625 0.38828125 0.04375 0.053125
0 0.44296875 0.315625 0.0703125 0.0703125
1 0.809375 0.23515625 0.040625 0.053125
1 0.98046875 0.26875 0.0390625 0.046875
1 0.13359375 0.70390625 0.0421875 0.05
1 0.50234375 0.3703125 0.040625 0.0484375
0 0.7875 0.42109375 0.0734375 0.075
0 0.87578125 0.16796875 0.059375 0.071875
1 0.4421875 0.884375 0.0421875 0.0453125
1 0.225 0.31484375 0.040625 0.046875
1 0.2796875 0.94921875 0.0390625 0.046875
1 0.80859375 0.02578125 0.040625 0.0484375
1 0.23046875 0.090625 0.040625 0.0484375
1 0.04453125 0.65625 0.040625 0.0515625
1 0.22421875 0.18359375 0.0421875 0.0484375
1 0.37109375 0.534375 0.04375 0.05
1 0.1296875 0.1765625 0.04375 0.053125
1 0.56796875 0.4421875 0.04375 0.0515625
0 0.96484375 0.91953125 0.0703125 0.09375
1 0.4859375 0.6328125 0.04375 0.0546875
1 0.1953125 0.83203125 0.0484375 0.05625
1 0.35234375 0.36640625 0.040625 0.0453125
1 0.08359375 0.315625 0.040625 0.05
1 0.37890625 0.28671875 0.0421875 0.05
1 0.10390625 0.97890625 0.0421875 0.0421875
1 0.56796875 0.71328125 0.0484375 0.0578125
1 0.94296875 0.715625 0.0375 0.0515625
0 0.471875 0.0421875 0.05 0.06875
1 0.9328125 0.42109375 0.0390625 0.04375
1 0.28046875 0.02265625 0.0421875 0.0453125
1 0.17109375 0.59921875 0.040625 0.0484375
1 0.02109375 0.86875 0.040625 0.0484375
1 0.28203125 0.12890625 0.0390625 0.0484375
1 0.859375 0.29921875 0.040625 0.0484375
1 0.52421875 0.08984375 0.04375 0.05
1 0.8640625 0.85390625 0.040625 0.053125
1 0.8171875 0.81015625 0.040625 0.0484375
1 0.3390625 0.84609375 0.04375 0.05
1 0.81015625 0.33984375 0.040625 0.05
1 0.346875 0.7796875 0.040625 0.05
1 0.07734375 0.39765625 0.0390625 0.0484375
1 0.43203125 0.1796875 0.0375 0.0515625
1 0.5859375 0.80859375 0.0421875 0.046875
1 0.2609375 0.8046875 0.0390625 0.0484375
1 0.325 0.17578125 0.040625 0.0484375
1 0.48125 0.4546875 0.0421875 0.046875
1 0.66328125 0.340625 0.0390625 0.0515625
1 0.88671875 0.45234375 0.0390625 0.05
1 0.0171875 0.7640625 0.034375 0.05
1 0.65 0.4546875 0.0375 0.05
1 0.25625 0.5203125 0.040625 0.046875
1 0.33515625 0.66171875 0.0453125 0.0515625
1 0.9875 0.58984375 0.025 0.0546875
1 0.71953125 0.015625 0.0375 0.03125
1 0.88671875 0.60546875 0.040625 0.053125
1 0.52890625 0.684375 0.0390625 0.05
1 0.1484375 0.26640625 0.0421875 0.046875
1 0.109375 0.771875 0.0375 0.04375
1 0.20234375 0.509375 0.0375 0.0453125
1 0.7640625 0.75234375 0.0390625 0.0546875
1 0.20703125 0.38046875 0.040625 0.0515625
1 0.871875 0.01796875 0.040625 0.0359375
1 0.01953125 0.18515625 0.0390625 0.0515625
1 0.83828125 0.47109375 0.0359375 0.0453125
1 0.196875 0.68046875 0.040625 0.05
1 0.66328125 0.89765625 0.0390625 0.0484375
1 0.59140625 0.5125 0.04375 0.046875
1 0.46484375 0.77109375 0.0390625 0.046875
1 0.71484375 0.9140625 0.0375 0.0515625
1 0.2265625 0.61796875 0.0421875 0.046875
1 0.98125 0.04375 0.0375 0.0515625
1 0.478125 0.940625 0.040625 0.0453125
1 0.75625 0.346875 0.0375 0.0453125
1 0.86484375 0.9484375 0.0421875 0.0515625
1 0.4703125 0.1734375 0.0328125 0.040625
1 0.37265625 0.19921875 0.046875 0.053125
1 0.80625 0.88125 0.0359375 0.04375
1 0.56484375 0.97890625 0.0421875 0.0421875
1 0.134375 0.1015625 0.0359375 0.046875
1 0.38984375 0.65703125 0.0421875 0.0515625
1 0.2578125 0.3796875 0.0359375 0.0421875
1 0.540625 0.8 0.0421875 0.046875
1 0.85078125 0.10859375 0.04375 0.05
1 0.26875 0.5796875 0.0421875 0.0453125
1 0.88671875 0.72890625 0.040625 0.05
1 0.215625 0.91796875 0.040625 0.0453125
1 0.059375 0.03359375 0.0421875 0.0546875
1 0.675 0.64765625 0.0359375 0.0453125
1 0.14609375 0.90234375 0.0390625 0.0390625
1 0.09921875 0.640625 0.0359375 0.0375
1 0.61953125 0.3 0.040625 0.0421875
1 0.9796875 0.4015625 0.040625 0.05625
1 0.68359375 0.12890625 0.0328125 0.04375
1 0.053125 0.1375 0.0359375 0.0484375
1 0.10859375 0.8484375 0.0390625 0.04375
1 0.9265625 0.803125 0.0421875 0.0484375
1 0.615625 0.67734375 0.034375 0.0421875
1 0.71328125 0.69140625 0.0375 0.046875
1 0.3125 0.44921875 0.034375 0.040625
1 0.4140625 0.59609375 0.034375 0.0375
1 0.9078125 0.515625 0.0390625 0.046875
1 0.8234375 0.6421875 0.0359375 0.04375
1 0.00859375 0.059375 0.0171875 0.053125
1 0.01171875 0.28359375 0.0234375 0.0453125
1 0.6328125 0.01484375 0.046875 0.0296875
1 0.984375 0.984375 0.03125 0.03125