0 0.69765625 0.3109375 0.0609375 0.075
0 0.78984375 0.7390625 0.065625 0.090625
1 0.88046875 0.44765625 0.040625 0.0484375
1 0.6515625 0.9375 0.046875 0.0625
1 0.8296875 0.8921875 0.040625 0.0484375
1 0.46796875 0.8734375 0.0515625 0.0640625
1 0.84921875 0.38671875 0.0390625 0.0484375
0 0.70625 0.42578125 0.0625 0.103125
1 0.33046875 0.13671875 0.0375 0.046875
1 0.9109375 0.74296875 0.0390625 0.0515625
1 0.41015625 0.1703125 0.046875 0.059375
1 0.64296875 0.70625 0.0484375 0.059375
1 0.271875 0.46796875 0.0375 0.0453125
1 0.628125 0.35234375 0.0390625 0.05
1 0.54296875 0.30703125 0.0375 0.046875
1 0.63984375 0.4921875 0.0390625 0.046875
1 0.0734375 0.86484375 0.0421875 0.046875
1 0.95234375 0.86796875 0.0421875 0.0484375
1 0.14453125 0.78984375 0.0390625 0.0484375
1 0.84296875 0.821875 0.0390625 0.0484375
1 0.68984375 0.0640625 0.040625 0.046875
1 0.2 0.7546875 0.040625 0.04375
1 0.32578125 0.35078125 0.0390625 0.053125
1 0.40078125 0.09140625 0.0421875 0.046875
1 0.4703125 0.196875 0.04375 0.05625
1 0.196875 0.64140625 0.040625 0.0453125
1 0.0859375 0.04921875 0.0453125 0.05625
1 0.76875 0.940625 0.0375 0.0453125
1 0.2734375 0.89609375 0.040625 0.05
1 0.9078125 0.3546875 0.0390625 0.05
1 0.2921875 0.7421875 0.0421875 0.0453125
1 0.38125 0.84140625 0.0421875 0.046875
1 0.8046875 0.47734375 0.040625 0.0515625
1 0.7171875 0.7171875 0.0421875 0.0515625
1 0.53828125 0.83671875 0.04375 0.046875
1 0.134375 0.53125 0.040625 0.0484375
1 0.3578125 0.2921875 0.0390625 0.0515625
1 0.21484375 0.83984375 0.04375 0.0515625
1 0.7109375 0.13125 0.04375 0.046875
1 0.2265625 0.0328125 0.0421875 0.05
0 0.10546875 0.328125 0.05625 0.075
1 0.4359375 0.03203125 0.0375 0.0453125
1 0.6296875 0.78125 0.0359375 0.0421875
1 0.0328125 0.13046875 0.040625 0.0484375
1 0.39609375 0.634375 0.0390625 0.046875
1 0.6921875 0.52421875 0.0390625 0.0515625
1 0.54375 0.73671875 0.040625 0.0515625
1 0.04453125 0.365625 0.0359375 0.0484375
1 0.19296875 0.39453125 0.0390625 0.05
1 0.95 0.421875 0.040625 0.053125
1 0.8859375 0.209375 0.040625 0.0484375
1 0.8421875 0.271875 0.0375 0.0484375
1 0.3578125 0.8984375 0.0390625 0.046875
1 0.21953125 0.92265625 0.0390625 0.0515625
1 0.14765625 0.26953125 0.040625 0.0453125
1 0.309375 0.67265625 0.046875 0.059375
1 0.05703125 0.76484375 0.0375 0.0484375
1 0.21171875 0.49609375 0.040625 0.0484375
1 0.759375 0.359375 0.0359375 0.040625
1 0.1703125 0.08203125 0.0390625 0.0515625
1 0.91875 0.51796875 0.0359375 0.046875
0 0.58203125 0.571875 0.05 0.071875
1 0.76015625 0.0765625 0.0390625 0.0484375
1 0.12578125 0.59921875 0.040625 0.0515625
1 0.3234375 0.4546875 0.0390625 0.0453125
1 0.665625 0.60390625 0.0421875 0.04375
1 0.953125 0.57265625 0.040625 0.0515625
1 0.64921875 0.11328125 0.0390625 0.0453125
1 0.82734375 0.653125 0.0390625 0.046875
1 0.50546875 0.0171875 0.04375 0.034375
1 0.85546875 0.52421875 0.0359375 0.0484375
1 0.7265625 0.8 0.0421875 0.0578125
1 0.146875 0.19921875 0.040625 0.053125
1 0.49453125 0.7734375 0.0421875 0.04375
1 0.49375 0.10703125 0.046875 0.0609375
1 0.83046875 0.1625 0.0375 0.040625
1 0.34609375 0.565625 0.0390625 0.05
1 0.61796875 0.21953125 0.040625 0.0484375
1 0.55703125 0.46484375 0.0359375 0.0390625
1 0.559375 0.16796875 0.0359375 0.0484375
0 0.90625 0.1 0.071875 0.071875
1 0.22734375 0.1578125 0.0359375 0.0421875
1 0.58671875 0.03203125 0.0421875 0.05625
1 0.34375 0.08203125 0.040625 0.0453125
1 0.15859375 0.971875 0.0375 0.040625
1 0.58984375 0.109375 0.0328125 0.0375
1 0.47265625 0.55078125 0.0390625 0.04375
1 0.4203125 0.784375 0.040625 0.04375
1 0.528125 0.6015625 0.034375 0.040625
1 0.88359375 0.94609375 0.034375 0.0375
1 0.5 0.36015625 0.0453125 0.059375
1 0.4625 0.315625 0.053125 0.0609375
1 0.42109375 0.26328125 0.0453125 0.0453125
1 0.98203125 0.94140625 0.0359375 0.05
0 0.91015625 0.64921875 0.040625 0.0625
1 0.26640625 0.26328125 0.0375 0.046875
1 0.42890625 0.40703125 0.0375 0.0515625
1 0.76171875 0.59140625 0.03125 0.040625
1 0.584375 0.9890625 0.0375 0.021875
1 0.01171875 0.95390625 0.0234375 0.05
1 0.01015625 0.721875 0.0203125 0.046875
1 0.0125 0.2171875 0.025 0.0453125
1 0.72578125 0.02109375 0.046875 0.0421875