0 0.4640625 0.46484375 0.05625 0.0953125
1 0.40625 0.16015625 0.04375 0.05
1 0.31484375 0.51875 0.0375 0.046875
1 0.98125 0.75703125 0.0375 0.0546875
1 0.30390625 0.36015625 0.0484375 0.0609375
1 0.94375 0.6375 0.040625 0.0546875
1 0.08671875 0.69140625 0.040625 0.0484375
1 0.928125 0.2453125 0.0421875 0.0515625
1 0.63828125 0.51484375 0.040625 0.046875
0 0.553125 0.82265625 0.053125 0.1
1 0.2484375 0.38125 0.0375 0.053125
1 0.19375 0.4109375 0.0375 0.0484375
1 0.525 0.1171875 0.04375 0.0515625
1 0.45078125 0.3734375 0.046875 0.0609375
1 0.54765625 0.0234375 0.0421875 0.046875
0 0.790625 0.3859375 0.090625 0.0671875
1 0.17734375 0.9140625 0.040625 0.0484375
1 0.22890625 0.95625 0.053125 0.065625
1 0.6296875 0.33828125 0.0515625 0.0640625
1 0.809375 0.696875 0.0421875 0.0546875
1 0.3375 0.78984375 0.04375 0.0546875
1 0.85625 0.025 0.05625 0.05
1 0.38515625 0.68203125 0.0421875 0.05
1 0.91953125 0.42890625 0.0515625 0.06875
1 0.340625 0.11640625 0.0375 0.0421875
1 0.44296875 0.55 0.0421875 0.0484375
1 0.56015625 0.41328125 0.040625 0.053125
1 0.86953125 0.90234375 0.0390625 0.05
1 0.2875 0.63203125 0.0390625 0.05
1 0.853125 0.24921875 0.0453125 0.053125
1 0.55 0.49765625 0.0421875 0.0515625
1 0.59921875 0.0625 0.0421875 0.0484375
1 0.553125 0.33046875 0.0421875 0.053125
1 0.4578125 0.734375 0.0421875 0.05
1 0.53984375 0.25078125 0.0390625 0.0515625
1 0.83671875 0.45 0.040625 0.0515625
1 0.6671875 0.72734375 0.0421875 0.0546875
1 0.2578125 0.07421875 0.0375 0.04375
0 0.23125 0.628125 0.0515625 0.0875
1 0.40234375 0.79453125 0.0421875 0.05
1 0.45 0.2390625 0.0390625 0.046875
1 0.14609375 0.4734375 0.0390625 0.0484375
1 0.80703125 0.23203125 0.04375 0.053125
1 0.69765625 0.60078125 0.040625 0.05
1 0.3734375 0.38828125 0.04375 0.053125
1 0.56796875 0.6765625 0.0375 0.0515625
1 0.58125 0.56484375 0.040625 0.053125
1 0.71640625 0.50078125 0.0421875 0.053125
1 0.21015625 0.84609375 0.04375 0.0515625
1 0.38671875 0.234375 0.040625 0.0515625
1 0.509375 0.725 0.0375 0.05
1 0.05234375 0.978125 0.0484375 0.04375
1 0.18125 0.77890625 0.040625 0.04375
1 0.23984375 0.546875 0.034375 0.05
1 0.25078125 0.77421875 0.0421875 0.053125
1 0.6015625 0.25078125 0.04375 0.0515625
1 0.50234375 0.90390625 0.0421875 0.05625
1 0.8125 0.81640625 0.040625 0.0515625
0 0.775 0.890625 0.0453125 0.071875
1 0.8828125 0.7359375 0.0453125 0.0546875
1 0.22109375 0.7203125 0.0390625 0.0484375
1 0.121875 0.04453125 0.0390625 0.0453125
1 0.9796875 0.16484375 0.040625 0.05625
1 0.71015625 0.0328125 0.0421875 0.0484375
1 0.0265625 0.13671875 0.053125 0.05625
1 0.0203125 0.8265625 0.0390625 0.0484375
1 0.86328125 0.6734375 0.04375 0.0515625
1 0.13828125 0.7546875 0.0421875 0.05
1 0.4703125 0.30234375 0.0421875 0.0484375
1 0.44140625 0.015625 0.0390625 0.03125
1 0.15234375 0.69453125 0.0453125 0.0546875
1 0.125 0.35546875 0.040625 0.046875
1 0.5125 0.62421875 0.0421875 0.0546875
0 0.1953125 0.31796875 0.0546875 0.1
1 0.09375 0.765625 0.04375 0.053125
0 0.25859375 0.47265625 0.059375 0.0703125
1 0.0421875 0.23046875 0.040625 0.0484375
1 0.71953125 0.67265625 0.0390625 0.046875
1 0.6375 0.5734375 0.0390625 0.046875
1 0.75703125 0.12890625 0.05 0.0578125
1 0.90859375 0.796875 0.0453125 0.05
1 0.95390625 0.09765625 0.040625 0.0453125
1 0.23203125 0.24296875 0.0390625 0.0453125
1 0.6546875 0.1140625 0.0421875 0.0515625
1 0.115625 0.9765625 0.04375 0.046875
1 0.28984375 0.73359375 0.034375 0.040625
1 0.25859375 0.18046875 0.0328125 0.0375
1 0.715625 0.7453125 0.0390625 0.05625
1 0.20703125 0.109375 0.0375 0.0375
1 0.05 0.89296875 0.0359375 0.0390625
1 0.01953125 0.75234375 0.034375 0.0421875
1 0.93828125 0.8484375 0.0359375 0.0453125
1 0.1421875 0.1234375 0.0359375 0.040625
1 0.40625 0.309375 0.0390625 0.04375
1 0.075 0.08203125 0.0359375 0.0359375
1 0.08203125 0.16953125 0.0359375 0.04375
1 0.1078125 0.14140625 0.0390625 0.0390625
1 0.26328125 0.12109375 0.0390625 0.0390625
1 0.33515625 0.0328125 0.034375 0.040625
1 0.57421875 0.16484375 0.0359375 0.040625
1 0.884375 0.190625 0.0328125 0.040625
1 0.97890625 0.86875 0.0390625 0.05625
0 0.57265625 0.97734375 0.059375 0.0453125
1 0.621875 0.8203125 0.0421875 0.053125
1 0.08515625 0.52734375 0.04375 0.059375
1 0.50703125 0.975 0.0375 0.05
1 0.6890625 0.89375 0.0359375 0.046875
1 0.7703125 0.75 0.0390625 0.0453125
1 0.76328125 0.9625 0.034375 0.040625
1 0.909375 0.29609375 0.0390625 0.0484375
1 0.8109375 0.596875 0.0375 0.0390625
1 0.68984375 0.24921875 0.0421875 0.0546875
1 0.303125 0.8609375 0.040625 0.046875
1 0.3890625 0.01171875 0.0265625 0.0234375
1 0.45703125 0.98046875 0.0328125 0.0390625