0 0.778125 0.4359375 0.078125 0.0859375
0 0.95390625 0.328125 0.06875 0.0765625
0 0.14296875 0.55703125 0.0703125 0.0703125
0 0.63125 0.44609375 0.0859375 0.0671875
0 0.44765625 0.29609375 0.075 0.06875
0 0.2921875 0.26796875 0.0515625 0.10625
1 0.12265625 0.359375 0.046875 0.0625
0 0.08984375 0.721875 0.0671875 0.0828125
1 0.10546875 0.05859375 0.0390625 0.05
1 0.92734375 0.76796875 0.0484375 0.0640625
1 0.38828125 0.8140625 0.0390625 0.0515625
1 0.73515625 0.98125 0.0390625 0.0375
1 0.4703125 0.1078125 0.0421875 0.0484375
0 0.1625 0.15 0.0765625 0.1078125
1 0.18515625 0.603125 0.0421875 0.0515625
1 0.98125 0.88984375 0.0375 0.0546875
1 0.98046875 0.2390625 0.0390625 0.0546875
1 0.82421875 0.94296875 0.0453125 0.0578125
1 0.953125 0.4328125 0.0390625 0.0515625
1 0.55390625 0.30234375 0.040625 0.053125
1 0.734375 0.359375 0.040625 0.046875
1 0.25625 0.5671875 0.0375 0.0484375
1 0.74140625 0.709375 0.0390625 0.0484375
1 0.3375 0.04453125 0.0390625 0.0453125
1 0.28203125 0.98125 0.0421875 0.0375
1 0.23515625 0.128125 0.0375 0.0515625
1 0.23125 0.5 0.0359375 0.04375
1 0.828125 0.5609375 0.040625 0.0484375
1 0.01875 0.81015625 0.0375 0.0484375
1 0.89296875 0.0546875 0.0390625 0.05625
1 0.91953125 0.5515625 0.040625 0.053125
1 0.16171875 0.9734375 0.0421875 0.046875
1 0.31484375 0.58125 0.0359375 0.05
1 0.71015625 0.790625 0.0390625 0.04375
1 0.2359375 0.784375 0.040625 0.0546875
1 0.2265625 0.63828125 0.040625 0.0515625
1 0.69765625 0.48671875 0.040625 0.05
1 0.80390625 0.7859375 0.0359375 0.0484375
1 0.50234375 0.68125 0.0375 0.0546875
1 0.6375 0.896875 0.040625 0.05
1 0.76171875 0.16015625 0.040625 0.05625
1 0.021875 0.178125 0.04375 0.059375
1 0.84609375 0.715625 0.040625 0.046875
1 0.7046875 0.29296875 0.0390625 0.046875
1 0.53203125 0.3671875 0.0390625 0.04375
1 0.41640625 0.2078125 0.0421875 0.0484375
1 0.16171875 0.90546875 0.0453125 0.046875
1 0.28671875 0.6796875 0.0390625 0.053125
1 0.225 0.02578125 0.0390625 0.0515625
1 0.8296875 0.628125 0.0484375 0.059375
1 0.671875 0.8421875 0.04375 0.05
1 0.35859375 0.89609375 0.0390625 0.0515625
1 0.55546875 0.44609375 0.0375 0.04375
1 0.49453125 0.96796875 0.0375 0.046875
1 0.42734375 0.384375 0.0375 0.040625
1 0.36875 0.60625 0.0390625 0.0515625
1 0.30078125 0.11640625 0.040625 0.0484375
1 0.5796875 0.1734375 0.04375 0.053125
1 0.95703125 0.07734375 0.0375 0.0578125
1 0.6 0.01953125 0.0359375 0.0390625
1 0.52734375 0.2328125 0.0359375 0.0390625
1 0.9140625 0.93828125 0.0359375 0.0515625
1 0.05390625 0.97890625 0.0453125 0.0421875
1 0.83203125 0.83046875 0.0375 0.0421875
1 0.3015625 0.38046875 0.034375 0.040625
1 0.5953125 0.8609375 0.0421875 0.0515625
1 0.3625 0.33125 0.0359375 0.04375
1 0.240625 0.3953125 0.0359375 0.040625
1 0.98515625 0.53125 0.0296875 0.05
1 0.734375 0.85546875 0.0390625 0.0515625
0 0.45546875 0.484375 0.0625 0.05
1 0.57421875 0.7578125 0.0421875 0.053125
1 0.5296875 0.590625 0.040625 0.0390625
1 0.57578125 0.68203125 0.034375 0.0421875
1 0.64375 0.6609375 0.0359375 0.0390625
0 0.06328125 0.6546875 0.04375 0.065625
1 0.13984375 0.76015625 0.0453125 0.0515625
1 0.17578125 0.81875 0.040625 0.05
1 0.103125 0.4890625 0.0484375 0.05
1 0.4890625 0.17421875 0.0359375 0.04375
1 0.87890625 0.87890625 0.0390625 0.046875
1 0.84375 0.23203125 0.0390625 0.0546875
1 0.6359375 0.28984375 0.040625 0.046875
1 0.29140625 0.5 0.040625 0.0453125
1 0.33828125 0.428125 0.034375 0.0421875
1 0.18515625 0.4078125 0.040625 0.0390625
1 0.30234375 0.92109375 0.04375 0.05
1 0.9828125 0.97890625 0.034375 0.0421875