0 0.47734375 0.96953125 0.0765625 0.0609375
0 0.87734375 0.7109375 0.06875 0.0515625
1 0.7265625 0.690625 0.040625 0.0515625
1 0.8875 0.18203125 0.046875 0.065625
0 0.6828125 0.34765625 0.0578125 0.090625
1 0.86796875 0.6359375 0.0421875 0.046875
1 0.4015625 0.81328125 0.05 0.065625
1 0.9140625 0.0515625 0.0421875 0.053125
1 0.81953125 0.421875 0.040625 0.05
1 0.80546875 0.71484375 0.0421875 0.05
1 0.06953125 0.95546875 0.0421875 0.05625
1 0.21796875 0.17578125 0.0390625 0.0484375
1 0.4421875 0.1171875 0.040625 0.053125
1 0.61484375 0.87734375 0.0359375 0.0453125
1 0.95546875 0.3515625 0.0390625 0.0546875
1 0.26875 0.63515625 0.0390625 0.0515625
1 0.2015625 0.59609375 0.0375 0.05
1 0.2 0.83828125 0.0453125 0.0625
1 0.47421875 0.421875 0.0375 0.05
1 0.76875 0.94296875 0.0390625 0.0515625
1 0.0796875 0.115625 0.0390625 0.053125
1 0.45 0.48984375 0.0375 0.0484375
1 0.2015625 0.29609375 0.040625 0.046875
1 0.61796875 0.3078125 0.0390625 0.0484375
1 0.15 0.36015625 0.0375 0.0515625
1 0.85234375 0.55078125 0.0421875 0.046875
1 0.33359375 0.14765625 0.04375 0.0546875
1 0.84140625 0.478125 0.040625 0.046875
1 0.4296875 0.328125 0.040625 0.0484375
1 0.515625 0.86796875 0.0421875 0.053125
1 0.17734375 0.6984375 0.040625 0.0515625
1 0.25859375 0.23125 0.0375 0.0484375
1 0.96171875 0.65625 0.03125 0.0453125
1 0.20234375 0.103125 0.040625 0.0484375
1 0.5921875 0.79609375 0.0390625 0.05
1 0.38125 0.92890625 0.0390625 0.0515625
1 0.22890625 0.9234375 0.0375 0.046875
1 0.67734375 0.4828125 0.040625 0.0453125
1 0.784375 0.2734375 0.0421875 0.0484375
1 0.2890625 0.3921875 0.0390625 0.05
1 0.04765625 0.54140625 0.0390625 0.0515625
1 0.81796875 0.1296875 0.046875 0.053125
1 0.72890625 0.54921875 0.0421875 0.04375
1 0.5640625 0.98203125 0.0359375 0.0359375
1 0.23671875 0.025 0.0390625 0.05
1 0.55703125 0.065625 0.0390625 0.0515625
1 0.35 0.7609375 0.0421875 0.046875
1 0.26953125 0.14921875 0.0390625 0.05
1 0.93984375 0.58125 0.040625 0.046875
1 0.6140625 0.2265625 0.0421875 0.0515625
1 0.46171875 0.76796875 0.0390625 0.0484375
1 0.74375 0.21171875 0.0421875 0.0515625
1 0.55546875 0.31328125 0.0375 0.05
1 0.509375 0.52890625 0.0390625 0.05
1 0.30234375 0.7140625 0.040625 0.0515625
0 0.84765625 0.88984375 0.0546875 0.0890625
1 0.36875 0.42109375 0.0359375 0.046875
1 0.21015625 0.38984375 0.0359375 0.0484375
1 0.553125 0.4328125 0.0359375 0.0484375
1 0.3125 0.25625 0.0375 0.046875
1 0.6734375 0.06875 0.040625 0.05
1 0.75078125 0.059375 0.0390625 0.05
1 0.0828125 0.39296875 0.0375 0.0484375
1 0.64375 0.61484375 0.0375 0.05
1 0.48125 0.66171875 0.0390625 0.0453125
1 0.02265625 0.07265625 0.04375 0.0515625
1 0.97578125 0.1046875 0.0390625 0.0453125
0 0.571875 0.58984375 0.0546875 0.0859375
1 0.25859375 0.83671875 0.0390625 0.046875
1 0.28359375 0.03671875 0.0359375 0.0453125
1 0.3421875 0.82890625 0.0375 0.046875
1 0.26796875 0.51875 0.0375 0.046875
1 0.98125 0.20390625 0.0375 0.0453125
1 0.12421875 0.76171875 0.0390625 0.0515625
1 0.7328125 0.46796875 0.0359375 0.0375
0 0.86171875 0.9734375 0.0421875 0.053125
1 0.9234375 0.7578125 0.03125 0.0359375
1 0.76171875 0.61875 0.04375 0.046875
1 0.415625 0.4546875 0.0390625 0.0484375
1 0.13671875 0.596875 0.0390625 0.0515625
1 0.33984375 0.51953125 0.0515625 0.059375
1 0.9359375 0.5109375 0.0359375 0.0390625
1 0.04140625 0.83125 0.040625 0.05
1 0.02890625 0.2515625 0.04375 0.05
1 0.10078125 0.465625 0.0359375 0.05
1 0.15234375 0.50390625 0.040625 0.05
1 0.22265625 0.725 0.0359375 0.04375
1 0.3046875 0.80703125 0.0359375 0.04375
1 0.4515625 0.603125 0.0390625 0.0515625
1 0.94921875 0.80703125 0.0328125 0.0390625
1 0.8515625 0.80625 0.028125 0.03125
1 0.884375 0.92734375 0.0328125 0.0359375
1 0.91875 0.86328125 0.028125 0.040625
1 0.6359375 0.4078125 0.0390625 0.046875
1 0.7578125 0.415625 0.0375 0.04375
1 0.9890625 0.565625 0.021875 0.0375
1 0.00859375 0.3375 0.0171875 0.0546875