0 0.94921875 0.23984375 0.0890625 0.0625
0 0.234375 0.940625 0.071875 0.090625
0 0.43046875 0.371875 0.0609375 0.0875
0 0.69765625 0.4640625 0.08125 0.06875
0 0.14140625 0.1296875 0.0609375 0.0703125
1 0.09296875 0.07265625 0.04375 0.0515625
1 0.78671875 0.9640625 0.0421875 0.0515625
1 0.54453125 0.3953125 0.0390625 0.05
1 0.975 0.790625 0.0453125 0.0546875
1 0.3328125 0.84140625 0.0390625 0.05625
0 0.8828125 0.96875 0.0625 0.0625
0 0.8109375 0.60234375 0.06875 0.08125
1 0.50390625 0.6265625 0.0390625 0.0515625
1 0.60078125 0.69140625 0.0390625 0.0484375
1 0.8640625 0.81796875 0.0390625 0.0484375
1 0.05859375 0.59453125 0.040625 0.0515625
1 0.65234375 0.940625 0.040625 0.046875
1 0.1984375 0.23359375 0.0390625 0.05
1 0.309375 0.475 0.0375 0.0515625
1 0.3359375 0.35859375 0.0390625 0.053125
1 0.925 0.85859375 0.040625 0.0515625
0 0.4453125 0.625 0.0578125 0.0984375
0 0.58671875 0.46875 0.075 0.0640625
1 0.83046875 0.7046875 0.0453125 0.0515625
1 0.2484375 0.08984375 0.0453125 0.0515625
1 0.5171875 0.18828125 0.0390625 0.053125
1 0.07734375 0.9546875 0.0421875 0.0515625
1 0.77109375 0.8015625 0.0390625 0.0484375
1 0.06875 0.18671875 0.0421875 0.0515625
1 0.2140625 0.03359375 0.04375 0.0546875
1 0.29140625 0.253125 0.0328125 0.040625
1 0.04296875 0.0640625 0.0390625 0.0484375
1 0.6421875 0.75234375 0.040625 0.0515625
1 0.9140625 0.45703125 0.046875 0.0625
1 0.38203125 0.58671875 0.0375 0.0515625
1 0.778125 0.4921875 0.0421875 0.053125
1 0.953125 0.33203125 0.040625 0.0484375
1 0.4015625 0.87890625 0.046875 0.0671875
1 0.43515625 0.215625 0.0390625 0.0484375
1 0.246875 0.18515625 0.0390625 0.0484375
1 0.1109375 0.4765625 0.040625 0.046875
1 0.33984375 0.04296875 0.04375 0.0484375
0 0.38125 0.4515625 0.0625 0.096875
1 0.9640625 0.56484375 0.0421875 0.0546875
1 0.06875 0.321875 0.0375 0.0484375
1 0.71484375 0.36328125 0.0421875 0.0453125
1 0.69921875 0.18359375 0.0421875 0.0453125
1 0.50390625 0.05703125 0.0390625 0.05
1 0.32734375 0.95546875 0.0390625 0.0515625
1 0.1375 0.7140625 0.0375 0.0515625
1 0.20859375 0.73828125 0.0375 0.0484375
1 0.54140625 0.68828125 0.0390625 0.0515625
0 0.6953125 0.80390625 0.0546875 0.0796875
1 0.83046875 0.3828125 0.0421875 0.0515625
1 0.45234375 0.73359375 0.0421875 0.0546875
1 0.65390625 0.109375 0.0375 0.05
1 0.47890625 0.9421875 0.0390625 0.053125
1 0.54765625 0.90703125 0.0359375 0.046875
1 0.45859375 0.12421875 0.0359375 0.05
1 0.2578125 0.6328125 0.0390625 0.053125
0 0.3609375 0.22421875 0.0703125 0.0984375
1 0.6453125 0.3734375 0.0359375 0.046875
1 0.75 0.07421875 0.0390625 0.0546875
1 0.615625 0.8921875 0.040625 0.0453125
1 0.75 0.68359375 0.0359375 0.0421875
1 0.9828125 0.89921875 0.034375 0.0515625
1 0.246875 0.43671875 0.040625 0.05
1 0.0359375 0.51171875 0.0328125 0.040625
1 0.190625 0.34609375 0.0375 0.04375
1 0.89609375 0.353125 0.04375 0.0546875
1 0.11953125 0.22890625 0.040625 0.05
1 0.79609375 0.29921875 0.0421875 0.053125
0 0.72421875 0.91015625 0.0625 0.08125
1 0.5890625 0.34375 0.04375 0.0453125
1 0.65625 0.55546875 0.040625 0.0421875
1 0.025 0.97265625 0.0421875 0.05
1 0.6921875 0.61484375 0.0390625 0.0453125
1 0.8953125 0.7 0.0421875 0.05
1 0.50625 0.3796875 0.0375 0.0546875
1 0.15625 0.4109375 0.0390625 0.05
1 0.853125 0.496875 0.0390625 0.05
1 0.57109375 0.05390625 0.0359375 0.0390625
0 0.48515625 0.8359375 0.05 0.084375
1 0.61015625 0.81953125 0.0359375 0.04375
1 0.196875 0.65859375 0.040625 0.0421875
1 0.471875 0.51640625 0.0390625 0.0453125
1 0.7640625 0.234375 0.0359375 0.0421875
1 0.2609375 0.828125 0.0390625 0.05
1 0.12890625 0.54140625 0.04375 0.05
1 0.5828125 0.15078125 0.040625 0.046875
1 0.30234375 0.77109375 0.040625 0.0453125
1 0.36328125 0.1046875 0.0328125 0.05
1 0.309375 0.57421875 0.0375 0.046875
1 0.00859375 0.7390625 0.0171875 0.046875