0 0.4125 0.6421875 0.0671875 0.1265625
1 0.709375 0.14375 0.0390625 0.0484375
1 0.28828125 0.1015625 0.0421875 0.053125
1 0.46328125 0.97265625 0.0421875 0.053125
1 0.54765625 0.48125 0.0421875 0.0484375
0 0.58125 0.26015625 0.065625 0.0828125
1 0.93203125 0.42421875 0.0484375 0.059375
1 0.07421875 0.75625 0.040625 0.0484375
1 0.1171875 0.0515625 0.0453125 0.0515625
1 0.18359375 0.440625 0.040625 0.053125
1 0.92578125 0.0375 0.053125 0.065625
1 0.16875 0.09609375 0.0453125 0.0515625
1 0.8046875 0.2140625 0.0421875 0.0515625
1 0.1796875 0.25703125 0.04375 0.0484375
1 0.9515625 0.3015625 0.0453125 0.0546875
1 0.6296875 0.5578125 0.0421875 0.0515625
1 0.38359375 0.36328125 0.0390625 0.046875
1 0.41484375 0.10390625 0.0390625 0.0515625
1 0.6109375 0.42734375 0.0421875 0.0484375
1 0.47265625 0.43515625 0.0421875 0.0515625
1 0.728125 0.225 0.0421875 0.0515625
1 0.6578125 0.16875 0.040625 0.05
1 0.653125 0.6328125 0.0390625 0.0546875
1 0.74375 0.08515625 0.0484375 0.0609375
1 0.47734375 0.15234375 0.040625 0.05
1 0.303125 0.44140625 0.0484375 0.0578125
1 0.23203125 0.46640625 0.04375 0.0515625
1 0.7453125 0.6984375 0.0421875 0.0515625
1 0.9515625 0.89140625 0.0453125 0.05625
1 0.525 0.884375 0.040625 0.05
0 0.54609375 0.571875 0.053125 0.0984375
1 0.05859375 0.49609375 0.0421875 0.05
1 0.81484375 0.4 0.04375 0.05625
1 0.59453125 0.3515625 0.04375 0.05
1 0.01796875 0.565625 0.0359375 0.0515625
0 0.921875 0.1546875 0.05 0.0875
1 0.3984375 0.890625 0.0390625 0.0515625
1 0.64375 0.0515625 0.0421875 0.046875
1 0.54296875 0.16328125 0.0453125 0.059375
1 0.1234375 0.8046875 0.04375 0.053125
0 0.38046875 0.20859375 0.0546875 0.1
1 0.76171875 0.1625 0.0421875 0.0484375
1 0.9734375 0.58046875 0.0453125 0.053125
1 0.14140625 0.890625 0.04375 0.0484375
1 0.2921875 0.52421875 0.0453125 0.0515625
1 0.7578125 0.6265625 0.04375 0.0515625
1 0.1875 0.66171875 0.0453125 0.0484375
1 0.78828125 0.553125 0.0359375 0.04375
1 0.34453125 0.66484375 0.0390625 0.0484375
1 0.90390625 0.3671875 0.0421875 0.053125
1 0.853125 0.1328125 0.0421875 0.0546875
1 0.48203125 0.82265625 0.0421875 0.053125
1 0.8671875 0.66328125 0.040625 0.053125
1 0.60625 0.86953125 0.0390625 0.05625
1 0.30625 0.97734375 0.04375 0.0453125
1 0.21640625 0.796875 0.0375 0.046875
1 0.65234375 0.75078125 0.040625 0.0546875
1 0.30625 0.62890625 0.04375 0.0484375
1 0.01796875 0.12109375 0.0359375 0.0453125
1 0.253125 0.81796875 0.0359375 0.0453125
1 0.28046875 0.92421875 0.0359375 0.0453125
1 0.64453125 0.49140625 0.0421875 0.04375
1 0.025 0.446875 0.04375 0.0484375
1 0.2296875 0.325 0.0421875 0.05
1 0.36015625 0.75546875 0.0421875 0.0515625
1 0.20859375 0.1953125 0.040625 0.05
1 0.07578125 0.134375 0.0359375 0.040625
1 0.715625 0.42734375 0.04375 0.053125
1 0.32734375 0.225 0.04375 0.0578125
1 0.05 0.3390625 0.0453125 0.059375
1 0.68125 0.2875 0.040625 0.0453125
1 0.88203125 0.890625 0.0421875 0.05625
1 0.11875 0.17734375 0.040625 0.046875
1 0.24765625 0.14921875 0.040625 0.0453125
1 0.52265625 0.0875 0.0421875 0.0484375
1 0.01640625 0.19609375 0.0328125 0.0421875
1 0.7015625 0.659375 0.04375 0.05
1 0.55859375 0.78359375 0.0359375 0.046875
1 0.6734375 0.36484375 0.0390625 0.040625
1 0.47578125 0.30546875 0.046875 0.0546875
1 0.1890625 0.959375 0.0375 0.0453125
0 0.4875 0.71953125 0.05 0.0984375
1 0.05859375 0.2171875 0.034375 0.046875
1 0.46015625 0.02734375 0.0421875 0.04375
1 0.6640625 0.10390625 0.0359375 0.046875
1 0.91171875 0.22734375 0.0421875 0.0453125
1 0.71640625 0.8265625 0.0421875 0.05
1 0.64296875 0.896875 0.0390625 0.0453125
1 0.33046875 0.82265625 0.0390625 0.0484375
1 0.259375 0.68828125 0.040625 0.046875
1 0.30234375 0.71953125 0.0421875 0.046875
1 0.13359375 0.60859375 0.0375 0.05
1 0.3546875 0.321875 0.0359375 0.053125
1 0.3328125 0.3859375 0.0390625 0.046875
1 0.4359375 0.27734375 0.0375 0.05625
1 0.9890625 0.165625 0.021875 0.046875
1 0.9890625 0.2296875 0.021875 0.0546875
1 0.1078125 0.9828125 0.040625 0.034375
1 0.04609375 0.9828125 0.0421875 0.034375