1 0.4890625 0.55234375 0.0390625 0.0484375
1 0.25625 0.28203125 0.040625 0.05
0 0.528125 0.596875 0.06875 0.0625
1 0.7296875 0.86484375 0.0484375 0.0640625
0 0.840625 0.0671875 0.053125 0.0984375
1 0.01875 0.909375 0.0375 0.05
0 0.278125 0.19765625 0.0765625 0.0578125
1 0.4703125 0.94140625 0.0421875 0.0515625
1 0.75390625 0.95625 0.0484375 0.065625
1 0.6171875 0.5984375 0.0421875 0.0515625
1 0.13359375 0.04375 0.0484375 0.0609375
1 0.1609375 0.68125 0.04375 0.059375
1 0.5015625 0.30546875 0.05 0.0625
0 0.45390625 0.39296875 0.0578125 0.0984375
1 0.05546875 0.7984375 0.040625 0.0515625
1 0.9234375 0.51640625 0.0421875 0.0546875
1 0.1328125 0.8375 0.0421875 0.05
1 0.7625 0.30546875 0.0359375 0.0390625
1 0.96484375 0.10546875 0.05 0.0609375
1 0.3609375 0.34140625 0.0390625 0.0515625
1 0.44765625 0.15546875 0.0484375 0.0609375
1 0.85 0.26796875 0.040625 0.0484375
1 0.3 0.0375 0.0453125 0.053125
1 0.23828125 0.3640625 0.0375 0.05
1 0.97890625 0.25859375 0.0421875 0.0578125
1 0.98203125 0.6328125 0.0359375 0.0640625
1 0.86875 0.53125 0.04375 0.0578125
1 0.546875 0.69375 0.04375 0.05
1 0.16640625 0.3828125 0.0390625 0.0515625
1 0.20703125 0.9328125 0.0375 0.0453125
1 0.65078125 0.33671875 0.0390625 0.053125
1 0.796875 0.9109375 0.04375 0.05625
1 0.35546875 0.43359375 0.0359375 0.0484375
1 0.3828125 0.14921875 0.0390625 0.05
1 0.525 0.8625 0.0421875 0.0546875
0 0.5125 0.44296875 0.0671875 0.0796875
1 0.25 0.109375 0.04375 0.0515625
1 0.61328125 0.503125 0.0375 0.0515625
1 0.67421875 0.51640625 0.04375 0.0515625
1 0.45390625 0.03359375 0.04375 0.0484375
1 0.17734375 0.87265625 0.040625 0.046875
1 0.225 0.42890625 0.0359375 0.040625
1 0.7640625 0.3828125 0.0421875 0.0515625
1 0.6546875 0.04453125 0.0453125 0.0546875
1 0.92109375 0.64140625 0.04375 0.0546875
1 0.5609375 0.7671875 0.05 0.05625
1 0.75078125 0.4890625 0.040625 0.05
1 0.571875 0.3265625 0.0375 0.046875
1 0.89375 0.31796875 0.040625 0.05
1 0.2921875 0.3875 0.0375 0.040625
0 0.76875 0.75 0.0625 0.0921875
1 0.41796875 0.8125 0.040625 0.0484375
1 0.3203125 0.28984375 0.040625 0.046875
1 0.71015625 0.44453125 0.0390625 0.05
1 0.8234375 0.83515625 0.040625 0.0484375
1 0.41953125 0.25234375 0.0484375 0.0640625
1 0.63359375 0.77734375 0.0390625 0.0484375
1 0.40078125 0.02109375 0.0453125 0.0421875
1 0.20078125 0.146875 0.0421875 0.05
1 0.7953125 0.56640625 0.0421875 0.0515625
0 0.31875 0.7984375 0.040625 0.075
1 0.55859375 0.13671875 0.046875 0.0546875
1 0.546875 0.5078125 0.0390625 0.0421875
1 0.1828125 0.5453125 0.0328125 0.0375
1 0.1796875 0.25625 0.034375 0.0484375
1 0.66953125 0.20703125 0.04375 0.0515625
1 0.85546875 0.459375 0.0421875 0.0515625
1 0.02734375 0.53828125 0.0390625 0.05
1 0.60703125 0.0328125 0.046875 0.0640625
1 0.80546875 0.278125 0.040625 0.05
1 0.284375 0.59453125 0.034375 0.040625
1 0.26875 0.89296875 0.0390625 0.0484375
0 0.9453125 0.90078125 0.065625 0.0734375
1 0.05703125 0.3359375 0.0390625 0.05
1 0.64921875 0.428125 0.0359375 0.0421875
1 0.6859375 0.1125 0.0515625 0.0578125
1 0.89765625 0.43203125 0.04375 0.053125
1 0.94375 0.33203125 0.0421875 0.0546875
0 0.3140625 0.93984375 0.0515625 0.05625
0 0.31484375 0.4765625 0.0390625 0.059375
0 0.24453125 0.540625 0.0515625 0.065625
1 0.596875 0.2484375 0.0390625 0.04375
0 0.2390625 0.7015625 0.0703125 0.0484375
1 0.33359375 0.21953125 0.0359375 0.04375
1 0.771875 0.01015625 0.03125 0.0203125
1 0.98515625 0.946875 0.0296875 0.053125
1 0.0609375 0.98125 0.046875 0.0375
1 0.0125 0.7171875 0.025 0.0546875