0 0.07734375 0.63046875 0.071875 0.084375
0 0.36328125 0.89375 0.053125 0.0984375
1 0.38046875 0.98125 0.0390625 0.0375
1 0.1171875 0.3734375 0.0421875 0.053125
1 0.34921875 0.4234375 0.0484375 0.06875
1 0.7078125 0.24921875 0.0515625 0.0703125
1 0.97109375 0.84609375 0.0421875 0.053125
1 0.325 0.56328125 0.040625 0.046875
1 0.81640625 0.66171875 0.04375 0.0546875
1 0.83828125 0.25390625 0.04375 0.0578125
1 0.64296875 0.28046875 0.0484375 0.0734375
1 0.48515625 0.446875 0.0421875 0.053125
1 0.06640625 0.32890625 0.0421875 0.05625
1 0.48125 0.94765625 0.0421875 0.05
0 0.115625 0.75546875 0.046875 0.090625
1 0.03984375 0.71484375 0.040625 0.05
0 0.22734375 0.4421875 0.0546875 0.06875
1 0.6953125 0.53515625 0.040625 0.05
1 0.1328125 0.65 0.0421875 0.053125
1 0.8640625 0.8875 0.040625 0.053125
1 0.296875 0.0625 0.046875 0.0625
1 0.646875 0.70546875 0.05 0.0609375
1 0.50625 0.68203125 0.04375 0.0484375
1 0.83828125 0.5203125 0.04375 0.0515625
1 0.81640625 0.9421875 0.0421875 0.0515625
1 0.8796875 0.9765625 0.0359375 0.0453125
1 0.9125 0.8578125 0.0421875 0.053125
1 0.5640625 0.2171875 0.040625 0.053125
1 0.56953125 0.1046875 0.04375 0.0546875
1 0.303125 0.1859375 0.0390625 0.0484375
1 0.2796875 0.58984375 0.0390625 0.05
1 0.3921875 0.15 0.0421875 0.0578125
1 0.22265625 0.04375 0.0375 0.0453125
1 0.384375 0.72265625 0.0390625 0.05
1 0.92890625 0.94140625 0.040625 0.0515625
1 0.38984375 0.62265625 0.04375 0.05
1 0.053125 0.52265625 0.040625 0.053125
1 0.07734375 0.97734375 0.0390625 0.0453125
1 0.6046875 0.63359375 0.0359375 0.0390625
1 0.15546875 0.1375 0.0390625 0.0453125
1 0.04296875 0.215625 0.0390625 0.046875
1 0.16875 0.70546875 0.040625 0.04375
1 0.1046875 0.06484375 0.0390625 0.05
1 0.0140625 0.09375 0.028125 0.0515625
1 0.70703125 0.778125 0.0484375 0.065625
1 0.4078125 0.42734375 0.04375 0.05
1 0.228125 0.52734375 0.0328125 0.040625
1 0.57578125 0.36796875 0.0421875 0.0546875
1 0.246875 0.13203125 0.0421875 0.053125
1 0.471875 0.77890625 0.0421875 0.05
1 0.19140625 0.771875 0.040625 0.046875
1 0.23125 0.63515625 0.040625 0.0484375
1 0.10859375 0.22109375 0.0484375 0.05625
1 0.93203125 0.56015625 0.0421875 0.05625
1 0.771875 0.4765625 0.0421875 0.053125
1 0.4109375 0.83671875 0.0421875 0.0546875
1 0.54296875 0.8109375 0.046875 0.0515625
1 0.23359375 0.3 0.0390625 0.0421875
1 0.14609375 0.4828125 0.040625 0.0515625
1 0.63359375 0.44296875 0.0359375 0.0421875
1 0.7625 0.71171875 0.0390625 0.046875
1 0.26953125 0.73046875 0.046875 0.05625
1 0.1875 0.5578125 0.0484375 0.0625
1 0.17265625 0.33203125 0.0359375 0.04375
1 0.4453125 0.58984375 0.04375 0.0484375
1 0.0125 0.89296875 0.025 0.0421875
1 0.57109375 0.52734375 0.0390625 0.04375
1 0.88984375 0.64921875 0.040625 0.0515625
1 0.11640625 0.846875 0.0390625 0.0453125
1 0.56875 0.8984375 0.0390625 0.04375
1 0.15859375 0.26015625 0.0359375 0.0390625
1 0.69921875 0.65 0.0421875 0.040625
0 0.8953125 0.31328125 0.0578125 0.1046875
1 0.63359375 0.97421875 0.04375 0.0515625
1 0.5140625 0.55234375 0.0421875 0.046875
1 0.74375 0.5390625 0.040625 0.0453125
1 0.93125 0.7203125 0.0390625 0.04375
1 0.63046875 0.8421875 0.04375 0.05
1 0.05390625 0.1328125 0.0390625 0.046875
1 0.85390625 0.4390625 0.040625 0.05
1 0.94296875 0.228125 0.040625 0.0625
0 0.20234375 0.83203125 0.05625 0.0546875
1 0.29453125 0.846875 0.0375 0.04375
1 0.503125 0.87109375 0.04375 0.0578125
1 0.69296875 0.36015625 0.0359375 0.046875
1 0.26953125 0.34453125 0.0375 0.0390625
1 0.51640625 0.1765625 0.04375 0.0546875
1 0.8734375 0.17734375 0.0421875 0.0546875
1 0.7671875 0.0703125 0.040625 0.04375
1 0.74921875 0.17265625 0.0390625 0.0515625
1 0.26484375 0.9625 0.0421875 0.046875
0 0.70390625 0.88359375 0.0546875 0.0484375
0 0.3421875 0.34375 0.040625 0.0484375
1 0.290625 0.40703125 0.0375 0.04375
1 0.7328125 0.01484375 0.0453125 0.0296875
1 0.81875 0.01171875 0.0421875 0.0234375
1 0.9609375 0.0125 0.040625 0.025
1 0.990625 0.48984375 0.01875 0.0515625
1 0.984375 0.76171875 0.03125 0.0515625
1 0.76015625 0.98359375 0.0375 0.0328125