1 0.528125 0.96953125 0.0359375 0.0484375
0 0.378125 0.83359375 0.0515625 0.0609375
0 0.0421875 0.721875 0.0421875 0.0953125
1 0.95078125 0.46640625 0.0390625 0.046875
1 0.8578125 0.61015625 0.040625 0.05
0 0.59140625 0.0875 0.075 0.0578125
1 0.953125 0.165625 0.04375 0.0546875
0 0.44140625 0.59375 0.0671875 0.0859375
1 0.5484375 0.64609375 0.04375 0.0484375
0 0.659375 0.85390625 0.05625 0.05625
1 0.3625 0.1109375 0.0390625 0.0546875
1 0.2703125 0.72421875 0.0375 0.04375
1 0.49375 0.88671875 0.0375 0.0453125
1 0.9078125 0.22421875 0.04375 0.053125
1 0.06484375 0.6078125 0.0421875 0.0515625
1 0.35859375 0.4828125 0.040625 0.0484375
1 0.77265625 0.5765625 0.0421875 0.0515625
1 0.6828125 0.91171875 0.040625 0.046875
1 0.9 0.44140625 0.0421875 0.0515625
1 0.59609375 0.26015625 0.0421875 0.05625
1 0.3265625 0.7578125 0.040625 0.05
1 0.18515625 0.4 0.040625 0.05
1 0.3046875 0.6390625 0.0453125 0.05
1 0.534375 0.7234375 0.040625 0.0484375
1 0.746875 0.43671875 0.0390625 0.053125
1 0.71640625 0.26328125 0.0375 0.0515625
1 0.5921875 0.46640625 0.0390625 0.0546875
1 0.31328125 0.28359375 0.0421875 0.0515625
1 0.79921875 0.49140625 0.0390625 0.05
1 0.45234375 0.3203125 0.040625 0.0515625
1 0.18828125 0.54140625 0.0390625 0.053125
1 0.5015625 0.4546875 0.0453125 0.0515625
1 0.59609375 0.55234375 0.040625 0.0515625
1 0.825 0.3375 0.04375 0.0515625
1 0.76484375 0.94765625 0.0390625 0.05
1 0.1828125 0.0875 0.040625 0.0546875
1 0.74765625 0.7671875 0.0328125 0.0390625
0 0.371875 0.97890625 0.0515625 0.0421875
1 0.9375 0.6109375 0.040625 0.05
1 0.396875 0.36484375 0.040625 0.0453125
1 0.3703125 0.6703125 0.04375 0.046875
0 0.26484375 0.54921875 0.08125 0.06875
0 0.9328125 0.68046875 0.0609375 0.05
0 0.7875 0.709375 0.059375 0.059375
1 0.975 0.53828125 0.040625 0.05
1 0.23203125 0.265625 0.0453125 0.0609375
1 0.39375 0.02578125 0.040625 0.05
1 0.70703125 0.1828125 0.0375 0.0484375
1 0.521875 0.37890625 0.040625 0.046875
1 0.24765625 0.0359375 0.040625 0.053125
1 0.75859375 0.3484375 0.040625 0.05
1 0.371875 0.25078125 0.0421875 0.046875
1 0.34609375 0.5609375 0.0375 0.05
1 0.24453125 0.40390625 0.0484375 0.0625
1 0.34140625 0.3546875 0.04375 0.0515625
1 0.546875 0.25078125 0.0390625 0.0484375
1 0.87734375 0.36640625 0.046875 0.05
1 0.05078125 0.315625 0.046875 0.05625
1 0.45703125 0.73671875 0.0390625 0.05
0 0.6171875 0.7296875 0.04375 0.0828125
1 0.134375 0.165625 0.0390625 0.053125
1 0.153125 0.4609375 0.0375 0.0453125
1 0.53203125 0.5265625 0.04375 0.046875
0 0.60546875 0.825 0.0421875 0.078125
1 0.1234375 0.37265625 0.0421875 0.053125
1 0.14921875 0.26875 0.040625 0.0484375
1 0.19375 0.67421875 0.0421875 0.0515625
1 0.6078125 0.1671875 0.040625 0.0453125
1 0.5453125 0.17578125 0.0421875 0.0515625
1 0.43671875 0.24296875 0.0390625 0.046875
1 0.71875 0.83515625 0.0328125 0.040625
1 0.2015625 0.7421875 0.0375 0.0421875
1 0.05234375 0.4296875 0.040625 0.0515625
1 0.884375 0.66953125 0.034375 0.040625
0 0.8234375 0.98125 0.0671875 0.0375
1 0.42109375 0.921875 0.03125 0.0359375
1 0.9296875 0.3703125 0.0453125 0.0515625
1 0.3640625 0.91484375 0.0359375 0.0390625
1 0.68828125 0.6109375 0.0390625 0.046875
1 0.9625 0.84453125 0.0359375 0.040625
1 0.8734375 0.17265625 0.04375 0.0515625
1 0.07265625 0.8234375 0.0390625 0.0515625
0 0.6125 0.975 0.053125 0.05
1 0.90703125 0.30234375 0.0359375 0.04375
1 0.43984375 0.07421875 0.0390625 0.04375
1 0.05625 0.09140625 0.040625 0.046875
1 0.74609375 0.01796875 0.0359375 0.0359375
1 0.1890625 0.21171875 0.0390625 0.0421875
1 0.39140625 0.16640625 0.0375 0.046875
1 0.13046875 0.7171875 0.0375 0.0390625
1 0.07265625 0.0140625 0.0390625 0.028125
1 0.50234375 0.01484375 0.0421875 0.0296875
1 0.553125 0.0125 0.0375 0.025
1 0.04375 0.9890625 0.0328125 0.021875
1 0.45 0.01171875 0.03125 0.0234375