1 0.4375 0.59765625 0.0390625 0.0484375
1 0.2140625 0.5015625 0.0390625 0.0515625
0 0.36953125 0.3734375 0.0484375 0.0734375
1 0.65625 0.0890625 0.0390625 0.0546875
1 0.78828125 0.203125 0.04375 0.053125
1 0.0640625 0.73984375 0.0421875 0.05
1 0.33203125 0.6140625 0.0390625 0.0515625
1 0.5625 0.8421875 0.040625 0.053125
1 0.296875 0.48984375 0.0421875 0.0515625
1 0.63515625 0.72109375 0.0390625 0.0515625
1 0.05546875 0.30546875 0.0390625 0.0546875
1 0.72265625 0.3546875 0.0390625 0.05
1 0.35234375 0.05234375 0.0421875 0.053125
1 0.25859375 0.059375 0.040625 0.0484375
1 0.3375 0.121875 0.040625 0.05
1 0.37578125 0.2703125 0.040625 0.053125
1 0.84296875 0.42578125 0.040625 0.0515625
1 0.1953125 0.3453125 0.0390625 0.0515625
1 0.1046875 0.271875 0.0421875 0.05625
1 0.78671875 0.8015625 0.040625 0.0515625
1 0.8109375 0.4546875 0.0375 0.0484375
1 0.26484375 0.7390625 0.0484375 0.0671875
1 0.5578125 0.37578125 0.0375 0.05
1 0.684375 0.86640625 0.040625 0.053125
1 0.08359375 0.96171875 0.040625 0.053125
1 0.8359375 0.57890625 0.0390625 0.0515625
1 0.1640625 0.25234375 0.0375 0.053125
1 0.88515625 0.0671875 0.046875 0.0625
1 0.771875 0.38125 0.040625 0.053125
1 0.76328125 0.87890625 0.0359375 0.0453125
1 0.41015625 0.434375 0.040625 0.053125
1 0.78125 0.5390625 0.0421875 0.0546875
0 0.528125 0.10078125 0.08125 0.078125
1 0.56875 0.6703125 0.034375 0.0421875
1 0.5625 0.55 0.034375 0.04375
1 0.7546875 0.13984375 0.04375 0.053125
1 0.24296875 0.11796875 0.0421875 0.053125
1 0.15390625 0.45703125 0.0390625 0.0546875
1 0.09921875 0.5625 0.040625 0.053125
1 0.165625 0.7484375 0.040625 0.053125
1 0.15625 0.93671875 0.0421875 0.05625
1 0.2296875 0.24765625 0.0390625 0.0546875
1 0.04375 0.66875 0.0421875 0.053125
1 0.5859375 0.95859375 0.04375 0.05625
1 0.115625 0.0609375 0.040625 0.0515625
1 0.61484375 0.62421875 0.0328125 0.0421875
1 0.21171875 0.4296875 0.0390625 0.0484375
1 0.96640625 0.08984375 0.0421875 0.0515625
0 0.90859375 0.3578125 0.06875 0.05625
0 0.515625 0.68984375 0.059375 0.0546875
1 0.3421875 0.721875 0.0375 0.05
1 0.32109375 0.4203125 0.0390625 0.046875
1 0.68203125 0.7625 0.040625 0.0515625
1 0.665625 0.384375 0.0390625 0.05
1 0.01484375 0.90234375 0.0296875 0.0515625
1 0.96171875 0.45546875 0.040625 0.05
1 0.63046875 0.31640625 0.0421875 0.053125
1 0.0234375 0.76640625 0.0421875 0.0515625
1 0.4796875 0.64375 0.0328125 0.0375
1 0.50546875 0.78515625 0.0390625 0.0515625
1 0.41484375 0.521875 0.0390625 0.05
1 0.0984375 0.42265625 0.0375 0.046875
1 0.79453125 0.30234375 0.040625 0.0484375
1 0.94609375 0.953125 0.034375 0.040625
1 0.48125 0.1765625 0.0484375 0.05625
1 0.475 0.44375 0.0375 0.04375
1 0.58125 0.59453125 0.0359375 0.0421875
1 0.4421875 0.90625 0.0421875 0.05
1 0.89921875 0.8671875 0.034375 0.04375
1 0.11640625 0.63046875 0.0390625 0.05
1 0.60234375 0.43203125 0.0359375 0.0421875
1 0.09609375 0.8109375 0.04375 0.053125
1 0.70859375 0.23828125 0.040625 0.0515625
1 0.88984375 0.48515625 0.0421875 0.05
1 0.40859375 0.94140625 0.040625 0.046875
1 0.21171875 0.86171875 0.040625 0.05
1 0.175 0.834375 0.040625 0.05
1 0.1734375 0.16640625 0.0328125 0.040625
1 0.76015625 0.2640625 0.040625 0.0515625
1 0.79453125 0.63046875 0.0375 0.0453125
1 0.859375 0.8453125 0.0421875 0.05
1 0.5203125 0.47265625 0.0390625 0.05
1 0.94609375 0.4078125 0.0328125 0.0375
0 0.45 0.27890625 0.05 0.078125
1 0.71171875 0.53359375 0.0359375 0.0453125
1 0.0171875 0.43828125 0.0328125 0.046875
1 0.11875 0.175 0.0328125 0.046875
0 0.85 0.28984375 0.0625 0.0703125
1 0.92890625 0.775 0.0375 0.046875
1 0.8796875 0.68203125 0.0359375 0.04375
1 0.9421875 0.6640625 0.0375 0.04375
1 0.68828125 0.66484375 0.040625 0.0609375
1 0.14453125 0.0078125 0.0390625 0.015625
1 0.3265625 0.00859375 0.0375 0.0171875
1 0.01796875 0.215625 0.0359375 0.0421875
1 0.9921875 0.1390625 0.015625 0.040625
1 0.9890625 0.6734375 0.021875 0.04375
1 0.82734375 0.97578125 0.0296875 0.0375
1 0.66484375 0.9890625 0.0375 0.021875
1 0.521875 0.990625 0.028125 0.01875
1 0.2796875 0.84921875 0.0375 0.0453125