1 0.7390625 0.5625 0.0390625 0.0484375
0 0.22265625 0.42734375 0.0703125 0.06875
0 0.596875 0.95859375 0.059375 0.0828125
1 0.89921875 0.7 0.0375 0.046875
1 0.1515625 0.76484375 0.0421875 0.0515625
1 0.6921875 0.20234375 0.0421875 0.0515625
1 0.6390625 0.6375 0.0390625 0.0484375
1 0.67578125 0.78203125 0.040625 0.0484375
1 0.778125 0.40390625 0.0390625 0.05
1 0.9765625 0.45390625 0.0390625 0.05
1 0.2796875 0.58828125 0.0390625 0.0515625
1 0.86015625 0.76328125 0.040625 0.046875
1 0.16796875 0.3140625 0.040625 0.053125
1 0.2484375 0.23984375 0.0421875 0.05
1 0.63515625 0.74375 0.0390625 0.04375
1 0.825 0.31015625 0.0421875 0.0515625
1 0.253125 0.31328125 0.0453125 0.0546875
1 0.628125 0.56640625 0.0390625 0.046875
1 0.5734375 0.80703125 0.0390625 0.05
1 0.88046875 0.24375 0.0484375 0.0640625
1 0.028125 0.965625 0.0421875 0.0515625
1 0.63046875 0.17421875 0.0390625 0.05
1 0.68671875 0.12890625 0.0421875 0.0484375
1 0.79765625 0.5046875 0.0390625 0.046875
1 0.3125 0.13046875 0.0421875 0.053125
1 0.1890625 0.6328125 0.046875 0.0640625
1 0.0578125 0.34140625 0.040625 0.0546875
1 0.7109375 0.32578125 0.0421875 0.046875
1 0.9375 0.3796875 0.04375 0.05625
1 0.86953125 0.82578125 0.0375 0.0484375
1 0.040625 0.77421875 0.04375 0.0546875
1 0.33671875 0.54765625 0.0421875 0.0515625
1 0.4328125 0.81484375 0.05 0.0671875
1 0.240625 0.16875 0.040625 0.05
1 0.22109375 0.52265625 0.040625 0.05
1 0.54609375 0.4203125 0.0390625 0.0484375
1 0.8140625 0.11015625 0.040625 0.0515625
1 0.06953125 0.0265625 0.040625 0.05
1 0.6484375 0.44765625 0.0390625 0.05
1 0.0375 0.54765625 0.040625 0.046875
1 0.11171875 0.828125 0.0375 0.0453125
1 0.98203125 0.76875 0.0359375 0.05
1 0.95234375 0.25625 0.0375 0.0453125
1 0.3734375 0.33515625 0.0390625 0.0484375
1 0.75625 0.7953125 0.0359375 0.04375
1 0.8265625 0.2015625 0.0453125 0.0515625
1 0.484375 0.6625 0.0390625 0.04375
1 0.30625 0.3453125 0.0390625 0.0484375
0 0.140625 0.10625 0.06875 0.084375
1 0.165625 0.23125 0.040625 0.0515625
1 0.3734375 0.65859375 0.0390625 0.0515625
1 0.53359375 0.0375 0.040625 0.0515625
1 0.47890625 0.571875 0.0375 0.0453125
1 0.60390625 0.28359375 0.0390625 0.0484375
1 0.51875 0.46953125 0.0390625 0.05
1 0.665625 0.26953125 0.040625 0.053125
1 0.53046875 0.10546875 0.0421875 0.05
0 0.8953125 0.4484375 0.0640625 0.0671875
1 0.50625 0.85 0.0390625 0.05
1 0.5203125 0.32265625 0.040625 0.0515625
1 0.6703125 0.83671875 0.040625 0.0484375
1 0.6953125 0.47578125 0.0375 0.0453125
1 0.21328125 0.728125 0.040625 0.05
1 0.3234375 0.82734375 0.046875 0.065625
1 0.1921875 0.82734375 0.0375 0.046875
1 0.915625 0.92265625 0.0390625 0.05
1 0.10078125 0.6078125 0.0390625 0.0484375
0 0.0984375 0.48359375 0.05625 0.090625
1 0.76171875 0.88359375 0.0390625 0.05
1 0.8390625 0.615625 0.0359375 0.04375
1 0.3875 0.20859375 0.040625 0.0515625
1 0.171875 0.025 0.040625 0.0484375
1 0.5578125 0.5484375 0.034375 0.0390625
1 0.021875 0.24921875 0.04375 0.0515625
1 0.671875 0.05078125 0.0390625 0.046875
1 0.91953125 0.5296875 0.0375 0.04375
1 0.35859375 0.090625 0.0421875 0.0515625
1 0.678125 0.378125 0.0390625 0.04375
1 0.425 0.69296875 0.0390625 0.0484375
1 0.01875 0.71640625 0.0375 0.04375
1 0.97734375 0.190625 0.040625 0.0484375
1 0.78203125 0.0421875 0.03125 0.0390625
1 0.95 0.021875 0.0421875 0.04375
0 0.5515625 0.7421875 0.05 0.0796875
1 0.4234375 0.3140625 0.0359375 0.046875
1 0.56953125 0.225 0.0359375 0.046875
1 0.3375 0.7484375 0.0453125 0.05
1 0.059375 0.1453125 0.0453125 0.053125
1 0.42734375 0.08671875 0.040625 0.053125
1 0.87109375 0.0984375 0.0515625 0.05
1 0.76953125 0.25234375 0.0375 0.0453125
1 0.0875 0.925 0.0421875 0.0609375
1 0.05859375 0.51484375 0.034375 0.046875
1 0.59609375 0.0484375 0.0375 0.05
1 0.540625 0.90234375 0.0359375 0.046875
1 0.3359375 0.38671875 0.040625 0.05
1 0.00703125 0.015625 0.0140625 0.03125
1 0.45234375 0.015625 0.0359375 0.03125
1 0.7390625 0.0140625 0.05 0.028125
1 0.98828125 0.94296875 0.0234375 0.0375
1 0.4265625 0.98359375 0.046875 0.0328125