0 0.88046875 0.57734375 0.0734375 0.0703125
0 0.5296875 0.32109375 0.0953125 0.0890625
1 0.91640625 0.98515625 0.0421875 0.0296875
1 0.146875 0.79296875 0.040625 0.046875
1 0.09921875 0.134375 0.04375 0.0515625
1 0.153125 0.3203125 0.040625 0.0484375
1 0.86796875 0.9375 0.0421875 0.0484375
1 0.2234375 0.74453125 0.0421875 0.0515625
1 0.69453125 0.03515625 0.0421875 0.053125
0 0.44921875 0.859375 0.040625 0.075
1 0.0203125 0.2328125 0.040625 0.0484375
0 0.07265625 0.590625 0.0546875 0.0671875
1 0.16796875 0.71171875 0.040625 0.0515625
1 0.196875 0.3875 0.040625 0.046875
1 0.68046875 0.46953125 0.0390625 0.0484375
0 0.978125 0.53046875 0.04375 0.078125
1 0.646875 0.86171875 0.0390625 0.04375
0 0.48515625 0.72890625 0.05625 0.075
1 0.61328125 0.1546875 0.04375 0.0546875
1 0.29296875 0.346875 0.04375 0.0515625
1 0.38359375 0.26953125 0.04375 0.053125
1 0.04609375 0.0890625 0.04375 0.0515625
1 0.396875 0.36484375 0.04375 0.053125
1 0.09140625 0.68671875 0.040625 0.05
1 0.1703125 0.16640625 0.040625 0.053125
1 0.840625 0.74296875 0.04375 0.0515625
1 0.36171875 0.7984375 0.0375 0.04375
1 0.19296875 0.47890625 0.0421875 0.046875
1 0.2421875 0.90390625 0.0453125 0.05625
1 0.52578125 0.43984375 0.04375 0.0515625
1 0.70390625 0.71875 0.0390625 0.046875
1 0.6171875 0.540625 0.0390625 0.04375
1 0.903125 0.76484375 0.0484375 0.0625
1 0.471875 0.5375 0.040625 0.05
1 0.69140625 0.8359375 0.040625 0.0515625
1 0.2359375 0.1453125 0.04375 0.0515625
1 0.7703125 0.97265625 0.0421875 0.0484375
1 0.7421875 0.7859375 0.0390625 0.0515625
1 0.765625 0.52265625 0.040625 0.046875
1 0.03671875 0.52734375 0.0421875 0.0453125
1 0.2609375 0.02578125 0.040625 0.0484375
0 0.38203125 0.9328125 0.05 0.0828125
1 0.4078125 0.56875 0.0390625 0.0484375
1 0.5328125 0.07421875 0.0421875 0.0515625
1 0.81875 0.0234375 0.046875 0.046875
1 0.5953125 0.23671875 0.046875 0.0515625
1 0.2390625 0.2109375 0.0421875 0.05
1 0.07578125 0.27734375 0.0390625 0.04375
1 0.0265625 0.45546875 0.0421875 0.0484375
1 0.43046875 0.13515625 0.04375 0.05
1 0.0890625 0.03203125 0.04375 0.0515625
1 0.27890625 0.71015625 0.0390625 0.05
1 0.01875 0.91875 0.0375 0.0484375
1 0.81171875 0.4359375 0.0421875 0.046875
0 0.65078125 0.6359375 0.0453125 0.0671875
1 0.3296875 0.71953125 0.0359375 0.0421875
0 0.3609375 0.6421875 0.040625 0.0671875
1 0.27109375 0.803125 0.0390625 0.0453125
1 0.32109375 0.60703125 0.0390625 0.0421875
1 0.8015625 0.19375 0.0421875 0.0515625
1 0.69765625 0.2265625 0.04375 0.053125
1 0.9328125 0.4625 0.0375 0.05
1 0.7640625 0.61875 0.0421875 0.0453125
1 0.75078125 0.68515625 0.0421875 0.046875
1 0.1328125 0.60078125 0.040625 0.04375
1 0.915625 0.84765625 0.040625 0.0515625
1 0.41796875 0.20703125 0.0421875 0.046875
1 0.521875 0.15 0.04375 0.0515625
1 0.01640625 0.753125 0.0328125 0.0484375
1 0.73515625 0.57265625 0.0421875 0.046875
1 0.20859375 0.8125 0.0359375 0.040625
1 0.04765625 0.34921875 0.0390625 0.040625
1 0.93125 0.059375 0.040625 0.053125
1 0.5984375 0.4171875 0.040625 0.0453125
1 0.659375 0.74921875 0.0359375 0.04375
1 0.28203125 0.95234375 0.0390625 0.0453125
1 0.43203125 0.07265625 0.0453125 0.05
1 0.45 0.959375 0.0375 0.0453125
1 0.65546875 0.346875 0.0390625 0.0453125
1 0.74921875 0.28515625 0.040625 0.05
1 0.98359375 0.4078125 0.0328125 0.046875
1 0.7125 0.91171875 0.0390625 0.0453125
0 0.85 0.51015625 0.0734375 0.0796875
1 0.70625 0.32578125 0.040625 0.053125
1 0.78984375 0.265625 0.040625 0.046875
0 0.38828125 0.7140625 0.0546875 0.04375
1 0.5953125 0.878125 0.034375 0.0390625
1 0.64140625 0.9296875 0.0359375 0.0390625
1 0.1359375 0.534375 0.046875 0.0640625
1 0.4640625 0.18203125 0.0328125 0.0484375
1 0.89375 0.23046875 0.046875 0.05
1 0.93984375 0.19453125 0.0421875 0.046875
1 0.17734375 0.01015625 0.0359375 0.0203125
1 0.3859375 0.01171875 0.0453125 0.0234375
1 0.53203125 0.0109375 0.0421875 0.021875
1 0.0875 0.9828125 0.0421875 0.034375
1 0.1828125 0.98984375 0.0375 0.0203125