0 0.25234375 0.0328125 0.0703125 0.0640625
0 0.440625 0.33671875 0.0546875 0.05625
0 0.69375 0.4390625 0.0515625 0.06875
1 0.2265625 0.1515625 0.0390625 0.046875
1 0.78984375 0.5484375 0.040625 0.0515625
1 0.05234375 0.1046875 0.040625 0.0515625
1 0.91328125 0.91484375 0.0375 0.053125
0 0.7640625 0.1296875 0.04375 0.0609375
0 0.346875 0.28671875 0.0625 0.0890625
1 0.1515625 0.05234375 0.040625 0.0484375
1 0.578125 0.25546875 0.0421875 0.0484375
1 0.56484375 0.775 0.0390625 0.05
1 0.0875 0.35078125 0.040625 0.0515625
0 0.67890625 0.15390625 0.0625 0.046875
1 0.72265625 0.7453125 0.0390625 0.0515625
1 0.1328125 0.27578125 0.040625 0.0515625
1 0.490625 0.775 0.0390625 0.0484375
1 0.1234375 0.13984375 0.0375 0.0453125
1 0.5296875 0.92578125 0.0390625 0.0484375
1 0.309375 0.140625 0.0390625 0.0453125
1 0.93515625 0.5046875 0.0375 0.0515625
1 0.2328125 0.9234375 0.0421875 0.053125
1 0.98203125 0.115625 0.0359375 0.0453125
1 0.359375 0.17890625 0.0359375 0.04375
1 0.21328125 0.2734375 0.040625 0.046875
1 0.70078125 0.8921875 0.0421875 0.0515625
1 0.9875 0.278125 0.025 0.05
1 0.41171875 0.22890625 0.040625 0.0484375
1 0.978125 0.70546875 0.0375 0.0484375
1 0.36015625 0.084375 0.0390625 0.05
0 0.7453125 0.4046875 0.046875 0.0609375
0 0.446875 0.4203125 0.0375 0.0625
1 0.79453125 0.6546875 0.040625 0.0515625
0 0.54453125 0.3765625 0.078125 0.0515625
1 0.353125 0.41875 0.0375 0.0453125
1 0.81171875 0.9171875 0.0375 0.05
1 0.2890625 0.87890625 0.0390625 0.05
1 0.61796875 0.53671875 0.0375 0.0484375
1 0.875 0.221875 0.0328125 0.040625
1 0.67109375 0.2609375 0.0328125 0.0375
1 0.2734375 0.2234375 0.040625 0.0484375
0 0.628125 0.41328125 0.059375 0.046875
1 0.23203125 0.6796875 0.0390625 0.05
0 0.86953125 0.0625 0.05 0.05
1 0.25 0.45390625 0.0375 0.046875
1 0.46171875 0.12734375 0.0375 0.0453125
1 0.084375 0.80390625 0.040625 0.046875
1 0.5546875 0.559375 0.040625 0.046875
1 0.73984375 0.971875 0.0390625 0.0484375
1 0.55390625 0.6578125 0.04375 0.0515625
1 0.87109375 0.6484375 0.0421875 0.05
1 0.3953125 0.75625 0.0390625 0.046875
1 0.47109375 0.05078125 0.0328125 0.0421875
1 0.584375 0.97890625 0.0390625 0.0421875
1 0.5078125 0.578125 0.0375 0.05
1 0.809375 0.1859375 0.0328125 0.0390625
1 0.0546875 0.85625 0.05 0.0640625
1 0.46796875 0.903125 0.040625 0.053125
0 0.028125 0.6078125 0.05625 0.075
1 0.659375 0.02421875 0.03125 0.0390625
1 0.60703125 0.07734375 0.03125 0.0390625
1 0.72421875 0.621875 0.0390625 0.046875
1 0.56328125 0.87265625 0.0390625 0.0453125
1 0.5140625 0.215625 0.040625 0.046875
1 0.51015625 0.85078125 0.0359375 0.0421875
1 0.93671875 0.15078125 0.0359375 0.040625
1 0.4296875 0.82265625 0.0390625 0.0484375
1 0.39609375 0.578125 0.0359375 0.046875
1 0.80546875 0.29765625 0.0375 0.04375
1 0.9859375 0.04296875 0.028125 0.0421875
1 0.365625 0.8328125 0.0390625 0.05
1 0.66953125 0.20625 0.034375 0.0390625
1 0.384375 0.97890625 0.040625 0.0421875
1 0.1984375 0.3359375 0.0390625 0.046875
1 0.56015625 0.1 0.028125 0.034375
1 0.2828125 0.74765625 0.0375 0.0515625
1 0.45859375 0.59921875 0.0359375 0.04375
1 0.115625 0.975 0.05 0.05
1 0.22421875 0.98203125 0.0359375 0.0359375
0 0.4453125 0.5015625 0.0625 0.0453125
1 0.16796875 0.7984375 0.0390625 0.05
1 0.51796875 0.7015625 0.0390625 0.04375
1 0.63515625 0.78046875 0.0328125 0.04375
1 0.91171875 0.71171875 0.0390625 0.0484375
1 0.25546875 0.37421875 0.0390625 0.04375
1 0.36484375 0.91328125 0.0375 0.05
1 0.7546875 0.80859375 0.0359375 0.0453125
1 0.9328125 0.06328125 0.03125 0.0390625
1 0.63359375 0.9484375 0.0421875 0.05625
1 0.11484375 0.88359375 0.0375 0.05
1 0.496875 0.3046875 0.03125 0.040625
1 0.96484375 0.3828125 0.034375 0.0421875
1 0.16015625 0.8921875 0.034375 0.046875
1 0.14140625 0.38671875 0.040625 0.0515625
0 0.2015625 0.503125 0.0515625 0.071875
0 0.3203125 0.528125 0.0625 0.0515625
1 0.6078125 0.00859375 0.034375 0.0171875
1 0.784375 0.040625 0.03125 0.040625
1 0.5296875 0.04921875 0.03125 0.0359375
1 0.4125 0.13828125 0.0328125 0.0375
0 0.4171875 0.0328125 0.05 0.0578125
1 0.9171875 0.615625 0.0453125 0.059375
1 0.71796875 0.5421875 0.0359375 0.046875
1 0.0203125 0.2703125 0.040625 0.05
0 0.59921875 0.1765625 0.059375 0.0453125
1 0.68046875 0.32890625 0.03125 0.0390625
1 0.3828125 0.4953125 0.0328125 0.0515625
0 0.23828125 0.56328125 0.059375 0.0625
0 0.09765625 0.19296875 0.0578125 0.05
1 0.33515625 0.93125 0.034375 0.0453125
1 0.00859375 0.04609375 0.0171875 0.04375
1 0.01171875 0.20546875 0.0234375 0.0421875
1 0.74609375 0.00859375 0.0265625 0.0171875
1 0.98671875 0.98203125 0.0265625 0.0359375
1 0.43671875 0.98359375 0.0328125 0.0328125
1 0.00859375 0.796875 0.0171875 0.0484375
1 0.0078125 0.5078125 0.015625 0.0484375