1 0.7578125 0.48671875 0.0578125 0.071875
1 0.69375 0.9234375 0.0390625 0.053125
0 0.85703125 0.890625 0.0671875 0.084375
0 0.88046875 0.58984375 0.0578125 0.090625
0 0.303125 0.73671875 0.053125 0.1015625
0 0.93828125 0.66015625 0.0609375 0.1015625
0 0.3765625 0.4484375 0.0703125 0.090625
0 0.6609375 0.34765625 0.0703125 0.071875
1 0.97890625 0.2828125 0.0421875 0.046875
1 0.825 0.7359375 0.0421875 0.053125
1 0.24609375 0.29375 0.04375 0.046875
0 0.6 0.721875 0.0578125 0.071875
1 0.46796875 0.2921875 0.0390625 0.05
1 0.81484375 0.640625 0.0453125 0.053125
1 0.92734375 0.77265625 0.040625 0.0515625
1 0.5359375 0.12265625 0.04375 0.0484375
0 0.634375 0.7921875 0.0546875 0.059375
1 0.82109375 0.3546875 0.0453125 0.053125
1 0.8265625 0.05859375 0.0421875 0.05
1 0.3140625 0.31171875 0.0421875 0.0515625
1 0.9203125 0.06953125 0.04375 0.05625
1 0.9328125 0.325 0.04375 0.053125
0 0.38515625 0.6578125 0.0640625 0.0515625
1 0.4203125 0.54296875 0.0421875 0.0515625
1 0.221875 0.20625 0.04375 0.0515625
1 0.64296875 0.54375 0.040625 0.05
1 0.17421875 0.41328125 0.046875 0.0515625
1 0.534375 0.2796875 0.0421875 0.053125
1 0.92578125 0.94296875 0.04375 0.0515625
1 0.8890625 0.71015625 0.04375 0.0546875
1 0.35703125 0.24140625 0.0453125 0.053125
1 0.11015625 0.215625 0.0421875 0.05625
1 0.2390625 0.646875 0.046875 0.0515625
1 0.73671875 0.3359375 0.0390625 0.0484375
1 0.9265625 0.52265625 0.0484375 0.059375
1 0.6859375 0.434375 0.0390625 0.05
1 0.325 0.61328125 0.0421875 0.0515625
1 0.52578125 0.459375 0.0421875 0.05625
0 0.09140625 0.70859375 0.053125 0.08125
1 0.56484375 0.5203125 0.040625 0.05
1 0.34921875 0.7265625 0.040625 0.0484375
1 0.96875 0.4390625 0.0421875 0.046875
1 0.54375 0.05078125 0.04375 0.053125
1 0.20625 0.928125 0.0390625 0.0484375
1 0.46015625 0.45 0.0453125 0.0546875
1 0.15390625 0.7203125 0.040625 0.0453125
1 0.17109375 0.2671875 0.0375 0.05
1 0.24921875 0.3734375 0.04375 0.0484375
1 0.4109375 0.98203125 0.034375 0.0359375
1 0.23125 0.55703125 0.040625 0.046875
1 0.46640625 0.075 0.046875 0.05625
1 0.66640625 0.1578125 0.046875 0.0609375
0 0.62265625 0.896875 0.0515625 0.0625
1 0.10546875 0.54609375 0.04375 0.046875
0 0.01953125 0.5265625 0.0390625 0.103125
1 0.98125 0.80703125 0.0375 0.046875
1 0.8765625 0.225 0.0453125 0.05625
1 0.37265625 0.94765625 0.0390625 0.046875
1 0.75859375 0.403125 0.0421875 0.0484375
1 0.08515625 0.115625 0.0453125 0.0515625
1 0.2828125 0.884375 0.0453125 0.0578125
1 0.98828125 0.97890625 0.0234375 0.0421875
1 0.1640625 0.97734375 0.0421875 0.0453125
1 0.0671875 0.98203125 0.0390625 0.0359375
1 0.83515625 0.97578125 0.0390625 0.046875
1 0.696875 0.85390625 0.046875 0.046875
0 0.6125 0.4453125 0.0515625 0.078125
1 0.453125 0.66328125 0.034375 0.0421875
1 0.59140625 0.103125 0.0421875 0.05
1 0.725 0.0796875 0.0515625 0.0625
0 0.33671875 0.1015625 0.06875 0.0625
1 0.01875 0.26875 0.0375 0.0515625
1 0.74296875 0.79375 0.0390625 0.0484375
1 0.15859375 0.10546875 0.0390625 0.05
0 0.5046875 0.6 0.046875 0.071875
1 0.0515625 0.375 0.046875 0.059375
1 0.0859375 0.4796875 0.0359375 0.0421875
1 0.253125 0.75703125 0.0421875 0.046875
1 0.1984375 0.83046875 0.0421875 0.0515625
1 0.1953125 0.76328125 0.0421875 0.05
1 0.12578125 0.0390625 0.0390625 0.0390625
1 0.0375 0.0171875 0.0375 0.034375
1 0.68984375 0.015625 0.0421875 0.03125
1 0.603125 0.21953125 0.0453125 0.0515625
1 0.79140625 0.1734375 0.0375 0.0546875
1 0.73359375 0.26640625 0.05 0.053125
1 0.98671875 0.5765625 0.0265625 0.05
1 0.709375 0.778125 0.0375 0.0421875
1 0.5125 0.9890625 0.03125 0.021875
1 0.00859375 0.8125 0.0171875 0.0484375
1 0.009375 0.66953125 0.01875 0.05
1 0.61796875 0.00859375 0.0296875 0.0171875
1 0.66328125 0.7015625 0.0328125 0.0453125
1 0.33671875 0.92890625 0.0296875 0.0359375