0 0.725 0.15390625 0.05 0.075
0 0.91640625 0.7640625 0.0671875 0.084375
0 0.1828125 0.24375 0.0703125 0.0640625
1 0.01796875 0.69609375 0.0359375 0.0515625
0 0.23359375 0.06875 0.0625 0.0625
0 0.5859375 0.94375 0.0765625 0.078125
1 0.15625 0.7625 0.040625 0.0515625
1 0.853125 0.57890625 0.04375 0.0578125
0 0.79375 0.13515625 0.0546875 0.0671875
1 0.978125 0.4625 0.0421875 0.0546875
1 0.2109375 0.740625 0.040625 0.0515625
1 0.28203125 0.14453125 0.040625 0.05
1 0.63203125 0.371875 0.0390625 0.05
1 0.21640625 0.31953125 0.0421875 0.0484375
1 0.55546875 0.021875 0.034375 0.0390625
1 0.95546875 0.5828125 0.04375 0.053125
1 0.50859375 0.3421875 0.0390625 0.046875
1 0.04921875 0.090625 0.04375 0.0484375
1 0.396875 0.51953125 0.040625 0.046875
1 0.72734375 0.82421875 0.05 0.0609375
1 0.13203125 0.190625 0.040625 0.0484375
1 0.2640625 0.7984375 0.0484375 0.0640625
0 0.56953125 0.28046875 0.053125 0.0625
1 0.8390625 0.4203125 0.040625 0.05
1 0.12578125 0.86484375 0.04375 0.05
1 0.03515625 0.56484375 0.0421875 0.0515625
1 0.54140625 0.4734375 0.0390625 0.05
1 0.40625 0.98046875 0.0421875 0.0390625
1 0.4375 0.34765625 0.0390625 0.05
1 0.2625 0.23359375 0.0390625 0.05
1 0.48828125 0.66796875 0.0375 0.0453125
1 0.59375 0.06796875 0.0390625 0.0421875
1 0.71796875 0.95390625 0.0484375 0.0640625
1 0.7953125 0.76875 0.04375 0.05
1 0.68984375 0.603125 0.0390625 0.05
0 0.76640625 0.6 0.0625 0.078125
1 0.20390625 0.14765625 0.04375 0.05
0 0.84921875 0.7015625 0.0484375 0.0984375
1 0.20078125 0.4859375 0.046875 0.059375
1 0.0484375 0.371875 0.040625 0.0515625
1 0.6578125 0.078125 0.0390625 0.0453125
1 0.5171875 0.86015625 0.0515625 0.0671875
1 0.47109375 0.92890625 0.040625 0.0515625
1 0.43046875 0.61171875 0.0375 0.04375
1 0.325 0.33359375 0.0390625 0.046875
1 0.41875 0.43671875 0.0375 0.0453125
1 0.153125 0.66328125 0.040625 0.046875
1 0.01953125 0.1828125 0.0390625 0.0484375
1 0.3296875 0.67265625 0.04375 0.0515625
1 0.38515625 0.35625 0.0375 0.0453125
1 0.76015625 0.45234375 0.0421875 0.05
1 0.340625 0.08828125 0.034375 0.04375
1 0.38671875 0.76796875 0.040625 0.0484375
1 0.13359375 0.01796875 0.0375 0.0359375
1 0.9421875 0.321875 0.0375 0.040625
1 0.08671875 0.29375 0.040625 0.046875
1 0.1828125 0.8859375 0.04375 0.05625
1 0.8203125 0.8984375 0.0390625 0.0453125
1 0.43984375 0.82734375 0.046875 0.05625
1 0.6515625 0.15546875 0.0375 0.04375
1 0.96640625 0.89765625 0.040625 0.053125
1 0.55078125 0.67578125 0.040625 0.05
1 0.3375 0.17421875 0.0359375 0.0453125
1 0.1046875 0.40078125 0.040625 0.0515625
1 0.228125 0.61171875 0.0359375 0.05
1 0.51796875 0.07578125 0.034375 0.0359375
1 0.41171875 0.0234375 0.03125 0.0390625
0 0.49296875 0.2390625 0.05 0.071875
0 0.07734375 0.7546875 0.06875 0.0703125
1 0.7875 0.31484375 0.040625 0.046875
1 0.4921875 0.1765625 0.0328125 0.0375
0 0.52421875 0.1375 0.05625 0.0609375
0 0.58828125 0.62734375 0.0625 0.08125
0 0.46875 0.48671875 0.06875 0.05625
1 0.67265625 0.71328125 0.04375 0.0546875
1 0.93515625 0.67109375 0.040625 0.046875
0 0.84765625 0.08203125 0.0546875 0.0796875
0 0.42265625 0.16875 0.0453125 0.0703125
1 0.678125 0.5375 0.0359375 0.0453125
1 0.5875 0.1625 0.034375 0.0375
1 0.5859375 0.40859375 0.040625 0.0484375
1 0.08203125 0.9234375 0.0453125 0.05
1 0.66328125 0.24609375 0.0390625 0.04375
1 0.51171875 0.56328125 0.040625 0.046875
1 0.7671875 0.2015625 0.034375 0.0390625
0 0.70234375 0.384375 0.05 0.059375
1 0.88515625 0.3546875 0.0359375 0.0453125
0 0.24453125 0.375 0.0484375 0.0546875
1 0.33671875 0.84609375 0.04375 0.0578125
1 0.3890625 0.70390625 0.0421875 0.0515625
1 0.26640625 0.640625 0.0421875 0.053125
1 0.08984375 0.5265625 0.0390625 0.05625
0 0.12734375 0.975 0.0640625 0.05
1 0.89296875 0.08984375 0.03125 0.0359375
1 0.59296875 0.11328125 0.0359375 0.040625
1 0.4171875 0.0796875 0.034375 0.0359375
1 0.13984375 0.5953125 0.0375 0.0484375
1 0.9140625 0.89296875 0.0359375 0.0453125
1 0.603125 0.8390625 0.04375 0.05
1 0.190625 0.01484375 0.040625 0.0296875
1 0.94140625 0.00859375 0.028125 0.015625
1 0.8921875 0.9859375 0.04375 0.028125
1 0.990625 0.97578125 0.015625 0.0484375
1 0.0078125 0.3390625 0.015625 0.040625
1 0.14453125 0.07734375 0.0375 0.0359375