1 0.43828125 0.775 0.0390625 0.0484375
1 0.32890625 0.87734375 0.0390625 0.0484375
1 0.8765625 0.14140625 0.040625 0.0515625
1 0.85234375 0.06328125 0.040625 0.053125
1 0.7765625 0.16328125 0.0421875 0.053125
1 0.54921875 0.65859375 0.0359375 0.04375
0 0.44296875 0.8859375 0.0703125 0.071875
1 0.2359375 0.1734375 0.0375 0.046875
0 0.22109375 0.4828125 0.05 0.084375
1 0.7 0.88515625 0.0375 0.046875
0 0.4 0.48671875 0.05625 0.0875
1 0.46171875 0.3453125 0.0375 0.046875
1 0.6515625 0.82890625 0.0390625 0.0484375
1 0.6640625 0.728125 0.040625 0.0484375
1 0.3078125 0.04296875 0.0359375 0.05
1 0.3796875 0.8375 0.0390625 0.0484375
1 0.88984375 0.74453125 0.0390625 0.05
1 0.53046875 0.92734375 0.0390625 0.05
1 0.88984375 0.590625 0.0375 0.046875
1 0.3765625 0.94765625 0.0390625 0.0453125
0 0.471875 0.6828125 0.0546875 0.0875
1 0.81640625 0.95625 0.0390625 0.0484375
1 0.83203125 0.4984375 0.046875 0.0609375
1 0.915625 0.225 0.0390625 0.05
1 0.5859375 0.94140625 0.0375 0.0453125
1 0.56328125 0.28359375 0.0390625 0.053125
1 0.74609375 0.23046875 0.040625 0.0484375
1 0.06171875 0.68125 0.0390625 0.05
1 0.7796875 0.803125 0.0390625 0.0453125
1 0.084375 0.88828125 0.040625 0.0515625
1 0.3796875 0.60625 0.0390625 0.04375
1 0.02578125 0.05078125 0.0390625 0.05
1 0.6546875 0.6390625 0.0359375 0.0453125
1 0.215625 0.8109375 0.0390625 0.053125
1 0.48984375 0.01875 0.040625 0.0375
1 0.6078125 0.0359375 0.040625 0.053125
1 0.684375 0.42421875 0.0375 0.046875
1 0.08203125 0.4109375 0.0484375 0.0625
1 0.778125 0.89609375 0.0359375 0.046875
1 0.4296875 0.23125 0.0421875 0.053125
1 0.0609375 0.58984375 0.05 0.0625
1 0.7421875 0.0875 0.0390625 0.0515625
1 0.0703125 0.3265625 0.040625 0.053125
1 0.3703125 0.221875 0.0390625 0.05
1 0.30546875 0.18984375 0.0390625 0.0546875
1 0.825 0.57265625 0.0421875 0.046875
1 0.76640625 0.52265625 0.0359375 0.05
1 0.86953125 0.39609375 0.0390625 0.05
1 0.26015625 0.04375 0.0375 0.05
1 0.61953125 0.33125 0.0390625 0.046875
1 0.48125 0.27734375 0.0375 0.0453125
0 0.22265625 0.35234375 0.078125 0.09375
1 0.93671875 0.296875 0.0390625 0.046875
1 0.7421875 0.01953125 0.0421875 0.0390625
1 0.78828125 0.309375 0.0390625 0.053125
1 0.98203125 0.81328125 0.0359375 0.0515625
1 0.146875 0.77734375 0.0359375 0.046875
1 0.56875 0.57890625 0.0390625 0.046875
1 0.69140625 0.35703125 0.0375 0.0453125
1 0.90625 0.89765625 0.0375 0.0453125
1 0.290625 0.68359375 0.0328125 0.0421875
1 0.82109375 0.68046875 0.040625 0.046875
1 0.37578125 0.0671875 0.034375 0.0453125
1 0.0328125 0.1375 0.040625 0.053125
1 0.46484375 0.11015625 0.0390625 0.046875
1 0.06015625 0.77734375 0.0421875 0.0515625
1 0.6640625 0.14765625 0.0390625 0.046875
1 0.9765625 0.68359375 0.0390625 0.0484375
1 0.7171875 0.28515625 0.0359375 0.0453125
1 0.56015625 0.08828125 0.0390625 0.046875
1 0.74140625 0.6484375 0.0359375 0.0421875
1 0.7046875 0.5484375 0.0375 0.0390625
1 0.1703125 0.63515625 0.0375 0.0421875
1 0.86484375 0.7953125 0.040625 0.046875
1 0.515625 0.334375 0.034375 0.0453125
1 0.03125 0.48125 0.0421875 0.05
1 0.34921875 0.55 0.04375 0.0484375
1 0.28828125 0.98046875 0.04375 0.0390625
1 0.01171875 0.66328125 0.0234375 0.0484375
1 0.0765625 0.07734375 0.0375 0.046875
1 0.203125 0.09921875 0.0328125 0.040625
1 0.3875 0.153125 0.0375 0.04375
1 0.2640625 0.5953125 0.0359375 0.040625
1 0.365625 0.725 0.03125 0.0390625
1 0.2171875 0.95234375 0.0390625 0.046875
1 0.584375 0.4890625 0.040625 0.04375
0 0.49375 0.48984375 0.075 0.05
1 0.1625 0.23828125 0.0390625 0.0484375
1 0.1390625 0.1171875 0.0375 0.04375
1 0.99140625 0.52734375 0.0171875 0.059375
1 0.434375 0.04375 0.034375 0.0453125
1 0.08671875 0.25546875 0.0390625 0.0484375
1 0.82421875 0.20625 0.040625 0.046875
1 0.89765625 0.33125 0.040625 0.05
1 0.6515625 0.98984375 0.0390625 0.0203125
1 0.00625 0.96015625 0.0125 0.0421875
1 0.9515625 0.09921875 0.04375 0.046875
1 0.16171875 0.02421875 0.0359375 0.04375