1 0.03671875 0.56328125 0.040625 0.0515625
1 0.4921875 0.4171875 0.040625 0.053125
1 0.65546875 0.59296875 0.040625 0.0484375
0 0.96484375 0.51328125 0.0703125 0.0984375
1 0.0625 0.1140625 0.034375 0.04375
1 0.8015625 0.41015625 0.0421875 0.0484375
1 0.4125 0.1890625 0.040625 0.0546875
1 0.37578125 0.875 0.0390625 0.0515625
1 0.6734375 0.24375 0.040625 0.05
1 0.3875 0.5515625 0.0390625 0.0515625
1 0.740625 0.41875 0.0390625 0.046875
1 0.325 0.83828125 0.0375 0.0484375
1 0.86328125 0.884375 0.05 0.0640625
1 0.2140625 0.64921875 0.034375 0.04375
1 0.33984375 0.371875 0.0390625 0.053125
1 0.9109375 0.64453125 0.0390625 0.046875
1 0.390625 0.43984375 0.0390625 0.046875
1 0.7421875 0.203125 0.0421875 0.0546875
1 0.503125 0.096875 0.040625 0.0546875
0 0.65546875 0.4984375 0.075 0.06875
1 0.60078125 0.38515625 0.0390625 0.0515625
1 0.4296875 0.08984375 0.040625 0.053125
1 0.15078125 0.16875 0.0421875 0.05625
1 0.22734375 0.578125 0.0359375 0.0484375
1 0.40859375 0.26953125 0.04375 0.053125
1 0.80390625 0.72890625 0.040625 0.0484375
1 0.1203125 0.4390625 0.040625 0.0546875
1 0.475 0.84921875 0.04375 0.053125
1 0.95546875 0.390625 0.040625 0.05
1 0.10234375 0.08046875 0.0359375 0.04375
1 0.28671875 0.5796875 0.0390625 0.05
0 0.5703125 0.18203125 0.065625 0.0828125
1 0.68125 0.3109375 0.0421875 0.0484375
1 0.0953125 0.37578125 0.040625 0.0484375
1 0.16015625 0.59921875 0.0375 0.046875
1 0.2765625 0.35546875 0.0390625 0.0484375
1 0.59609375 0.3078125 0.0421875 0.0515625
1 0.9390625 0.0328125 0.0421875 0.05
1 0.6859375 0.38515625 0.04375 0.0546875
1 0.28515625 0.28671875 0.04375 0.0453125
1 0.1515625 0.02734375 0.040625 0.0515625
0 0.53125 0.55625 0.05625 0.090625
1 0.76953125 0.61875 0.040625 0.05
1 0.9609375 0.17265625 0.040625 0.0484375
1 0.96484375 0.1046875 0.04375 0.05
1 0.30546875 0.0625 0.040625 0.053125
1 0.18671875 0.478125 0.0453125 0.065625
1 0.58203125 0.8375 0.0421875 0.0515625
0 0.0703125 0.659375 0.084375 0.065625
1 0.71328125 0.6578125 0.040625 0.0515625
1 0.33515625 0.53671875 0.0390625 0.0515625
1 0.82109375 0.27890625 0.040625 0.0515625
1 0.2734375 0.47265625 0.040625 0.0515625
1 0.94296875 0.92109375 0.040625 0.05
1 0.88828125 0.08046875 0.040625 0.0484375
1 0.534375 0.6796875 0.0390625 0.046875
1 0.915625 0.7296875 0.0390625 0.046875
1 0.328125 0.7359375 0.0375 0.0515625
1 0.2765625 0.1234375 0.0390625 0.0484375
1 0.453125 0.3234375 0.0421875 0.046875
1 0.0890625 0.55234375 0.0359375 0.04375
1 0.5453125 0.903125 0.0390625 0.0484375
1 0.22734375 0.91796875 0.0421875 0.0484375
1 0.646875 0.80234375 0.040625 0.05
1 0.62265625 0.703125 0.0484375 0.0640625
1 0.759375 0.9015625 0.0484375 0.065625
0 0.18359375 0.696875 0.040625 0.078125
1 0.39296875 0.7984375 0.0390625 0.0515625
1 0.82421875 0.02578125 0.046875 0.0515625
1 0.62734375 0.90078125 0.0390625 0.046875
1 0.8515625 0.3859375 0.0359375 0.0484375
1 0.46953125 0.61875 0.0390625 0.046875
0 0.6109375 0.08125 0.065625 0.090625
1 0.22734375 0.71484375 0.0390625 0.046875
1 0.21796875 0.79609375 0.0359375 0.0453125
1 0.303125 0.784375 0.0390625 0.046875
1 0.71640625 0.04140625 0.040625 0.05
1 0.49296875 0.21640625 0.046875 0.0515625
1 0.85546875 0.7625 0.0375 0.046875
1 0.775 0.8203125 0.0453125 0.05
1 0.01640625 0.490625 0.0328125 0.0640625
0 0.05859375 0.86953125 0.0625 0.071875
1 0.40859375 0.9390625 0.0375 0.046875
1 0.78828125 0.16015625 0.0421875 0.0515625
1 0.4515625 0.7890625 0.0375 0.0421875
1 0.3421875 0.4546875 0.0359375 0.04375
1 0.065625 0.31875 0.04375 0.0515625
1 0.303125 0.1953125 0.034375 0.0421875
1 0.2703125 0.853125 0.034375 0.04375
1 0.09765625 0.96328125 0.0328125 0.0390625
1 0.1296875 0.25234375 0.04375 0.05625
1 0.9640625 0.32265625 0.0328125 0.040625
1 0.8609375 0.15546875 0.034375 0.0421875
1 0.25859375 0.65625 0.0328125 0.0390625
1 0.653125 0.946875 0.0359375 0.0390625
1 0.02265625 0.12734375 0.0359375 0.0390625
1 0.17109375 0.2875 0.040625 0.0484375
1 0.771875 0.45625 0.0328125 0.053125
1 0.52109375 0.98125 0.0484375 0.0375