1 0.2421875 0.10078125 0.040625 0.053125
1 0.15078125 0.165625 0.040625 0.0515625
1 0.2 0.76328125 0.040625 0.05625
1 0.32890625 0.55859375 0.046875 0.0640625
1 0.628125 0.8890625 0.0375 0.0515625
1 0.33671875 0.9671875 0.0390625 0.0515625
1 0.32890625 0.09296875 0.0390625 0.0546875
0 0.04765625 0.60859375 0.08125 0.0625
0 0.51953125 0.540625 0.0578125 0.0875
1 0.7796875 0.52734375 0.0359375 0.05
1 0.7015625 0.0625 0.040625 0.0546875
1 0.49921875 0.46796875 0.0390625 0.0515625
1 0.5734375 0.8375 0.0390625 0.0484375
1 0.75234375 0.2125 0.046875 0.0640625
1 0.67890625 0.70390625 0.0390625 0.0546875
1 0.87578125 0.53046875 0.040625 0.0515625
1 0.5109375 0.08359375 0.0390625 0.0484375
1 0.3109375 0.7453125 0.040625 0.053125
1 0.196875 0.534375 0.0453125 0.0625
1 0.4328125 0.51015625 0.0421875 0.0546875
1 0.08203125 0.53671875 0.040625 0.05
1 0.409375 0.90703125 0.0421875 0.05625
1 0.775 0.7859375 0.0375 0.0515625
1 0.678125 0.83515625 0.04375 0.0515625
1 0.72421875 0.7609375 0.040625 0.0515625
1 0.8578125 0.25078125 0.0390625 0.05
1 0.3640625 0.30546875 0.0515625 0.0703125
1 0.9109375 0.30703125 0.0390625 0.05
1 0.38046875 0.7953125 0.046875 0.0546875
1 0.54296875 0.1875 0.040625 0.0578125
1 0.103125 0.21875 0.0375 0.04375
1 0.55390625 0.43046875 0.040625 0.0546875
1 0.66015625 0.140625 0.0390625 0.0515625
1 0.23984375 0.66953125 0.0421875 0.053125
1 0.9765625 0.5765625 0.0375 0.05
1 0.21171875 0.2125 0.040625 0.05
1 0.8875 0.37890625 0.040625 0.05
1 0.39375 0.1859375 0.040625 0.05625
1 0.83828125 0.578125 0.0390625 0.0515625
1 0.86328125 0.05625 0.040625 0.053125
1 0.6484375 0.02578125 0.0359375 0.0484375
1 0.24453125 0.465625 0.0390625 0.0515625
1 0.57265625 0.96484375 0.0390625 0.0515625
1 0.734375 0.4375 0.0375 0.053125
1 0.5890625 0.30859375 0.040625 0.05625
1 0.54453125 0.77265625 0.0390625 0.0546875
0 0.4765625 0.16796875 0.05625 0.103125
1 0.17421875 0.07734375 0.040625 0.0515625
1 0.70546875 0.61796875 0.0390625 0.053125
0 0.1359375 0.3046875 0.071875 0.0765625
1 0.83359375 0.778125 0.0375 0.0515625
1 0.9796875 0.78828125 0.0390625 0.05625
1 0.43671875 0.4046875 0.0453125 0.0625
1 0.83515625 0.3125 0.0421875 0.046875
0 0.9046875 0.853125 0.0609375 0.1
1 0.0859375 0.9203125 0.0390625 0.05
1 0.5109375 0.69453125 0.0390625 0.05
1 0.93046875 0.44765625 0.040625 0.0484375
1 0.7609375 0.0625 0.0359375 0.05
1 0.5015625 0.27265625 0.0453125 0.0578125
1 0.58671875 0.5265625 0.05 0.0703125
1 0.1421875 0.7546875 0.0359375 0.046875
1 0.30390625 0.3546875 0.0453125 0.05625
1 0.06796875 0.765625 0.0390625 0.0515625
1 0.0640625 0.08984375 0.0359375 0.0453125
1 0.97265625 0.13828125 0.0390625 0.0484375
1 0.79140625 0.9609375 0.0375 0.05625
1 0.51875 0.8921875 0.04375 0.05625
1 0.85 0.1671875 0.034375 0.0484375
1 0.29296875 0.9171875 0.0328125 0.04375
0 0.9078125 0.1046875 0.040625 0.078125
1 0.8453125 0.4640625 0.0359375 0.046875
1 0.23359375 0.9234375 0.04375 0.0578125
1 0.28515625 0.83359375 0.0390625 0.0484375
1 0.4484375 0.76953125 0.0453125 0.0546875
1 0.16171875 0.64765625 0.0453125 0.0515625
1 0.23359375 0.0203125 0.0375 0.040625
1 0.65546875 0.28359375 0.0390625 0.046875
1 0.85390625 0.66875 0.0359375 0.059375
1 0.26796875 0.58828125 0.0390625 0.04375
1 0.265625 0.54296875 0.0375 0.040625
1 0.1890625 0.44921875 0.0390625 0.0453125
1 0.9578125 0.65703125 0.0484375 0.053125
1 0.9640625 0.8828125 0.0453125 0.0671875
1 0.7625 0.375 0.040625 0.05
1 0.36875 0.49140625 0.0453125 0.0484375
1 0.71953125 0.95546875 0.0390625 0.0515625
1 0.8453125 0.90546875 0.04375 0.053125
1 0.0296875 0.01015625 0.0375 0.0203125
1 0.46015625 0.01484375 0.0359375 0.0296875
1 0.9515625 0.01640625 0.0359375 0.0328125
1 0.9875 0.70078125 0.025 0.046875
1 0.9875 0.4390625 0.025 0.04375
1 0.98828125 0.9796875 0.0234375 0.040625
1 0.5328125 0.9828125 0.040625 0.034375
1 0.21015625 0.9921875 0.034375 0.015625
1 0.00625 0.5328125 0.0125 0.0484375