0 0.3671875 0.0828125 0.0859375 0.0875
1 0.72890625 0.81484375 0.040625 0.0515625
1 0.1546875 0.4328125 0.040625 0.0515625
1 0.1140625 0.78828125 0.040625 0.0546875
1 0.06328125 0.42734375 0.0421875 0.0515625
1 0.89375 0.10546875 0.0515625 0.0671875
1 0.50078125 0.88671875 0.0390625 0.05
1 0.034375 0.878125 0.0390625 0.05
0 0.2703125 0.29921875 0.053125 0.0578125
1 0.32734375 0.53984375 0.0375 0.046875
1 0.2359375 0.92578125 0.040625 0.0515625
1 0.33046875 0.43359375 0.0390625 0.05
1 0.6671875 0.95390625 0.0390625 0.0515625
0 0.56640625 0.72265625 0.0609375 0.0515625
0 0.42265625 0.36171875 0.05 0.0703125
1 0.26328125 0.4109375 0.040625 0.0515625
1 0.49609375 0.22265625 0.0421875 0.053125
1 0.78046875 0.1609375 0.040625 0.05625
1 0.2765625 0.71953125 0.0390625 0.0515625
1 0.28828125 0.6328125 0.0390625 0.0484375
1 0.8484375 0.83671875 0.040625 0.0515625
1 0.31328125 0.03515625 0.0421875 0.053125
1 0.0921875 0.0890625 0.0375 0.046875
1 0.77578125 0.85859375 0.0390625 0.0484375
1 0.078125 0.9703125 0.040625 0.053125
1 0.1203125 0.2671875 0.040625 0.0515625
1 0.7328125 0.90703125 0.0421875 0.0515625
1 0.80859375 0.95 0.040625 0.0515625
1 0.1546875 0.553125 0.03125 0.0421875
1 0.7640625 0.36484375 0.0421875 0.053125
1 0.984375 0.653125 0.03125 0.05625
1 0.83359375 0.20078125 0.0484375 0.0625
1 0.734375 0.253125 0.040625 0.0515625
1 0.3375 0.24375 0.0328125 0.0421875
1 0.1953125 0.76796875 0.040625 0.05
1 0.6578125 0.8734375 0.0390625 0.05
1 0.2109375 0.646875 0.040625 0.0515625
1 0.184375 0.01796875 0.0375 0.0359375
0 0.18828125 0.30546875 0.059375 0.096875
1 0.228125 0.46328125 0.0359375 0.040625
1 0.51484375 0.9734375 0.0390625 0.0484375
1 0.696875 0.1609375 0.040625 0.0515625
1 0.54375 0.26484375 0.0375 0.046875
1 0.77890625 0.49609375 0.0421875 0.05625
1 0.90703125 0.69453125 0.05 0.0703125
1 0.92265625 0.78828125 0.0421875 0.0515625
1 0.13125 0.025 0.0390625 0.05
1 0.08515625 0.53515625 0.0390625 0.05
1 0.44609375 0.54296875 0.0421875 0.0515625
1 0.22421875 0.5859375 0.0421875 0.0453125
1 0.1515625 0.9734375 0.0390625 0.05
1 0.9484375 0.58203125 0.0421875 0.0546875
0 0.52578125 0.45078125 0.059375 0.1078125
1 0.66953125 0.24921875 0.040625 0.0546875
1 0.3234375 0.85546875 0.0375 0.0484375
1 0.44609375 0.1640625 0.0421875 0.05625
0 0.08515625 0.16875 0.0609375 0.059375
0 0.54375 0.7953125 0.0765625 0.0625
1 0.28984375 0.16953125 0.0390625 0.053125
1 0.65546875 0.75703125 0.04375 0.0546875
1 0.9421875 0.20625 0.0421875 0.05625
1 0.70078125 0.0671875 0.0421875 0.053125
1 0.79765625 0.76875 0.0390625 0.046875
1 0.75234375 0.546875 0.0359375 0.0453125
0 0.91015625 0.875 0.075 0.0578125
0 0.165625 0.85078125 0.0671875 0.0984375
1 0.49921875 0.6 0.0390625 0.046875
0 0.021875 0.0640625 0.0421875 0.09375
1 0.59765625 0.0765625 0.0515625 0.0671875
1 0.16328125 0.0921875 0.0328125 0.0421875
1 0.2640625 0.85703125 0.0390625 0.05
0 0.5796875 0.90234375 0.05625 0.0765625
1 0.38515625 0.28828125 0.0359375 0.0453125
0 0.45859375 0.74140625 0.075 0.0671875
1 0.028125 0.528125 0.0359375 0.046875
1 0.1359375 0.68984375 0.040625 0.05
0 0.8109375 0.0359375 0.0609375 0.06875
1 0.0515625 0.7484375 0.0390625 0.05
0 0.8359375 0.57265625 0.0515625 0.090625
1 0.87109375 0.40078125 0.0484375 0.0609375
1 0.09375 0.88828125 0.040625 0.053125
1 0.15546875 0.18203125 0.034375 0.0421875
1 0.590625 0.98046875 0.0390625 0.0390625
0 0.57421875 0.18828125 0.0515625 0.0765625
1 0.04765625 0.35859375 0.034375 0.04375
1 0.97734375 0.42734375 0.0375 0.046875
1 0.621875 0.33671875 0.0390625 0.05
1 0.45 0.41640625 0.0359375 0.0421875
1 0.371875 0.3734375 0.03125 0.0375
1 0.4140625 0.8171875 0.04375 0.0484375
0 0.2203125 0.52265625 0.0578125 0.0390625
1 0.415625 0.875 0.0390625 0.0484375
1 0.8390625 0.67578125 0.0375 0.0515625
1 0.703125 0.4640625 0.0421875 0.0421875
1 0.6609375 0.4 0.0359375 0.04375
1 0.74296875 0.06640625 0.040625 0.046875
1 0.54296875 0.015625 0.040625 0.03125
1 0.946875 0.07578125 0.0328125 0.0390625
1 0.76015625 0.98671875 0.04375 0.0265625
1 0.00703125 0.17265625 0.0140625 0.0421875