1 0.10703125 0.2125 0.0390625 0.0453125
1 0.2796875 0.965625 0.0390625 0.0453125
1 0.65625 0.26875 0.0375 0.053125
1 0.4375 0.96484375 0.0328125 0.040625
1 0.56015625 0.971875 0.028125 0.034375
1 0.4734375 0.6734375 0.04375 0.0578125
0 0.03125 0.68984375 0.0453125 0.0671875
1 0.1046875 0.7109375 0.0375 0.046875
1 0.0453125 0.334375 0.0375 0.04375
1 0.10546875 0.3828125 0.0359375 0.046875
1 0.21171875 0.96875 0.0375 0.046875
1 0.584375 0.62421875 0.04375 0.0578125
1 0.0125 0.22890625 0.025 0.04375
1 0.484375 0.10703125 0.040625 0.0515625
1 0.86953125 0.9609375 0.0421875 0.053125
1 0.496875 0.775 0.0375 0.0515625
1 0.08125 0.803125 0.0359375 0.046875
1 0.1875 0.30703125 0.0359375 0.0453125
1 0.696875 0.6078125 0.0359375 0.046875
1 0.31015625 0.06171875 0.0375 0.046875
1 0.45 0.35625 0.0375 0.046875
1 0.06328125 0.11640625 0.034375 0.0390625
1 0.840625 0.59453125 0.0359375 0.046875
1 0.6609375 0.79140625 0.0359375 0.05
1 0.178125 0.6421875 0.0375 0.046875
1 0.16953125 0.16328125 0.0328125 0.040625
1 0.08671875 0.9421875 0.0359375 0.0484375
1 0.1828125 0.05625 0.0375 0.0421875
1 0.8984375 0.25546875 0.040625 0.059375
1 0.6203125 0.16015625 0.034375 0.0453125
1 0.875 0.01953125 0.0421875 0.0390625
1 0.72890625 0.68359375 0.0359375 0.0453125
1 0.31171875 0.2984375 0.04375 0.0546875
1 0.40390625 0.21640625 0.0390625 0.046875
1 0.3515625 0.2015625 0.03125 0.0375
1 0.565625 0.5296875 0.0375 0.0484375
1 0.875 0.0921875 0.0375 0.0453125
1 0.35390625 0.45 0.0359375 0.04375
1 0.59609375 0.28203125 0.0359375 0.0453125
1 0.8 0.07109375 0.0328125 0.0390625
1 0.42265625 0.70546875 0.0375 0.046875
1 0.23515625 0.36796875 0.040625 0.0484375
1 0.49453125 0.0359375 0.0359375 0.0421875
1 0.38046875 0.3796875 0.0390625 0.04375
1 0.98203125 0.7609375 0.034375 0.0453125
1 0.1625 0.96875 0.0375 0.04375
0 0.2390625 0.5734375 0.0453125 0.0828125
1 0.49453125 0.4953125 0.0390625 0.0453125
1 0.38984375 0.2921875 0.0375 0.0421875
1 0.7 0.25390625 0.034375 0.04375
1 0.7796875 0.1390625 0.0328125 0.040625
1 0.11640625 0.14453125 0.0359375 0.0421875
1 0.62578125 0.48984375 0.0390625 0.05
1 0.22578125 0.45859375 0.0375 0.0453125
1 0.159375 0.5015625 0.0359375 0.0421875
0 0.61875 0.89765625 0.0484375 0.0703125
1 0.31640625 0.4015625 0.034375 0.0421875
1 0.76796875 0.61171875 0.0328125 0.04375
1 0.76875 0.45546875 0.03125 0.04375
1 0.68984375 0.9203125 0.034375 0.0484375
1 0.55 0.753125 0.03125 0.0390625
1 0.68828125 0.49375 0.0359375 0.0484375
1 0.746875 0.17265625 0.034375 0.0515625
1 0.1046875 0.07578125 0.0328125 0.0375
1 0.28203125 0.62421875 0.034375 0.05
1 0.29921875 0.5609375 0.03125 0.04375
1 0.971875 0.70703125 0.034375 0.0390625
1 0.3296875 0.90390625 0.0375 0.0453125
1 0.80078125 0.23984375 0.034375 0.0421875
0 0.653125 0.66015625 0.046875 0.078125
1 0.9484375 0.52421875 0.0375 0.04375
1 0.978125 0.57734375 0.0328125 0.046875
1 0.9125 0.609375 0.0359375 0.04375
1 0.196875 0.90234375 0.0390625 0.046875
1 0.2421875 0.91484375 0.040625 0.0546875
1 0.36875 0.70234375 0.0390625 0.0515625
1 0.0875 0.56875 0.034375 0.0484375
1 0.12421875 0.028125 0.0421875 0.0390625
1 0.18984375 0.24609375 0.0296875 0.0421875
1 0.309375 0.2203125 0.0359375 0.04375
1 0.54296875 0.28828125 0.034375 0.0453125
1 0.51328125 0.4453125 0.0359375 0.046875
1 0.53125 0.3625 0.040625 0.04375
1 0.70390625 0.34765625 0.03125 0.046875
1 0.6578125 0.35390625 0.0375 0.040625
1 0.540625 0.21328125 0.034375 0.040625
1 0.81328125 0.64375 0.0421875 0.0515625
1 0.8765625 0.51171875 0.0359375 0.0453125
1 0.91953125 0.4078125 0.03125 0.0390625
1 0.98203125 0.43125 0.0359375 0.04375
1 0.8546875 0.19453125 0.0375 0.0453125
1 0.91953125 0.7734375 0.0328125 0.0421875
1 0.15390625 0.5703125 0.03125 0.046875
1 0.43046875 0.51015625 0.034375 0.04375
1 0.51015625 0.56796875 0.0390625 0.040625
1 0.4453125 0.59453125 0.0375 0.0421875
1 0.67734375 0.17421875 0.028125 0.0375
1 0.0171875 0.09296875 0.03125 0.0453125