0 0.57734375 0.36015625 0.06875 0.05
0 0.11796875 0.25546875 0.065625 0.0640625
0 0.834375 0.059375 0.053125 0.084375
1 0.44765625 0.1390625 0.0421875 0.046875
0 0.73515625 0.71015625 0.0609375 0.078125
1 0.784375 0.34765625 0.0375 0.0421875
1 0.2171875 0.50078125 0.0375 0.040625
1 0.36640625 0.78125 0.0453125 0.0625
1 0.2015625 0.2765625 0.034375 0.0421875
1 0.1671875 0.15703125 0.0359375 0.040625
1 0.66171875 0.5390625 0.0375 0.046875
1 0.49140625 0.10234375 0.04375 0.046875
1 0.56484375 0.58984375 0.0375 0.0484375
1 0.68125 0.4625 0.0328125 0.0359375
1 0.803125 0.9359375 0.0390625 0.0546875
1 0.05703125 0.0546875 0.0390625 0.046875
1 0.28046875 0.8171875 0.0359375 0.0453125
1 0.765625 0.21171875 0.0375 0.040625
1 0.87734375 0.72265625 0.04375 0.059375
1 0.59296875 0.259375 0.0375 0.04375
1 0.4265625 0.5875 0.0359375 0.0484375
1 0.2625 0.18046875 0.0359375 0.040625
0 0.0375 0.33984375 0.0609375 0.0671875
1 0.54921875 0.8890625 0.034375 0.04375
1 0.47890625 0.709375 0.0375 0.0484375
1 0.97578125 0.68046875 0.0390625 0.04375
1 0.6328125 0.0953125 0.040625 0.0421875
1 0.0140625 0.91796875 0.028125 0.04375
1 0.1078125 0.565625 0.0375 0.0484375
1 0.40234375 0.08125 0.0375 0.0390625
1 0.5546875 0.02578125 0.0390625 0.04375
1 0.86796875 0.9609375 0.0390625 0.0546875
1 0.43046875 0.01875 0.0390625 0.0375
1 0.14609375 0.78046875 0.0359375 0.046875
1 0.89921875 0.27421875 0.0375 0.0453125
1 0.71484375 0.1296875 0.0359375 0.0453125
1 0.10078125 0.17109375 0.0375 0.0375
1 0.6171875 0.46484375 0.034375 0.0390625
1 0.5875 0.52734375 0.034375 0.0421875
1 0.765625 0.1328125 0.0359375 0.0453125
1 0.8546875 0.6296875 0.0328125 0.040625
1 0.9296875 0.5078125 0.0375 0.0453125
1 0.8125 0.61875 0.0359375 0.0484375
1 0.75234375 0.5984375 0.040625 0.05
1 0.72890625 0.04609375 0.0390625 0.046875
1 0.6640625 0.01640625 0.0359375 0.0328125
1 0.44921875 0.3203125 0.0375 0.04375
1 0.87421875 0.1390625 0.0359375 0.0453125
1 0.446875 0.6421875 0.0359375 0.0421875
1 0.39296875 0.90859375 0.0359375 0.05
1 0.65546875 0.828125 0.0359375 0.05
1 0.65390625 0.70859375 0.0359375 0.0421875
1 0.1 0.74453125 0.0359375 0.04375
1 0.24609375 0.2375 0.034375 0.0421875
1 0.72109375 0.54765625 0.0328125 0.0375
1 0.22109375 0.8375 0.0359375 0.040625
1 0.21640625 0.3984375 0.0359375 0.0390625
1 0.2953125 0.459375 0.034375 0.0453125
0 0.5859375 0.1640625 0.05 0.053125
1 0.840625 0.36796875 0.0390625 0.046875
1 0.1296875 0.88359375 0.0359375 0.04375
1 0.3828125 0.21015625 0.034375 0.040625
1 0.8796875 0.44453125 0.0375 0.046875
1 0.2734375 0.6796875 0.0375 0.04375
1 0.6921875 0.92265625 0.0375 0.046875
1 0.934375 0.33359375 0.0390625 0.0484375
1 0.73203125 0.8875 0.034375 0.0421875
1 0.27109375 0.534375 0.0375 0.05
1 0.52109375 0.81796875 0.0359375 0.040625
1 0.3375 0.45234375 0.03125 0.0359375
1 0.28046875 0.1046875 0.0390625 0.0390625
1 0.93203125 0.4140625 0.0375 0.046875
1 0.9859375 0.48828125 0.028125 0.053125
1 0.3015625 0.25625 0.034375 0.040625
1 0.5484375 0.43046875 0.0328125 0.034375
0 0.9421875 0.8375 0.0703125 0.0484375
1 0.75625 0.98359375 0.0390625 0.0328125
1 0.390625 0.28046875 0.034375 0.0375
1 0.48984375 0.91796875 0.0390625 0.0515625
1 0.81953125 0.43828125 0.0359375 0.040625
1 0.40859375 0.69296875 0.0375 0.0359375
1 0.078125 0.11953125 0.0390625 0.034375
1 0.265625 0.38125 0.0296875 0.0359375
1 0.98515625 0.16796875 0.0296875 0.0421875
1 0.55 0.7140625 0.034375 0.0421875
1 0.3734375 0.584375 0.03125 0.0359375
1 0.0375 0.8671875 0.0328125 0.0375
1 0.053125 0.803125 0.0328125 0.0390625
1 0.93828125 0.16796875 0.0296875 0.0375
1 0.96484375 0.75625 0.034375 0.040625
0 0.65703125 0.40625 0.04375 0.0484375
1 0.05546875 0.21640625 0.034375 0.0390625
1 0.17890625 0.34453125 0.0328125 0.0375
1 0.33125 0.55390625 0.03125 0.0359375
1 0.81796875 0.15234375 0.0359375 0.040625
1 0.58984375 0.9171875 0.03125 0.0390625
1 0.909375 0.2109375 0.0390625 0.0375
1 0.853125 0.521875 0.04375 0.05625
1 0.8859375 0.5578125 0.0421875 0.0515625
1 0.94765625 0.0375 0.034375 0.046875
1 0.68046875 0.25234375 0.034375 0.0453125
1 0.13671875 0.07421875 0.03125 0.0390625
1 0.13125 0.4 0.03125 0.0359375
1 0.06640625 0.43671875 0.0296875 0.0328125
1 0.2125 0.5890625 0.03125 0.0390625
1 0.20390625 0.75078125 0.0359375 0.0421875
1 0.23046875 0.9796875 0.0359375 0.040625
1 0.95859375 0.940625 0.0359375 0.0453125
1 0.34765625 0.0703125 0.0296875 0.0328125
1 0.7921875 0.796875 0.0359375 0.0484375
1 0.06953125 0.909375 0.034375 0.040625
1 0.178125 0.4953125 0.0328125 0.0390625
1 0.05078125 0.57578125 0.0375 0.05
1 0.009375 0.2515625 0.01875 0.05
1 0.9890625 0.30390625 0.021875 0.0453125