0 0.74140625 0.49296875 0.0625 0.059375
0 0.190625 0.21171875 0.0578125 0.08125
0 0.56953125 0.47265625 0.0546875 0.084375
1 0.65078125 0.36328125 0.0390625 0.046875
1 0.38671875 0.06171875 0.0390625 0.046875
1 0.29140625 0.42734375 0.040625 0.0515625
1 0.26640625 0.8703125 0.0375 0.046875
0 0.1125 0.29765625 0.0515625 0.0703125
1 0.83828125 0.36484375 0.0359375 0.0390625
1 0.82890625 0.24921875 0.0375 0.040625
1 0.83359375 0.43359375 0.05 0.059375
1 0.33671875 0.16875 0.0375 0.04375
1 0.43828125 0.9515625 0.0421875 0.046875
1 0.2 0.46875 0.0390625 0.0453125
1 0.04140625 0.81171875 0.0390625 0.0515625
1 0.2484375 0.68125 0.0359375 0.0484375
0 0.14296875 0.88828125 0.0390625 0.0890625
1 0.54453125 0.07421875 0.040625 0.0421875
1 0.29375 0.71328125 0.0359375 0.0453125
1 0.9546875 0.9359375 0.040625 0.0484375
1 0.890625 0.16328125 0.0375 0.0453125
1 0.0296875 0.91640625 0.0359375 0.0453125
1 0.05 0.565625 0.0375 0.0421875
1 0.58359375 0.12890625 0.040625 0.04375
1 0.3828125 0.85234375 0.0375 0.0453125
1 0.45625 0.265625 0.04375 0.0453125
1 0.08046875 0.9109375 0.034375 0.046875
0 0.14296875 0.053125 0.05 0.0671875
1 0.553125 0.603125 0.0359375 0.04375
1 0.59609375 0.825 0.040625 0.0515625
1 0.35703125 0.6765625 0.0375 0.046875
1 0.52421875 0.3078125 0.0390625 0.04375
1 0.709375 0.709375 0.0359375 0.05
1 0.28984375 0.98203125 0.0390625 0.0359375
1 0.51328125 0.828125 0.0390625 0.0453125
1 0.71640625 0.2484375 0.0359375 0.04375
1 0.44765625 0.87578125 0.0390625 0.05
1 0.7171875 0.328125 0.0359375 0.0390625
1 0.42578125 0.20625 0.04375 0.0453125
1 0.76875 0.225 0.0359375 0.040625
1 0.83203125 0.540625 0.0375 0.04375
1 0.38828125 0.37890625 0.040625 0.0515625
1 0.41640625 0.5828125 0.046875 0.059375
1 0.82734375 0.17578125 0.0375 0.04375
1 0.1421875 0.5046875 0.0359375 0.0421875
1 0.26640625 0.27109375 0.0375 0.046875
1 0.8515625 0.0734375 0.0375 0.046875
1 0.3484375 0.77421875 0.04375 0.04375
1 0.5125 0.66328125 0.0390625 0.0421875
1 0.065625 0.04296875 0.0390625 0.0453125
1 0.425 0.32734375 0.040625 0.0453125
1 0.98515625 0.3578125 0.0296875 0.05
1 0.26171875 0.12890625 0.034375 0.04375
1 0.86484375 0.66015625 0.0375 0.0421875
0 0.01796875 0.2328125 0.0359375 0.0875
1 0.66796875 0.07578125 0.040625 0.04375
1 0.77265625 0.69375 0.0359375 0.040625
0 0.46484375 0.74140625 0.053125 0.0546875
1 0.39140625 0.128125 0.03125 0.03125
1 0.65859375 0.62109375 0.0359375 0.0421875
1 0.696875 0.784375 0.0421875 0.0515625
1 0.765625 0.58515625 0.0390625 0.0421875
1 0.63828125 0.74765625 0.040625 0.0484375
1 0.98828125 0.85859375 0.0234375 0.0515625
1 0.9640625 0.5203125 0.034375 0.040625
1 0.20234375 0.57265625 0.04375 0.05
1 0.7671875 0.85078125 0.04375 0.046875
1 0.809375 0.025 0.040625 0.0484375
1 0.11953125 0.40703125 0.0328125 0.0359375
1 0.36796875 0.453125 0.04375 0.046875
1 0.9796875 0.190625 0.0328125 0.0421875
1 0.88984375 0.6046875 0.034375 0.0390625
1 0.88359375 0.21875 0.0359375 0.0421875
1 0.7703125 0.328125 0.0390625 0.04375
1 0.91875 0.38359375 0.0359375 0.0515625
1 0.628125 0.54609375 0.0359375 0.046875
1 0.70546875 0.41796875 0.034375 0.0421875
1 0.865625 0.8734375 0.0421875 0.0515625
1 0.7828125 0.95234375 0.04375 0.046875
1 0.90234375 0.490625 0.0359375 0.04375
1 0.32890625 0.8375 0.040625 0.05
1 0.103125 0.58671875 0.0328125 0.04375
1 0.0765625 0.4828125 0.034375 0.05
1 0.1390625 0.63203125 0.040625 0.0546875
1 0.046875 0.4140625 0.0390625 0.046875
1 0.19296875 0.38359375 0.034375 0.0515625
1 0.6921875 0.11953125 0.0359375 0.0453125
1 0.625 0.17421875 0.0359375 0.0484375
1 0.6 0.3203125 0.0359375 0.05
1 0.2984375 0.00859375 0.0265625 0.0171875
1 0.48984375 0.01171875 0.0359375 0.0234375
1 0.58359375 0.01171875 0.028125 0.0234375
1 0.77578125 0.01015625 0.03125 0.01875
1 0.98515625 0.1078125 0.0296875 0.046875
1 0.0078125 0.590625 0.015625 0.0484375