1 0.4984375 0.8890625 0.03125 0.040625
1 0.60546875 0.9765625 0.0375 0.046875
1 0.67890625 0.49296875 0.034375 0.04375
1 0.2171875 0.9109375 0.0375 0.0484375
1 0.51875 0.390625 0.0359375 0.059375
1 0.140625 0.1875 0.0328125 0.0390625
1 0.4375 0.35625 0.0375 0.05
1 0.95625 0.3890625 0.034375 0.046875
1 0.44140625 0.909375 0.03125 0.0421875
1 0.84375 0.17421875 0.0359375 0.0515625
1 0.703125 0.04453125 0.0453125 0.0625
1 0.92109375 0.8390625 0.03125 0.04375
1 0.73125 0.8765625 0.0375 0.046875
1 0.35859375 0.2671875 0.0375 0.046875
1 0.103125 0.09609375 0.0296875 0.0375
1 0.14921875 0.3890625 0.0375 0.046875
1 0.4359375 0.01796875 0.03125 0.0359375
1 0.4046875 0.4296875 0.0328125 0.040625
1 0.26640625 0.48046875 0.034375 0.04375
1 0.89609375 0.8921875 0.03125 0.04375
1 0.91328125 0.5296875 0.0359375 0.0546875
1 0.69296875 0.26328125 0.034375 0.05
1 0.0890625 0.2171875 0.034375 0.0390625
1 0.115625 0.85 0.0375 0.0484375
1 0.5984375 0.1125 0.03125 0.0453125
1 0.16875 0.12421875 0.034375 0.0390625
1 0.55625 0.69140625 0.0328125 0.040625
1 0.2265625 0.3421875 0.03125 0.0390625
1 0.22734375 0.446875 0.0359375 0.040625
1 0.81875 0.08359375 0.03125 0.04375
1 0.75703125 0.4171875 0.034375 0.04375
1 0.85625 0.9453125 0.0390625 0.0484375
1 0.38046875 0.75 0.028125 0.0390625
1 0.5875 0.49765625 0.0328125 0.034375
1 0.37421875 0.56171875 0.034375 0.046875
1 0.06015625 0.81015625 0.03125 0.0359375
1 0.71015625 0.71796875 0.03125 0.04375
1 0.30390625 0.42578125 0.03125 0.0359375
1 0.3703125 0.659375 0.028125 0.0421875
1 0.34296875 0.490625 0.03125 0.0359375
1 0.19296875 0.80703125 0.0328125 0.040625
1 0.22421875 0.165625 0.028125 0.0359375
1 0.3078125 0.234375 0.0265625 0.0328125
1 0.35625 0.16484375 0.0296875 0.0390625
1 0.62734375 0.45 0.034375 0.0390625
1 0.69375 0.4140625 0.0359375 0.0390625
1 0.9703125 0.1859375 0.0375 0.053125
1 0.91796875 0.1125 0.040625 0.04375
1 0.78359375 0.0390625 0.034375 0.0515625
1 0.53046875 0.0671875 0.040625 0.040625
1 0.77265625 0.521875 0.034375 0.0421875
1 0.94609375 0.60078125 0.0375 0.0421875
1 0.9 0.4265625 0.040625 0.0484375
1 0.8828125 0.3359375 0.0375 0.046875
1 0.95859375 0.9109375 0.03125 0.0453125
1 0.78828125 0.8 0.040625 0.0453125
1 0.74453125 0.7109375 0.034375 0.04375
1 0.7859375 0.6890625 0.0328125 0.0375
1 0.69375 0.63671875 0.0375 0.0484375
1 0.55703125 0.88984375 0.03125 0.040625
1 0.453125 0.78125 0.0359375 0.0421875
1 0.4171875 0.7 0.03125 0.0375
1 0.29609375 0.896875 0.0375 0.040625
1 0.15078125 0.96640625 0.0328125 0.0359375
1 0.05859375 0.55703125 0.0328125 0.040625
1 0.1234375 0.52578125 0.03125 0.040625
1 0.1265625 0.5890625 0.0375 0.0390625
1 0.06328125 0.6046875 0.0296875 0.034375
1 0.11171875 0.65859375 0.0296875 0.0421875
1 0.24140625 0.68984375 0.034375 0.0453125
1 0.19609375 0.60390625 0.0375 0.0375
1 0.17265625 0.7453125 0.0328125 0.0390625
1 0.115625 0.734375 0.040625 0.040625
1 0.0734375 0.28671875 0.028125 0.0359375
1 0.0703125 0.359375 0.034375 0.040625
1 0.16328125 0.2578125 0.028125 0.0390625
1 0.95234375 0.2984375 0.0328125 0.040625
1 0.5171875 0.74765625 0.028125 0.0359375
1 0.16953125 0.4703125 0.03125 0.0390625
1 0.01015625 0.87578125 0.0203125 0.0421875
1 0.282703125 0.032484374999999996 0.03590625000000003 0.032703125
1 0.270609375 0.065859375 0.031078124999999977 0.029921874999999987
1 0.0185 0.427265625 0.037 0.04795312500000008
1 0.0238125 0.47610937499999995 0.047625 0.05485937500000002
1 0.3213125 0.6809999999999999 0.03240625000000001 0.03560937499999994
1 0.30289062499999997 0.7109687499999999 0.036171874999999964 0.03646875000000005
1 0.2945 0.7875781249999999 0.032937499999999974 0.04018749999999995
1 0.32684375 0.7795 0.04328124999999998 0.046734375000000036
1 0.24496875 0.584890625 0.036625 0.037796875000000084
1 0.24228125 0.5556875 0.04278124999999999 0.033859374999999935
1 0.52284375 0.51225 0.04603125000000006 0.043265625000000085
1 0.6055625 0.599984375 0.03365624999999994 0.034765625
1 0.5136875 0.556625 0.04489062500000003 0.03778124999999992
1 0.627328125 0.63609375 0.028578124999999944 0.032546875000000065
1 0.323734375 0.33771874999999996 0.03523437500000002 0.038671875
1 0.338703125 0.36859375 0.03831249999999997 0.03739062500000001
1 0.028749999999999998 0.956203125 0.03328125 0.04121875000000017
1 0.0359375 0.9875 0.0375 0.025