0 0.146875 0.6015625 0.06875 0.096875
0 0.11328125 0.6859375 0.065625 0.0890625
1 0.03046875 0.2703125 0.0359375 0.0484375
0 0.2890625 0.08359375 0.0703125 0.0734375
1 0.13046875 0.0578125 0.0390625 0.0515625
1 0.24765625 0.775 0.0375 0.05625
1 0.103125 0.421875 0.0390625 0.05
1 0.74453125 0.30390625 0.0359375 0.0484375
1 0.55859375 0.46015625 0.0328125 0.0546875
1 0.35 0.76171875 0.0390625 0.05625
1 0.384375 0.45390625 0.0390625 0.053125
1 0.29375 0.26015625 0.0375 0.0515625
1 0.0828125 0.77734375 0.034375 0.0453125
1 0.36171875 0.02109375 0.0375 0.0421875
1 0.2796875 0.47421875 0.0390625 0.0546875
1 0.0171875 0.15625 0.034375 0.05
1 0.9234375 0.7078125 0.0328125 0.0421875
1 0.74609375 0.43203125 0.0453125 0.05625
0 0.2203125 0.04140625 0.0625 0.0828125
1 0.40390625 0.2609375 0.0390625 0.0484375
1 0.51953125 0.1515625 0.0375 0.053125
1 0.73125 0.15234375 0.034375 0.046875
1 0.6125 0.1359375 0.0359375 0.0546875
0 0.38671875 0.92890625 0.0453125 0.078125
1 0.33515625 0.21953125 0.0296875 0.0359375
1 0.2953125 0.77578125 0.0296875 0.046875
1 0.65625 0.5640625 0.03125 0.040625
1 0.16015625 0.46796875 0.0375 0.046875
1 0.7125 0.08515625 0.0328125 0.0484375
1 0.9328125 0.5609375 0.034375 0.046875
1 0.3875 0.16953125 0.028125 0.0390625
1 0.7734375 0.0578125 0.03125 0.0359375
1 0.84375 0.43671875 0.03125 0.0453125
1 0.87734375 0.503125 0.03125 0.0453125
1 0.06953125 0.57265625 0.03125 0.04375
1 0.01875 0.46484375 0.0359375 0.046875
1 0.3234375 0.3890625 0.0359375 0.05
1 0.5421875 0.5796875 0.034375 0.0390625
1 0.6734375 0.3609375 0.034375 0.040625
1 0.85546875 0.653125 0.0359375 0.04375
1 0.82734375 0.31875 0.034375 0.0421875
1 0.9859375 0.05390625 0.028125 0.04375
1 0.29921875 0.87109375 0.0484375 0.0609375
0 0.17421875 0.8625 0.0671875 0.0703125
1 0.23203125 0.56796875 0.03125 0.05
1 0.3546875 0.41875 0.0328125 0.05
1 0.18515625 0.14140625 0.0453125 0.0484375
1 0.1125 0.21640625 0.040625 0.04375
1 0.221875 0.203125 0.034375 0.04375
1 0.85546875 0.09765625 0.0390625 0.0375
1 0.94921875 0.2390625 0.0484375 0.0609375
1 0.70625 0.52890625 0.040625 0.046875
1 0.603125 0.49921875 0.0359375 0.04375
1 0.6359375 0.65859375 0.028125 0.0390625
1 0.5234375 0.6953125 0.040625 0.0484375
1 0.803125 0.6921875 0.034375 0.0421875
1 0.7484375 0.7203125 0.040625 0.05
1 0.72578125 0.87734375 0.03125 0.040625
1 0.6640625 0.84375 0.0390625 0.0453125
1 0.1015625 0.515625 0.04375 0.0515625
1 0.95625 0.096875 0.034375 0.0421875
1 0.93359375 0.15 0.03125 0.040625
1 0.8875 0.66953125 0.0359375 0.0515625
1 0.18515625 0.73203125 0.0390625 0.05
1 0.29375 0.559375 0.0359375 0.0453125
1 0.490625 0.2640625 0.0359375 0.0484375
1 0.2703125 0.36484375 0.03125 0.0390625
1 0.30078125 0.6734375 0.0359375 0.046875
1 0.2078125 0.68828125 0.0328125 0.046875
1 0.9625 0.46953125 0.034375 0.0421875
1 0.48203125 0.009375 0.0375 0.01875
1 0.63515625 0.0125 0.0375 0.025
1 0.009375 0.815625 0.01875 0.05