0 0.69296875 0.23359375 0.059375 0.0671875
1 0.03046875 0.35234375 0.0421875 0.0453125
1 0.4921875 0.9390625 0.040625 0.05
1 0.52578125 0.51953125 0.0421875 0.05
1 0.5671875 0.15546875 0.0390625 0.04375
1 0.60546875 0.41015625 0.040625 0.05
1 0.32421875 0.72734375 0.04375 0.05
1 0.52109375 0.41640625 0.04375 0.0484375
1 0.5859375 0.2328125 0.0375 0.04375
1 0.22421875 0.11015625 0.0484375 0.05
1 0.63359375 0.70078125 0.0421875 0.0515625
1 0.38125 0.578125 0.040625 0.0484375
1 0.56640625 0.36328125 0.0421875 0.0484375
1 0.48671875 0.11796875 0.0359375 0.0390625
1 0.08203125 0.19296875 0.0421875 0.046875
1 0.546875 0.31640625 0.05 0.05625
1 0.11640625 0.3625 0.040625 0.04375
1 0.24375 0.52265625 0.0515625 0.0578125
1 0.08203125 0.728125 0.040625 0.0421875
1 0.23828125 0.4265625 0.0421875 0.04375
1 0.37734375 0.0796875 0.0375 0.0390625
1 0.5609375 0.8234375 0.04375 0.0484375
1 0.14453125 0.23671875 0.0421875 0.046875
1 0.26171875 0.98046875 0.0421875 0.0390625
1 0.503125 0.67421875 0.0421875 0.046875
1 0.08203125 0.65703125 0.04375 0.046875
1 0.20546875 0.70703125 0.040625 0.0484375
1 0.3578125 0.97578125 0.040625 0.0484375
1 0.4796875 0.3734375 0.0453125 0.05625
1 0.54453125 0.7484375 0.0421875 0.05
1 0.78203125 0.775 0.0359375 0.0453125
1 0.26484375 0.2921875 0.0390625 0.0453125
1 0.78125 0.4265625 0.0359375 0.04375
0 0.14140625 0.8703125 0.0546875 0.0875
1 0.4078125 0.91328125 0.04375 0.0484375
1 0.0640625 0.58359375 0.0421875 0.04375
1 0.13828125 0.4359375 0.0375 0.0390625
1 0.565625 0.5671875 0.0375 0.0421875
1 0.18203125 0.4875 0.0390625 0.04375
1 0.6890625 0.46796875 0.0375 0.04375
1 0.70859375 0.7203125 0.0390625 0.046875
1 0.265625 0.8421875 0.040625 0.0453125
1 0.78828125 0.278125 0.0359375 0.046875
1 0.88125 0.96015625 0.0390625 0.04375
1 0.19921875 0.02109375 0.0421875 0.0421875
1 0.05859375 0.2875 0.0390625 0.046875
1 0.47265625 0.61953125 0.0421875 0.046875
0 0.6703125 0.3140625 0.0625 0.078125
1 0.803125 0.0171875 0.040625 0.034375
0 0.39765625 0.13125 0.071875 0.078125
1 0.3015625 0.02421875 0.0453125 0.0484375
1 0.490625 0.184375 0.040625 0.0453125
1 0.021875 0.70859375 0.04375 0.04375
1 0.3125 0.3609375 0.0453125 0.053125
1 0.04375 0.77421875 0.040625 0.04375
1 0.1359375 0.71171875 0.040625 0.04375
1 0.70078125 0.57109375 0.0390625 0.040625
1 0.734375 0.11484375 0.0375 0.0484375
1 0.771875 0.875 0.04375 0.05
1 0.91328125 0.92578125 0.0375 0.04375
1 0.7328125 0.3171875 0.0359375 0.0421875
1 0.60703125 0.10078125 0.0375 0.0453125
1 0.340625 0.471875 0.0421875 0.046875
1 0.70703125 0.81640625 0.0390625 0.05
1 0.95546875 0.9578125 0.0375 0.0421875
0 0.94765625 0.13515625 0.0671875 0.0453125
1 0.946875 0.08125 0.0375 0.040625
1 0.8671875 0.27734375 0.0390625 0.04375
1 0.37890625 0.2375 0.0328125 0.0390625
1 0.23984375 0.91796875 0.04375 0.0484375
1 0.88515625 0.34140625 0.034375 0.0390625
1 0.92578125 0.54609375 0.034375 0.04375
1 0.98828125 0.23828125 0.0234375 0.040625
1 0.4140625 0.76171875 0.040625 0.0453125
1 0.309375 0.6578125 0.0390625 0.040625
0 0.74296875 0.96015625 0.0625 0.05625
1 0.66171875 0.04296875 0.0359375 0.0453125
1 0.91484375 0.7640625 0.0359375 0.0421875
1 0.8171875 0.49140625 0.034375 0.0390625
1 0.0171875 0.509375 0.034375 0.0453125
1 0.06484375 0.04140625 0.0421875 0.0515625
1 0.11171875 0.1375 0.0375 0.0453125
1 0.021875 0.1515625 0.040625 0.053125
1 0.24765625 0.2015625 0.046875 0.0484375
1 0.2390625 0.2484375 0.04375 0.0421875
1 0.39296875 0.371875 0.0359375 0.0421875
1 0.49296875 0.23984375 0.0421875 0.0484375
1 0.8765625 0.08203125 0.03125 0.0359375
1 0.5359375 0.03984375 0.0390625 0.04375
1 0.29453125 0.0765625 0.040625 0.0515625
1 0.328125 0.2765625 0.0359375 0.046875
1 0.46953125 0.7890625 0.0421875 0.05
1 0.35859375 0.6375 0.0453125 0.0453125
1 0.4234375 0.4640625 0.0375 0.05
1 0.73203125 0.16171875 0.040625 0.0484375
1 0.86640625 0.15078125 0.034375 0.0359375
1 0.8390625 0.19765625 0.0328125 0.0359375
1 0.8421875 0.2328125 0.034375 0.0390625
1 0.76171875 0.60546875 0.0328125 0.040625
1 0.690625 0.3828125 0.0359375 0.04375
1 0.72109375 0.4265625 0.034375 0.0390625
1 0.759375 0.6921875 0.0359375 0.04375
1 0.60703125 0.940625 0.0390625 0.046875
1 0.67734375 0.92421875 0.040625 0.046875
1 0.6453125 0.86796875 0.0390625 0.0546875
1 0.4390625 0.85390625 0.0453125 0.05
1 0.0703125 0.90625 0.0421875 0.05625
1 0.109375 0.534375 0.04375 0.046875
1 0.21796875 0.34453125 0.0390625 0.046875
1 0.32109375 0.15390625 0.0375 0.0421875
1 0.1953125 0.78359375 0.040625 0.046875
1 0.934375 0.44296875 0.0328125 0.040625
1 0.8484375 0.61875 0.0390625 0.0421875
1 0.05234375 0.98828125 0.0375 0.0234375
1 0.00859375 0.9140625 0.0171875 0.046875
1 0.01171875 0.4171875 0.0234375 0.05