1 0.63984375 0.70625 0.0390625 0.0515625
1 0.76640625 0.959375 0.03125 0.0359375
1 0.35 0.975 0.0296875 0.0359375
1 0.090625 0.6453125 0.0390625 0.046875
1 0.66796875 0.55703125 0.0359375 0.05
1 0.86640625 0.7296875 0.040625 0.0515625
1 0.87421875 0.43671875 0.040625 0.0515625
1 0.32265625 0.865625 0.0296875 0.0359375
1 0.65546875 0.875 0.034375 0.040625
1 0.9296875 0.05703125 0.0359375 0.0453125
1 0.20859375 0.66328125 0.0328125 0.0390625
1 0.5890625 0.33203125 0.0375 0.0515625
1 0.696875 0.928125 0.0328125 0.04375
1 0.371875 0.596875 0.0359375 0.0515625
1 0.04921875 0.959375 0.0421875 0.05
1 0.61875 0.9640625 0.0359375 0.046875
1 0.1546875 0.49296875 0.0359375 0.0484375
1 0.9859375 0.0828125 0.028125 0.040625
1 0.4953125 0.47265625 0.0359375 0.0515625
1 0.7109375 0.328125 0.0390625 0.053125
1 0.76953125 0.884375 0.0359375 0.04375
1 0.31484375 0.38125 0.034375 0.0484375
1 0.8171875 0.76171875 0.03125 0.040625
1 0.5125 0.08046875 0.0390625 0.0546875
1 0.2984375 0.80859375 0.0296875 0.0375
1 0.4734375 0.64296875 0.04375 0.059375
1 0.109375 0.53359375 0.0390625 0.0484375
1 0.60546875 0.23203125 0.034375 0.046875
1 0.659375 0.30703125 0.034375 0.0484375
1 0.165625 0.6 0.034375 0.040625
1 0.21640625 0.4375 0.0453125 0.0609375
1 0.9234375 0.675 0.0421875 0.05
1 0.78046875 0.59375 0.0359375 0.046875
1 0.2875 0.49140625 0.03125 0.0375
1 0.08046875 0.26015625 0.04375 0.0515625
1 0.73125 0.44453125 0.0359375 0.053125
1 0.01484375 0.6953125 0.0296875 0.0515625
1 0.265625 0.696875 0.0359375 0.0484375
1 0.87734375 0.82109375 0.028125 0.0359375
1 0.565625 0.73046875 0.028125 0.0390625
1 0.77578125 0.6953125 0.0390625 0.05
1 0.90390625 0.1296875 0.03125 0.040625
1 0.59609375 0.0546875 0.0359375 0.05
1 0.11015625 0.10078125 0.0421875 0.05
1 0.2203125 0.31875 0.0375 0.046875
1 0.02421875 0.1671875 0.0484375 0.071875
1 0.18515625 0.06328125 0.0375 0.0484375
1 0.26328125 0.06484375 0.03125 0.0421875
1 0.94296875 0.20703125 0.0296875 0.0390625
1 0.9890625 0.1875 0.021875 0.0453125
1 0.85625 0.5234375 0.0375 0.05
1 0.8078125 0.35625 0.0359375 0.046875
1 0.9171875 0.38515625 0.0359375 0.0453125
1 0.58515625 0.86328125 0.03125 0.046875
1 0.48359375 0.94453125 0.03125 0.04375
1 0.23671875 0.7578125 0.0328125 0.04375
1 0.24609375 0.58671875 0.0359375 0.0515625
1 0.37890625 0.23515625 0.0421875 0.0484375
1 0.53046875 0.19140625 0.040625 0.0640625
1 0.64765625 0.38359375 0.0390625 0.05
1 0.5515625 0.465625 0.0390625 0.0515625
1 0.4375 0.56953125 0.04375 0.0546875
1 0.3125 0.64609375 0.0328125 0.0421875
1 0.053125 0.0171875 0.0421875 0.034375
1 0.0109375 0.2890625 0.021875 0.065625
1 0.84453125 0.0140625 0.0390625 0.028125
1 0.84375 0.98515625 0.0375 0.0296875
1 0.4125 0.98828125 0.034375 0.0234375
1 0.11328125 0.99296875 0.0328125 0.0140625
1 0.428109375 0.0783125 0.06290624999999998 0.054171875
1 0.440625 0.15246875 0.06629687499999992 0.06768749999999998
1 0.43001562499999996 0.32903125 0.04154687500000005 0.047781249999999977
1 0.396484375 0.353921875 0.040234375 0.04065624999999997
1 0.14070312499999998 0.406625 0.039234374999999974 0.04464062500000003
1 0.12298437499999999 0.36846875 0.03443749999999999 0.03685937499999996
1 0.058671875 0.56321875 0.028249999999999997 0.03495312500000001
1 0.0351875 0.563484375 0.028859375 0.036781249999999946
1 0.080296875 0.722828125 0.03535937499999999 0.04029687499999994
1 0.106078125 0.7624531250000001 0.043765624999999996 0.04309375000000006
1 0.200640625 0.9777812499999999 0.029390625000000004 0.03762499999999989
1 0.172421875 0.9840625 0.03439062499999999 0.03187500000000014
1 0.291484375 0.9265156250000001 0.022578124999999984 0.02835937500000014
1 0.309984375 0.9225937500000001 0.028531249999999987 0.03585937500000007
1 0.5248437499999999 0.8456718750000001 0.041281249999999936 0.045968750000000114
1 0.519453125 0.80121875 0.04731249999999996 0.04696874999999991
1 0.8125 0.928890625 0.036968750000000036 0.039281250000000156
1 0.8345 0.8985937500000001 0.03171874999999993 0.035765625000000155
1 0.554171875 0.555796875 0.03893749999999994 0.04928124999999994
1 0.590625 0.54334375 0.04512499999999999 0.046296874999999994