1 0.7640625 0.92734375 0.0359375 0.046875
1 0.709375 0.9671875 0.0375 0.0484375
1 0.865625 0.55 0.0359375 0.046875
1 0.9359375 0.9546875 0.040625 0.0453125
1 0.4890625 0.72734375 0.0359375 0.046875
1 0.86796875 0.834375 0.0390625 0.046875
1 0.8515625 0.6921875 0.034375 0.04375
1 0.93203125 0.8875 0.0390625 0.046875
1 0.528125 0.6515625 0.0421875 0.05
1 0.65703125 0.53984375 0.0390625 0.046875
1 0.69140625 0.6859375 0.0421875 0.053125
1 0.446875 0.9046875 0.0359375 0.046875
1 0.2828125 0.97109375 0.034375 0.0453125
1 0.13515625 0.9765625 0.0421875 0.046875
1 0.78125 0.80546875 0.0359375 0.04375
1 0.56875 0.14921875 0.0390625 0.0453125
1 0.6296875 0.64921875 0.0375 0.04375
1 0.184375 0.65703125 0.040625 0.0625
1 0.28125 0.3015625 0.0390625 0.0515625
1 0.36796875 0.175 0.0375 0.0484375
1 0.09765625 0.59453125 0.040625 0.0515625
1 0.4703125 0.51640625 0.040625 0.05
1 0.59140625 0.0546875 0.0375 0.0515625
1 0.334375 0.01953125 0.0375 0.0390625
1 0.21328125 0.25 0.0390625 0.04375
1 0.259375 0.20546875 0.0375 0.04375
1 0.971875 0.53515625 0.0359375 0.0421875
1 0.30390625 0.77578125 0.0390625 0.0515625
1 0.109375 0.353125 0.0390625 0.0515625
1 0.6859375 0.3203125 0.0359375 0.0484375
1 0.459375 0.06953125 0.0375 0.05
1 0.81875 0.475 0.0375 0.046875
1 0.378125 0.525 0.0359375 0.05
1 0.52734375 0.49921875 0.040625 0.0484375
1 0.90078125 0.2828125 0.0375 0.04375
1 0.08984375 0.94765625 0.0390625 0.046875
1 0.0234375 0.82265625 0.0390625 0.05
1 0.66953125 0.90078125 0.0421875 0.053125
1 0.14453125 0.284375 0.0421875 0.046875
1 0.50234375 0.8 0.034375 0.0421875
1 0.88671875 0.22421875 0.0390625 0.0484375
1 0.9328125 0.7390625 0.034375 0.040625
1 0.628125 0.08125 0.0359375 0.0453125
1 0.01953125 0.48359375 0.0359375 0.0453125
1 0.58984375 0.59375 0.034375 0.040625
1 0.3125 0.1375 0.0375 0.04375
1 0.7546875 0.73515625 0.0375 0.04375
1 0.95625 0.39140625 0.0375 0.0515625
1 0.03359375 0.2484375 0.0390625 0.0484375
1 0.646875 0.43203125 0.0375 0.0421875
1 0.271875 0.62578125 0.034375 0.05
1 0.78828125 0.66171875 0.0359375 0.04375
1 0.215625 0.08984375 0.0375 0.05
1 0.80625 0.546875 0.0359375 0.040625
1 0.8328125 0.0203125 0.0390625 0.040625
1 0.7625 0.3078125 0.0390625 0.0453125
1 0.04296875 0.96171875 0.0375 0.05
1 0.7546875 0.46796875 0.0390625 0.05
1 0.465625 0.31953125 0.0328125 0.0453125
1 0.3015625 0.08671875 0.0359375 0.04375
1 0.71484375 0.80859375 0.0359375 0.0453125
1 0.84453125 0.1796875 0.04375 0.05625
1 0.103125 0.23515625 0.0390625 0.0453125
1 0.5765625 0.86640625 0.034375 0.040625
1 0.8375 0.765625 0.0328125 0.040625
1 0.1796875 0.38203125 0.0375 0.046875
1 0.34296875 0.2625 0.0359375 0.0484375
1 0.18203125 0.21015625 0.040625 0.0453125
1 0.88984375 0.096875 0.040625 0.0453125
1 0.93984375 0.15703125 0.0421875 0.046875
1 0.790625 0.36875 0.0359375 0.0453125
1 0.45078125 0.65390625 0.04375 0.0453125
1 0.43671875 0.74921875 0.0375 0.04375
1 0.51328125 0.90625 0.0328125 0.04375
1 0.28125 0.88828125 0.040625 0.046875
1 0.3671875 0.884375 0.0421875 0.04375
1 0.19609375 0.80859375 0.034375 0.04375
1 0.02578125 0.5640625 0.0359375 0.04375
1 0.0171875 0.65234375 0.034375 0.0515625
1 0.10078125 0.44453125 0.0328125 0.0453125
1 0.25234375 0.4703125 0.040625 0.040625
1 0.17109375 0.04375 0.0328125 0.0453125
1 0.421875 0.203125 0.0421875 0.0484375
1 0.5796875 0.34453125 0.0375 0.04375
1 0.38515625 0.45703125 0.04375 0.04375
1 0.58828125 0.2203125 0.0359375 0.0515625
1 0.06640625 0.40546875 0.034375 0.04375
1 0.0109375 0.15859375 0.021875 0.046875
1 0.990625 0.1640625 0.01875 0.04375
1 0.990625 0.63203125 0.01875 0.04375
1 0.8734375 0.98828125 0.0359375 0.0234375
1 0.44453125 0.98203125 0.0375 0.0359375
1 0.344046875 0.39965625 0.043656249999999994 0.05089062499999999
1 0.32190625 0.36815625 0.038999999999999965 0.04495312499999997
1 0.528921875 0.44585937500000006 0.03479687499999997 0.043703125000000044
1 0.56421875 0.4491875 0.03579687499999995 0.04878125000000004
1 0.35754687500000004 0.692484375 0.04009375000000004 0.036093750000000036
1 0.36 0.7320625 0.04293750000000003 0.037093750000000016
1 0.6091875 0.75440625 0.046859375000000016 0.04715624999999992
1 0.609484375 0.8041406249999999 0.05212500000000002 0.04367187500000007
1 0.941421875 0.6687031250000001 0.035843750000000084 0.04351562500000004
1 0.90825 0.676375 0.03667187500000004 0.044578124999999955
1 0.8744375 0.459859375 0.04110937499999991 0.04109374999999993
1 0.719140625 0.603421875 0.03934374999999992 0.037171874999999945
1 0.71140625 0.563578125 0.04073437500000008 0.04078125000000003
1 0.861453125 0.42112499999999997 0.055375000000000084 0.04600000000000004
1 0.726546875 0.174953125 0.04700000000000006 0.03671875
1 0.712015625 0.207484375 0.047937499999999925 0.036859374999999986