1 0.73203125 0.284375 0.04375 0.0484375
1 0.7796875 0.7796875 0.040625 0.0515625
1 0.52890625 0.75859375 0.0453125 0.0515625
0 0.65390625 0.05703125 0.046875 0.0828125
1 0.10546875 0.41640625 0.040625 0.05
1 0.33984375 0.4828125 0.05 0.065625
1 0.85234375 0.63046875 0.0390625 0.0453125
1 0.31640625 0.946875 0.0390625 0.05
1 0.88203125 0.84140625 0.0421875 0.05
1 0.78125 0.46875 0.0421875 0.05
1 0.8265625 0.26953125 0.034375 0.040625
1 0.25625 0.21875 0.04375 0.046875
1 0.553125 0.628125 0.0390625 0.05
0 0.0875 0.090625 0.0578125 0.1046875
1 0.2265625 0.05703125 0.0453125 0.053125
0 0.3328125 0.1234375 0.078125 0.0734375
1 0.796875 0.17578125 0.04375 0.05
1 0.884375 0.765625 0.040625 0.046875
0 0.1078125 0.26796875 0.0671875 0.0546875
1 0.2203125 0.6796875 0.0390625 0.05
1 0.8234375 0.41640625 0.0375 0.0453125
1 0.25703125 0.83125 0.0390625 0.0515625
1 0.8609375 0.47734375 0.040625 0.0515625
1 0.86796875 0.70546875 0.0421875 0.046875
1 0.3171875 0.34296875 0.04375 0.0515625
1 0.4078125 0.3375 0.040625 0.053125
1 0.90625 0.31484375 0.0359375 0.04375
1 0.77578125 0.85546875 0.04375 0.053125
1 0.69140625 0.1984375 0.0421875 0.0515625
1 0.184375 0.7828125 0.040625 0.046875
1 0.878125 0.13984375 0.0328125 0.0421875
1 0.94140625 0.6703125 0.0390625 0.0484375
1 0.24921875 0.353125 0.0421875 0.0515625
1 0.39375 0.04453125 0.0390625 0.046875
1 0.47421875 0.8953125 0.0421875 0.0515625
1 0.18828125 0.40859375 0.040625 0.0453125
1 0.71796875 0.89609375 0.0375 0.05
0 0.03125 0.32421875 0.0625 0.0859375
1 0.51953125 0.4046875 0.046875 0.0578125
0 0.75390625 0.109375 0.05625 0.0640625
1 0.39453125 0.2109375 0.0375 0.0484375
1 0.4765625 0.3109375 0.040625 0.05
1 0.69140625 0.49296875 0.0390625 0.0515625
1 0.44453125 0.696875 0.0390625 0.053125
1 0.9171875 0.540625 0.034375 0.04375
1 0.07265625 0.76171875 0.04375 0.05
1 0.8484375 0.34921875 0.0390625 0.0390625
1 0.5796875 0.32578125 0.0515625 0.0640625
1 0.50859375 0.84609375 0.0375 0.040625
1 0.28046875 0.55546875 0.034375 0.0546875
1 0.659375 0.346875 0.040625 0.0421875
1 0.32890625 0.1984375 0.0375 0.0375
1 0.15078125 0.659375 0.040625 0.05
1 0.484375 0.2046875 0.0484375 0.0546875
0 0.071875 0.2 0.0703125 0.0734375
0 0.08359375 0.9296875 0.0859375 0.078125
1 0.46875 0.465625 0.040625 0.0515625
1 0.3671875 0.89375 0.0390625 0.0515625
1 0.1828125 0.91328125 0.040625 0.053125
1 0.353125 0.66328125 0.0390625 0.0578125
0 0.65859375 0.75 0.059375 0.1171875
1 0.69140625 0.64375 0.0421875 0.059375
1 0.7640625 0.60390625 0.0421875 0.046875
1 0.83125 0.0265625 0.0359375 0.0375
1 0.87734375 0.02265625 0.034375 0.040625
1 0.62265625 0.18671875 0.040625 0.053125
1 0.55546875 0.009375 0.0359375 0.01875
1 0.53203125 0.06953125 0.0390625 0.0390625
1 0.98828125 0.7859375 0.0234375 0.053125
1 0.8671875 0.9703125 0.0421875 0.05
1 0.80859375 0.98203125 0.0421875 0.0359375
1 0.1671875 0.25 0.0375 0.040625
1 0.9390625 0.98515625 0.040625 0.0296875
1 0.08203125 0.67421875 0.0546875 0.0578125