0 0.1703125 0.5453125 0.0828125 0.10625
1 0.33828125 0.2890625 0.0390625 0.053125
0 0.2078125 0.18125 0.059375 0.096875
1 0.1140625 0.903125 0.040625 0.0515625
1 0.49375 0.6140625 0.0390625 0.0515625
0 0.88671875 0.7421875 0.0625 0.1140625
1 0.975 0.93671875 0.0453125 0.0515625
0 0.94296875 0.3046875 0.065625 0.09375
1 0.26640625 0.08984375 0.05 0.065625
1 0.04375 0.61875 0.04375 0.0484375
1 0.40625 0.55859375 0.040625 0.053125
0 0.31875 0.4109375 0.078125 0.0828125
1 0.23125 0.79140625 0.040625 0.046875
1 0.36640625 0.3625 0.0421875 0.0515625
1 0.01875 0.925 0.0375 0.0484375
1 0.1703125 0.9546875 0.04375 0.05
1 0.83984375 0.66328125 0.0359375 0.04375
1 0.0578125 0.75 0.0484375 0.0578125
1 0.0546875 0.87890625 0.04375 0.0515625
0 0.75234375 0.48828125 0.0546875 0.0765625
1 0.2015625 0.73125 0.04375 0.0484375
1 0.01796875 0.68359375 0.0359375 0.0515625
1 0.7890625 0.38125 0.0390625 0.053125
1 0.5625 0.2890625 0.0421875 0.05625
1 0.76796875 0.27578125 0.040625 0.0515625
1 0.74609375 0.13984375 0.0421875 0.0515625
1 0.55546875 0.153125 0.04375 0.053125
0 0.1265625 0.190625 0.0546875 0.103125
1 0.8671875 0.8421875 0.0390625 0.05
0 0.8890625 0.03203125 0.05625 0.0640625
1 0.4078125 0.6640625 0.0390625 0.05625
1 0.0171875 0.8234375 0.034375 0.0515625
1 0.69140625 0.2359375 0.0421875 0.0515625
1 0.14765625 0.3390625 0.0390625 0.05
1 0.45625 0.121875 0.0421875 0.0515625
1 0.01796875 0.5484375 0.0359375 0.05
1 0.4125 0.459375 0.0421875 0.0546875
1 0.81328125 0.765625 0.034375 0.05
1 0.365625 0.9046875 0.040625 0.0484375
1 0.68359375 0.328125 0.040625 0.0515625
1 0.6859375 0.67578125 0.0421875 0.0546875
1 0.86015625 0.36953125 0.040625 0.053125
1 0.12734375 0.76171875 0.05 0.0625
1 0.72734375 0.57109375 0.04375 0.0515625
1 0.3375 0.8375 0.040625 0.0484375
1 0.06796875 0.55234375 0.040625 0.0484375
1 0.7359375 0.65546875 0.040625 0.0546875
1 0.01796875 0.040625 0.0359375 0.04375
1 0.47578125 0.81875 0.0375 0.053125
1 0.2484375 0.67265625 0.046875 0.05
1 0.51328125 0.2328125 0.0421875 0.05
1 0.17734375 0.0328125 0.040625 0.05
1 0.95390625 0.0484375 0.04375 0.05
0 0.859375 0.23515625 0.0703125 0.0484375
1 0.5015625 0.15546875 0.040625 0.04375
1 0.2796875 0.7359375 0.04375 0.0453125
1 0.52578125 0.815625 0.0421875 0.0515625
1 0.890625 0.559375 0.0359375 0.04375
1 0.75234375 0.88046875 0.0390625 0.0484375
1 0.09921875 0.81484375 0.046875 0.0453125
0 0.70625 0.42265625 0.075 0.078125
0 0.2796875 0.5125 0.053125 0.06875
1 0.48515625 0.93046875 0.0375 0.0421875
1 0.9671875 0.6890625 0.0359375 0.046875
0 0.19609375 0.39375 0.0546875 0.053125
1 0.096875 0.2859375 0.0375 0.0453125
1 0.98125 0.61953125 0.0375 0.0515625
1 0.5828125 0.76484375 0.0359375 0.04375
1 0.56484375 0.903125 0.040625 0.0453125
1 0.36015625 0.68984375 0.040625 0.046875
1 0.8296875 0.18046875 0.040625 0.0453125
1 0.0546875 0.98046875 0.0375 0.0390625
0 0.05859375 0.22109375 0.0640625 0.078125
0 0.66328125 0.94453125 0.0703125 0.0671875
0 0.87734375 0.93671875 0.0703125 0.06875
1 0.06484375 0.4046875 0.0359375 0.0453125
1 0.79765625 0.54375 0.0453125 0.046875
1 0.25546875 0.35703125 0.04375 0.053125
1 0.7625 0.9796875 0.0359375 0.040625
0 0.62109375 0.3578125 0.040625 0.096875
1 0.08828125 0.08515625 0.0421875 0.0515625
1 0.1953125 0.0984375 0.0421875 0.046875
1 0.37109375 0.06171875 0.040625 0.046875
1 0.4171875 0.08125 0.0359375 0.0484375
1 0.8703125 0.1203125 0.0359375 0.04375
1 0.6671875 0.12734375 0.0359375 0.04375
1 0.66328125 0.5140625 0.0375 0.04375
1 0.55390625 0.63203125 0.034375 0.046875
1 0.13515625 0.64609375 0.0421875 0.0515625
1 0.24609375 0.5953125 0.0453125 0.0515625
1 0.52734375 0.41875 0.05 0.0515625
1 0.409375 0.33046875 0.0421875 0.046875
1 0.47734375 0.5171875 0.0359375 0.0484375
1 0.603125 0.4984375 0.04375 0.0484375
0 0.621875 0.70078125 0.0734375 0.0515625
1 0.5234375 0.0640625 0.04375 0.0515625
1 0.325 0.06015625 0.04375 0.0515625
1 0.56953125 0.0109375 0.0390625 0.021875
1 0.9140625 0.98515625 0.0375 0.0296875
1 0.328125 0.98125 0.04375 0.0375
1 0.009375 0.4640625 0.01875 0.046875
1 0.4640625 0.01875 0.040625 0.0375