1 0.115625 0.35703125 0.040625 0.05
0 0.88671875 0.81640625 0.05 0.0859375
0 0.1703125 0.6015625 0.0640625 0.0609375
1 0.578125 0.25390625 0.0421875 0.0515625
0 0.51796875 0.6484375 0.0625 0.0828125
1 0.51875 0.02421875 0.0421875 0.0484375
1 0.40390625 0.80859375 0.040625 0.059375
1 0.76875 0.72265625 0.0390625 0.05
1 0.7515625 0.515625 0.040625 0.05625
1 0.1 0.453125 0.0421875 0.0515625
1 0.32578125 0.14296875 0.0421875 0.0515625
1 0.48125 0.86953125 0.0359375 0.05
1 0.79375 0.10234375 0.0390625 0.0484375
1 0.28046875 0.61328125 0.0375 0.05
1 0.0765625 0.296875 0.0390625 0.053125
1 0.590625 0.05859375 0.0390625 0.053125
1 0.38984375 0.38125 0.0375 0.0515625
1 0.68515625 0.16484375 0.0421875 0.05
1 0.9828125 0.81796875 0.034375 0.0515625
1 0.67734375 0.6296875 0.0328125 0.0453125
1 0.0171875 0.06015625 0.034375 0.0515625
1 0.2859375 0.40625 0.0359375 0.04375
1 0.2859375 0.521875 0.0390625 0.0515625
1 0.8234375 0.9640625 0.0375 0.0453125
1 0.05703125 0.77734375 0.0390625 0.05
1 0.24375 0.73671875 0.040625 0.0578125
1 0.16328125 0.6796875 0.0375 0.046875
1 0.15625 0.5 0.040625 0.05
1 0.4921875 0.7953125 0.0359375 0.053125
0 0.2140625 0.94609375 0.0703125 0.065625
0 0.66484375 0.26953125 0.05 0.128125
1 0.64921875 0.72578125 0.0375 0.0515625
1 0.34140625 0.42109375 0.0390625 0.046875
0 0.29453125 0.06484375 0.0453125 0.075
1 0.8453125 0.0625 0.0390625 0.0515625
1 0.18515625 0.03984375 0.046875 0.0546875
0 0.83125 0.5 0.0578125 0.0703125
1 0.01875 0.946875 0.0375 0.0453125
1 0.68125 0.52421875 0.0390625 0.046875
1 0.9671875 0.0203125 0.0375 0.040625
1 0.83046875 0.1640625 0.034375 0.04375
0 0.196875 0.80078125 0.0546875 0.053125
1 0.51484375 0.98125 0.0359375 0.0375
1 0.8921875 0.55625 0.0359375 0.040625
1 0.98125 0.571875 0.0375 0.0515625
1 0.0515625 0.54375 0.04375 0.05
1 0.75625 0.30234375 0.040625 0.046875
1 0.3546875 0.03046875 0.0421875 0.0484375
1 0.03359375 0.1921875 0.0359375 0.040625
1 0.53046875 0.2484375 0.0375 0.04375
1 0.6390625 0.4515625 0.034375 0.046875
1 0.35234375 0.51171875 0.03125 0.040625
0 0.3765625 0.29375 0.0375 0.0859375
1 0.9125 0.02578125 0.0421875 0.05
1 0.8515625 0.2875 0.034375 0.0453125
1 0.60390625 0.6859375 0.0359375 0.046875
0 0.40625 0.45234375 0.059375 0.059375
0 0.2265625 0.13125 0.0515625 0.103125
1 0.4875 0.16484375 0.0421875 0.046875
1 0.1 0.9640625 0.04375 0.0484375
1 0.440625 0.48671875 0.040625 0.0515625
1 0.88984375 0.34375 0.034375 0.04375
1 0.03515625 0.83828125 0.0328125 0.040625
1 0.55703125 0.89296875 0.034375 0.0453125
1 0.471875 0.53828125 0.0375 0.053125
1 0.45390625 0.2515625 0.0375 0.0453125
1 0.39609375 0.9203125 0.0328125 0.0421875
1 0.234375 0.36328125 0.0375 0.04375
1 0.80234375 0.37265625 0.0375 0.040625
1 0.45546875 0.71328125 0.0375 0.05
1 0.93515625 0.2859375 0.0359375 0.0421875
1 0.08046875 0.87421875 0.034375 0.0390625
1 0.78125 0.265625 0.0359375 0.0375
1 0.3390625 0.24921875 0.0375 0.05
1 0.53046875 0.1953125 0.04375 0.046875
1 0.3296875 0.890625 0.03125 0.0390625
1 0.021875 0.434375 0.040625 0.0453125
1 0.98046875 0.3671875 0.034375 0.0421875
1 0.62578125 0.53828125 0.0375 0.0390625
1 0.06484375 0.22421875 0.0421875 0.0484375
1 0.24296875 0.2765625 0.04375 0.053125
1 0.1125 0.14375 0.034375 0.0484375
1 0.196875 0.38828125 0.0328125 0.040625
1 0.36328125 0.08671875 0.040625 0.0484375
1 0.94296875 0.165625 0.028125 0.0375
1 0.95 0.21015625 0.0328125 0.0390625
1 0.96484375 0.44921875 0.0359375 0.040625
1 0.9546875 0.50390625 0.0375 0.0421875
1 0.8328125 0.59375 0.0359375 0.05625
1 0.559375 0.73125 0.0390625 0.046875
1 0.53359375 0.55625 0.0390625 0.04375
1 0.271875 0.8734375 0.0453125 0.059375
1 0.39375 0.565625 0.034375 0.0375
1 0.69375 0.8859375 0.03125 0.040625
1 0.753125 0.84765625 0.0359375 0.0390625
1 0.209375 0.6640625 0.0328125 0.040625
1 0.6796875 0.41328125 0.034375 0.046875
1 0.05234375 0.65703125 0.034375 0.0390625