1 0.16953125 0.0546875 0.040625 0.0546875
0 0.83671875 0.50625 0.0625 0.08125
1 0.89296875 0.2703125 0.04375 0.05
1 0.590625 0.07734375 0.0421875 0.05
1 0.9046875 0.7015625 0.0359375 0.040625
1 0.38984375 0.0796875 0.040625 0.0484375
0 0.97109375 0.515625 0.0578125 0.0859375
1 0.3421875 0.1640625 0.040625 0.0515625
1 0.0703125 0.18984375 0.0390625 0.046875
1 0.940625 0.36171875 0.0421875 0.0515625
1 0.73359375 0.26328125 0.0421875 0.0484375
1 0.60234375 0.9453125 0.0375 0.046875
1 0.46328125 0.01796875 0.0390625 0.0359375
1 0.46484375 0.3 0.0421875 0.0546875
1 0.14921875 0.59453125 0.0375 0.04375
1 0.25234375 0.5234375 0.0375 0.04375
1 0.5859375 0.3328125 0.046875 0.0609375
1 0.88515625 0.19453125 0.04375 0.05
0 0.3234375 0.9359375 0.040625 0.0921875
1 0.38984375 0.7109375 0.0421875 0.05
1 0.4609375 0.1734375 0.04375 0.0484375
1 0.2484375 0.44140625 0.03125 0.0390625
1 0.29140625 0.8625 0.0390625 0.0453125
1 0.52734375 0.0640625 0.04375 0.0484375
1 0.44140625 0.85546875 0.040625 0.0453125
0 0.84296875 0.8625 0.0640625 0.05
1 0.51875 0.975 0.046875 0.0484375
1 0.253125 0.065625 0.0390625 0.0484375
1 0.64296875 0.140625 0.04375 0.0484375
1 0.74375 0.38671875 0.04375 0.0484375
1 0.6828125 0.93984375 0.0375 0.0453125
1 0.79609375 0.94140625 0.04375 0.0546875
1 0.021875 0.15703125 0.040625 0.0515625
1 0.81015625 0.7484375 0.040625 0.0453125
1 0.37265625 0.7890625 0.0390625 0.04375
1 0.57421875 0.58515625 0.0421875 0.0546875
0 0.509375 0.90234375 0.0703125 0.05625
1 0.63671875 0.52265625 0.05 0.0578125
1 0.1109375 0.08203125 0.0390625 0.05
1 0.67109375 0.21953125 0.04375 0.0484375
1 0.0578125 0.95 0.0375 0.0484375
1 0.3453125 0.5765625 0.0390625 0.0578125
1 0.28984375 0.58046875 0.034375 0.04375
1 0.765625 0.6484375 0.040625 0.0453125
0 0.075 0.58515625 0.0609375 0.1125
0 0.18515625 0.32421875 0.0859375 0.09375
1 0.6484375 0.71171875 0.0421875 0.0484375
1 0.0453125 0.8765625 0.040625 0.0421875
1 0.1234375 0.51796875 0.04375 0.0515625
1 0.58125 0.8 0.0421875 0.0515625
1 0.96484375 0.07578125 0.04375 0.053125
1 0.1671875 0.896875 0.04375 0.0515625
1 0.08046875 0.42265625 0.040625 0.05
1 0.96640625 0.82890625 0.040625 0.04375
1 0.79609375 0.19375 0.0421875 0.05
1 0.58984375 0.19140625 0.0421875 0.0515625
0 0.1609375 0.7265625 0.0734375 0.0578125
1 0.7140625 0.51484375 0.04375 0.0546875
1 0.06796875 0.3015625 0.05 0.0625
1 0.01640625 0.56953125 0.0328125 0.0546875
1 0.3234375 0.4609375 0.0375 0.040625
1 0.453125 0.7953125 0.0375 0.04375
0 0.140625 0.971875 0.0703125 0.05625
1 0.97109375 0.653125 0.0359375 0.0421875
1 0.4359375 0.49140625 0.0421875 0.05
1 0.8109375 0.69609375 0.034375 0.0359375
0 0.87265625 0.93671875 0.0390625 0.08125
1 0.1921875 0.19453125 0.0390625 0.046875
1 0.328125 0.340625 0.0296875 0.04375
1 0.38359375 0.19921875 0.0359375 0.04375
0 0.69609375 0.6546875 0.04375 0.0953125
1 0.6484375 0.8390625 0.05 0.065625
1 0.78125 0.58203125 0.028125 0.0390625
1 0.84453125 0.4078125 0.040625 0.0484375
1 0.96171875 0.43046875 0.0328125 0.04375
1 0.728125 0.05390625 0.04375 0.053125
1 0.4890625 0.55234375 0.0375 0.0390625
1 0.51875 0.7734375 0.0296875 0.0359375
1 0.265625 0.6578125 0.0484375 0.05625
1 0.21640625 0.6234375 0.0390625 0.04375
1 0.98515625 0.1328125 0.0296875 0.04375
1 0.85703125 0.65 0.0375 0.0453125
1 0.0078125 0.978125 0.015625 0.04375
1 0.009375 0.8921875 0.01875 0.046875
1 0.96015625 0.9890625 0.0359375 0.021875