0 0.0828125 0.88515625 0.0578125 0.075
0 0.55234375 0.0953125 0.078125 0.05625
0 0.70078125 0.08984375 0.0515625 0.0921875
1 0.44375 0.29140625 0.040625 0.046875
1 0.875 0.08671875 0.05 0.0609375
1 0.84375 0.2953125 0.0453125 0.0625
0 0.471875 0.53515625 0.0703125 0.1078125
1 0.115625 0.20625 0.040625 0.0484375
0 0.03125 0.9734375 0.0625 0.053125
1 0.69453125 0.8953125 0.04375 0.059375
0 0.27109375 0.43515625 0.0625 0.0625
0 0.59296875 0.75078125 0.0546875 0.0734375
1 0.52421875 0.25546875 0.0390625 0.0453125
1 0.12890625 0.31796875 0.034375 0.040625
1 0.18515625 0.2015625 0.0375 0.046875
1 0.56171875 0.37265625 0.0375 0.05
1 0.6125 0.265625 0.0359375 0.046875
1 0.97578125 0.46015625 0.0453125 0.0578125
1 0.61171875 0.93515625 0.040625 0.0515625
0 0.24765625 0.1046875 0.0625 0.11875
1 0.24453125 0.51640625 0.0375 0.046875
1 0.78359375 0.48046875 0.040625 0.0515625
1 0.24765625 0.234375 0.0390625 0.046875
0 0.79140625 0.0984375 0.0625 0.0890625
1 0.3390625 0.67265625 0.0453125 0.0578125
1 0.315625 0.77734375 0.0375 0.05
1 0.884375 0.490625 0.0390625 0.053125
1 0.62421875 0.140625 0.0375 0.046875
1 0.4640625 0.1359375 0.0375 0.0484375
1 0.05859375 0.5671875 0.0390625 0.05
1 0.203125 0.76640625 0.040625 0.0453125
1 0.32890625 0.40703125 0.034375 0.0390625
1 0.26796875 0.73046875 0.046875 0.0609375
1 0.14765625 0.60859375 0.0390625 0.05
1 0.24375 0.6625 0.0375 0.0484375
1 0.80859375 0.8296875 0.0390625 0.053125
1 0.06953125 0.78671875 0.0390625 0.0484375
1 0.4421875 0.77578125 0.0390625 0.046875
1 0.78359375 0.74609375 0.0390625 0.046875
1 0.5203125 0.34375 0.0390625 0.0484375
1 0.1046875 0.06015625 0.0390625 0.0484375
1 0.3515625 0.08671875 0.040625 0.046875
1 0.7109375 0.70625 0.040625 0.0515625
1 0.29140625 0.51484375 0.0390625 0.046875
1 0.775 0.9796875 0.04375 0.040625
1 0.6734375 0.80546875 0.04375 0.0609375
1 0.37109375 0.25078125 0.040625 0.0484375
1 0.071875 0.33359375 0.0390625 0.0421875
1 0.36796875 0.5625 0.0390625 0.0484375
1 0.4875 0.675 0.040625 0.0484375
1 0.403125 0.071875 0.0375 0.0453125
0 0.42109375 0.9515625 0.0484375 0.0640625
1 0.06796875 0.69375 0.0390625 0.0515625
0 0.590625 0.52890625 0.05 0.0828125
1 0.6390625 0.05859375 0.0375 0.0484375
1 0.2859375 0.0296875 0.0390625 0.0484375
1 0.88515625 0.64609375 0.0390625 0.0515625
1 0.16796875 0.70390625 0.0375 0.04375
1 0.3234375 0.25625 0.040625 0.0484375
1 0.4703125 0.88203125 0.0390625 0.05
1 0.26875 0.8484375 0.040625 0.0546875
1 0.36171875 0.96015625 0.0359375 0.0453125
1 0.15859375 0.378125 0.0359375 0.0484375
1 0.4109375 0.5921875 0.0359375 0.0484375
1 0.55546875 0.865625 0.0421875 0.0484375
1 0.403125 0.8390625 0.0328125 0.040625
1 0.93828125 0.17421875 0.0453125 0.05625
1 0.01875 0.1453125 0.0375 0.0484375
1 0.28984375 0.5984375 0.0359375 0.04375
1 0.15703125 0.4640625 0.0375 0.046875
1 0.671875 0.4828125 0.0375 0.0453125
1 0.04921875 0.4140625 0.0375 0.0421875
1 0.5484375 0.72109375 0.034375 0.0375
1 0.0484375 0.0828125 0.04375 0.0484375
1 0.74296875 0.80859375 0.040625 0.0546875
1 0.01796875 0.23046875 0.0359375 0.046875
1 0.81328125 0.65703125 0.0375 0.05
1 0.20234375 0.5953125 0.0375 0.046875
1 0.56796875 0.20390625 0.040625 0.040625
1 0.03515625 0.50859375 0.034375 0.0375
1 0.63515625 0.65234375 0.0390625 0.0453125
1 0.94296875 0.74609375 0.0421875 0.0515625
1 0.01796875 0.0421875 0.0359375 0.046875
1 0.83359375 0.90625 0.0390625 0.046875
1 0.75 0.15234375 0.034375 0.04375
1 0.34296875 0.01796875 0.0375 0.0359375
1 0.94140625 0.578125 0.040625 0.0453125
1 0.565625 0.9765625 0.0390625 0.046875
1 0.959375 0.66640625 0.0359375 0.0484375
1 0.44765625 0.0171875 0.0359375 0.034375
1 0.74375 0.584375 0.0390625 0.0421875
1 0.96484375 0.3328125 0.0359375 0.0421875
1 0.31328125 0.93984375 0.0296875 0.04375
1 0.1109375 0.43828125 0.0328125 0.0359375
0 0.8203125 0.5484375 0.0390625 0.090625
1 0.98984375 0.8828125 0.0203125 0.0546875
0 0.31328125 0.32734375 0.065625 0.053125
1 0.14375 0.921875 0.034375 0.0453125
1 0.9234375 0.03203125 0.034375 0.040625
1 0.99140625 0.03359375 0.0171875 0.0484375
1 0.0078125 0.38828125 0.015625 0.0421875
1 0.0171875 0.803125 0.028125 0.046875