0 0.040625 0.328125 0.05625 0.1015625
1 0.6265625 0.96875 0.0359375 0.05
1 0.73671875 0.88828125 0.0359375 0.04375
0 0.55859375 0.9421875 0.0546875 0.0875
0 0.9015625 0.78046875 0.075 0.0578125
0 0.246875 0.69453125 0.053125 0.090625
1 0.38671875 0.64609375 0.0484375 0.0625
0 0.52421875 0.16640625 0.0546875 0.0953125
1 0.175 0.96640625 0.0375 0.0484375
1 0.30546875 0.9640625 0.0390625 0.0484375
0 0.2453125 0.1671875 0.0453125 0.0984375
1 0.1390625 0.890625 0.040625 0.0515625
1 0.29375 0.853125 0.0421875 0.0484375
1 0.81640625 0.065625 0.040625 0.046875
1 0.4546875 0.75859375 0.040625 0.05
1 0.33046875 0.24375 0.0390625 0.05
1 0.97265625 0.9703125 0.0484375 0.05625
1 0.50859375 0.9703125 0.0375 0.046875
1 0.8421875 0.1625 0.040625 0.04375
1 0.30703125 0.5078125 0.040625 0.0484375
0 0.8421875 0.24296875 0.0578125 0.0671875
1 0.0171875 0.58671875 0.034375 0.0484375
0 0.58515625 0.31328125 0.05 0.0609375
0 0.078125 0.9609375 0.046875 0.078125
1 0.44140625 0.834375 0.040625 0.0515625
1 0.07578125 0.2203125 0.05 0.065625
1 0.88046875 0.08984375 0.040625 0.0453125
1 0.16640625 0.6703125 0.0390625 0.05
1 0.57421875 0.7796875 0.0390625 0.0453125
1 0.1796875 0.07734375 0.040625 0.0578125
1 0.20546875 0.84609375 0.0375 0.0484375
1 0.81953125 0.4796875 0.0390625 0.0484375
1 0.13203125 0.31328125 0.0390625 0.0515625
1 0.540625 0.7078125 0.040625 0.0453125
1 0.63984375 0.79375 0.040625 0.0484375
1 0.340625 0.37265625 0.0421875 0.0484375
1 0.97890625 0.52265625 0.0421875 0.04375
1 0.5265625 0.625 0.0390625 0.05
1 0.59453125 0.03515625 0.0421875 0.046875
1 0.74921875 0.128125 0.0390625 0.0484375
1 0.23828125 0.9 0.0390625 0.046875
0 0.3515625 0.77890625 0.0765625 0.0734375
1 0.2109375 0.265625 0.0375 0.0484375
1 0.18828125 0.39609375 0.040625 0.053125
1 0.4703125 0.04453125 0.0375 0.0453125
1 0.2828125 0.3390625 0.04375 0.05
1 0.96328125 0.36953125 0.040625 0.046875
1 0.271875 0.79609375 0.0390625 0.046875
1 0.09765625 0.77578125 0.040625 0.05
1 0.584375 0.19453125 0.0328125 0.0390625
1 0.64375 0.4421875 0.040625 0.046875
0 0.19453125 0.52890625 0.05625 0.1
1 0.621875 0.16015625 0.0328125 0.0375
1 0.6828125 0.29765625 0.0390625 0.04375
1 0.72109375 0.22734375 0.0375 0.0453125
1 0.56875 0.58828125 0.0375 0.05
1 0.9203125 0.59296875 0.0390625 0.046875
1 0.40703125 0.57578125 0.0390625 0.0515625
1 0.85546875 0.3875 0.0390625 0.05
1 0.575 0.84921875 0.0421875 0.0546875
1 0.35703125 0.30078125 0.040625 0.053125
1 0.77265625 0.6125 0.04375 0.059375
1 0.325 0.42734375 0.046875 0.0484375
1 0.10859375 0.66640625 0.040625 0.05
1 0.10625 0.50234375 0.0390625 0.0484375
1 0.9796875 0.0640625 0.0390625 0.046875
1 0.01640625 0.93671875 0.0328125 0.0546875
1 0.6171875 0.71171875 0.040625 0.04375
1 0.95625 0.2109375 0.0421875 0.0484375
1 0.5109375 0.0828125 0.04375 0.0546875
1 0.35390625 0.08203125 0.0375 0.05
1 0.34921875 0.5515625 0.040625 0.046875
1 0.9328125 0.2984375 0.040625 0.0453125
1 0.39765625 0.1796875 0.0421875 0.0546875
1 0.06875 0.85 0.040625 0.046875
1 0.678125 0.94609375 0.0375 0.046875
1 0.44921875 0.21796875 0.0421875 0.053125
1 0.109375 0.578125 0.040625 0.0515625
1 0.6421875 0.5203125 0.0375 0.05
1 0.64453125 0.08828125 0.040625 0.0453125
1 0.509375 0.559375 0.0359375 0.046875
1 0.95546875 0.45390625 0.040625 0.0484375
1 0.0875 0.0359375 0.0421875 0.053125
1 0.23828125 0.37734375 0.0484375 0.0671875
1 0.98671875 0.71875 0.0265625 0.046875
1 0.7015625 0.64296875 0.0453125 0.046875
1 0.14453125 0.52265625 0.034375 0.04375
1 0.31015625 0.68046875 0.0390625 0.046875
1 0.684375 0.15 0.0390625 0.0453125
1 0.64296875 0.8703125 0.0359375 0.0453125
1 0.01640625 0.11875 0.0328125 0.046875
1 0.40078125 0.9203125 0.0375 0.040625
1 0.7859375 0.20234375 0.034375 0.0375
1 0.74296875 0.05390625 0.0421875 0.0453125
1 0.57734375 0.1171875 0.0359375 0.040625
1 0.86640625 0.6296875 0.040625 0.046875
1 0.7796875 0.79453125 0.0375 0.0484375
0 0.9515625 0.8421875 0.075 0.059375
1 0.45546875 0.60859375 0.040625 0.046875
1 0.91796875 0.928125 0.0359375 0.0390625
1 0.7640625 0.52734375 0.040625 0.05
1 0.88203125 0.328125 0.034375 0.0375
1 0.7546875 0.45234375 0.040625 0.0484375
1 0.4140625 0.05390625 0.040625 0.0546875
0 0.10625 0.42421875 0.0578125 0.0625
0 0.0375 0.43828125 0.0546875 0.0671875
0 0.5875 0.453125 0.0453125 0.1015625
1 0.78125 0.9296875 0.040625 0.05
1 0.8296875 0.9078125 0.0421875 0.046875
1 0.6890625 0.8125 0.0390625 0.0484375
1 0.43671875 0.890625 0.040625 0.046875
1 0.1484375 0.803125 0.040625 0.0421875
1 0.0375 0.06953125 0.034375 0.04375
1 0.01953125 0.2296875 0.0390625 0.0515625
1 0.9140625 0.5203125 0.04375 0.05
1 0.86875 0.51640625 0.04375 0.046875
1 0.65078125 0.596875 0.0359375 0.05
1 0.8640625 0.8546875 0.0375 0.046875
1 0.5046875 0.75078125 0.040625 0.046875
1 0.25 0.47734375 0.0390625 0.0453125
1 0.4234375 0.38359375 0.0375 0.0421875
1 0.4265625 0.2984375 0.034375 0.0421875
1 0.5296875 0.48125 0.04375 0.0484375
1 0.4671875 0.45 0.04375 0.0484375
1 0.4515625 0.5296875 0.0359375 0.0484375
1 0.53515625 0.0140625 0.0390625 0.028125
1 0.01015625 0.7078125 0.0203125 0.046875