1 0.96953125 0.6875 0.046875 0.0640625
1 0.50390625 0.73203125 0.0484375 0.0609375
1 0.79375 0.196875 0.046875 0.05625
1 0.1296875 0.0328125 0.0421875 0.0484375
1 0.54140625 0.37109375 0.0421875 0.053125
1 0.18046875 0.59609375 0.04375 0.05625
1 0.62578125 0.140625 0.0375 0.04375
1 0.78671875 0.790625 0.040625 0.0515625
1 0.78671875 0.60859375 0.040625 0.046875
1 0.728125 0.31875 0.04375 0.053125
1 0.87421875 0.23671875 0.0421875 0.0484375
1 0.0546875 0.1671875 0.0421875 0.0484375
1 0.82734375 0.878125 0.0484375 0.059375
1 0.85 0.14609375 0.0484375 0.053125
1 0.33828125 0.715625 0.0390625 0.046875
1 0.2921875 0.6484375 0.0390625 0.046875
1 0.95546875 0.86171875 0.040625 0.0484375
1 0.33984375 0.51171875 0.040625 0.0515625
1 0.2140625 0.81640625 0.0359375 0.0421875
1 0.34765625 0.81796875 0.040625 0.05
1 0.22890625 0.69765625 0.040625 0.0484375
1 0.07109375 0.51640625 0.0390625 0.046875
1 0.71171875 0.79375 0.0421875 0.046875
1 0.1203125 0.978125 0.046875 0.04375
1 0.30703125 0.87890625 0.040625 0.05
1 0.4921875 0.8921875 0.0390625 0.04375
1 0.23046875 0.20859375 0.040625 0.0484375
1 0.16171875 0.2375 0.0375 0.046875
1 0.78515625 0.33984375 0.040625 0.05
1 0.934375 0.78984375 0.040625 0.05
1 0.67734375 0.5625 0.05 0.0578125
1 0.7625 0.4546875 0.0390625 0.0515625
1 0.56015625 0.7640625 0.040625 0.0515625
1 0.71953125 0.921875 0.0359375 0.0453125
1 0.16875 0.8953125 0.0453125 0.0546875
1 0.0953125 0.74453125 0.040625 0.05
1 0.83203125 0.69453125 0.040625 0.05
1 0.53984375 0.8171875 0.0421875 0.05
1 0.365625 0.3171875 0.0390625 0.046875
1 0.51875 0.9515625 0.0390625 0.04375
1 0.59609375 0.3546875 0.040625 0.05
1 0.58515625 0.27578125 0.0390625 0.0484375
1 0.36796875 0.6375 0.0390625 0.05
1 0.64921875 0.87734375 0.0390625 0.0453125
1 0.246875 0.3 0.040625 0.05
1 0.3859375 0.55546875 0.0421875 0.0515625
1 0.40703125 0.19296875 0.0390625 0.046875
1 0.70625 0.190625 0.0390625 0.0484375
1 0.69921875 0.6390625 0.0390625 0.04375
1 0.246875 0.14609375 0.0421875 0.0515625
1 0.09921875 0.59375 0.040625 0.0484375
1 0.984375 0.2171875 0.03125 0.0546875
1 0.9453125 0.30234375 0.0421875 0.0484375
1 0.6765625 0.378125 0.0359375 0.04375
1 0.434375 0.709375 0.046875 0.0546875
1 0.83125 0.5 0.04375 0.0546875
1 0.103125 0.325 0.0375 0.0484375
1 0.36015625 0.215625 0.0375 0.0484375
1 0.27734375 0.45078125 0.0390625 0.046875
1 0.1125 0.67734375 0.0390625 0.05
1 0.2484375 0.378125 0.0390625 0.05
1 0.6625 0.27109375 0.0390625 0.0484375
1 0.3109375 0.05546875 0.0390625 0.046875
1 0.03828125 0.3984375 0.0359375 0.0421875
1 0.41015625 0.95703125 0.040625 0.0484375
1 0.440625 0.796875 0.0390625 0.0484375
1 0.83203125 0.259375 0.0390625 0.0421875
1 0.2609375 0.02734375 0.0390625 0.053125
1 0.8953125 0.6453125 0.0390625 0.046875
1 0.63671875 0.0296875 0.0390625 0.0421875
1 0.88203125 0.53125 0.0359375 0.0421875
1 0.44296875 0.2515625 0.0375 0.046875
1 0.45390625 0.3484375 0.0359375 0.04375
1 0.2234375 0.084375 0.0390625 0.04375
1 0.93515625 0.5671875 0.040625 0.05
1 0.53984375 0.2109375 0.0390625 0.046875
1 0.775 0.92109375 0.0390625 0.0453125
1 0.95 0.1328125 0.0390625 0.046875
1 0.6015625 0.9796875 0.0453125 0.040625
1 0.4109375 0.35078125 0.0359375 0.0453125
1 0.315625 0.3078125 0.0484375 0.0484375
1 0.778125 0.53828125 0.0390625 0.0421875
1 0.16796875 0.10625 0.0375 0.0421875
1 0.71640625 0.0390625 0.0375 0.04375
1 0.47578125 0.5609375 0.0390625 0.0484375
1 0.9078125 0.16484375 0.0390625 0.040625
1 0.5859375 0.0703125 0.0328125 0.034375
1 0.26171875 0.96484375 0.0453125 0.0578125
1 0.69921875 0.74296875 0.0390625 0.04375
1 0.70625 0.846875 0.0390625 0.04375
1 0.3703125 0.76796875 0.034375 0.0390625
1 0.63828125 0.7796875 0.0390625 0.046875
1 0.10546875 0.2453125 0.0359375 0.0421875
1 0.15 0.84296875 0.040625 0.046875
1 0.840625 0.05078125 0.0375 0.04375
1 0.3171875 0.396875 0.034375 0.04375
1 0.2171875 0.4328125 0.0375 0.0421875
1 0.03984375 0.7421875 0.0375 0.04375
1 0.553125 0.8765625 0.0390625 0.0421875
1 0.1671875 0.46796875 0.053125 0.0515625
1 0.41328125 0.2921875 0.0328125 0.0375
1 0.121875 0.115625 0.034375 0.040625
1 0.0703125 0.04140625 0.0359375 0.040625
1 0.0671875 0.453125 0.0390625 0.0421875
1 0.51875 0.303125 0.03125 0.0390625
1 0.5015625 0.64453125 0.0328125 0.0375
1 0.346875 0.40859375 0.0296875 0.0421875
1 0.37578125 0.41171875 0.034375 0.040625
1 0.07890625 0.8171875 0.0296875 0.0390625
1 0.56484375 0.58515625 0.03125 0.034375
1 0.5234375 0.4796875 0.0359375 0.040625
1 0.5453125 0.53515625 0.0359375 0.0453125
1 0.74296875 0.09453125 0.0375 0.0453125
1 0.39296875 0.02421875 0.0390625 0.0421875
1 0.2546875 0.56796875 0.0359375 0.040625
1 0.98984375 0.0953125 0.0203125 0.046875
1 0.009375 0.95625 0.01875 0.0484375
1 0.00859375 0.49765625 0.0171875 0.04375
1 0.6490781250000001 0.44157812500000004 0.04576562499999994 0.04587500000000002
1 0.6248750000000001 0.4838125 0.04942187499999999 0.04375
1 0.44548437500000004 0.47831250000000003 0.02971874999999997 0.038640625000000026
1 0.42598437499999997 0.609546875 0.03831249999999997 0.044703125000000024
1 0.44699999999999995 0.632484375 0.03415625000000002 0.04235937500000002
1 0.9220937499999999 0.46214062499999997 0.03729687499999983 0.05089062500000008
1 0.91375 0.424796875 0.044921875 0.05190625000000004
1 0.1916875 0.317796875 0.03942187500000001 0.043593749999999966
1 0.17385937499999998 0.349203125 0.040203124999999985 0.038968749999999996
1 0.038203125 0.255234375 0.041484375000000004 0.03782812499999997
1 0.047640625 0.22390625000000003 0.04071874999999999 0.039765624999999985
1 0.332703125 0.140234375 0.04165625000000004 0.039078124999999984
1 0.335671875 0.11000000000000001 0.03700000000000001 0.03621875000000001
1 0.412609375 0.12803124999999999 0.031718749999999976 0.04540625
1 0.436703125 0.118265625 0.03132812499999993 0.04553124999999999
1 0.47850000000000004 0.16989062500000002 0.03946874999999998 0.049562499999999995
1 0.5033125 0.138109375 0.036374999999999956 0.04592187500000002
1 0.56421875 0.1505 0.03082812500000003 0.03534375000000001
1 0.582703125 0.135125 0.035218749999999945 0.040234375
1 0.47734375 0.064640625 0.03920312500000005 0.046796875
1 0.46215624999999994 0.037515625 0.03468750000000007 0.03645312499999999
1 0.5421875 0.020796875 0.035578124999999974 0.03765625
1 0.5344375 0.050124999999999996 0.03289062499999993 0.04037500000000001
1 0.2774375 0.734078125 0.034499999999999975 0.04206249999999993
1 0.24939062500000003 0.753546875 0.03356250000000003 0.03431250000000006
1 0.32009375 0.9656874999999999 0.040109375000000023 0.03981250000000003
1 0.33599999999999997 0.93128125 0.04220312499999999 0.044781250000000127