1 0.48046875 0.53359375 0.0359375 0.0421875
1 0.08125 0.50859375 0.0390625 0.05
1 0.409375 0.33984375 0.0375 0.053125
1 0.159375 0.45859375 0.0375 0.05
1 0.0828125 0.58125 0.0421875 0.046875
0 0.3390625 0.52265625 0.065625 0.0546875
1 0.1546875 0.72578125 0.0375 0.046875
1 0.78125 0.16875 0.040625 0.053125
1 0.5296875 0.603125 0.0390625 0.0484375
1 0.46171875 0.915625 0.040625 0.053125
1 0.6296875 0.80078125 0.0359375 0.04375
1 0.253125 0.68671875 0.0359375 0.046875
1 0.40234375 0.12421875 0.0359375 0.0484375
1 0.290625 0.4328125 0.0328125 0.040625
1 0.6265625 0.9171875 0.0390625 0.0484375
1 0.6078125 0.459375 0.040625 0.0546875
1 0.06953125 0.2890625 0.0328125 0.040625
1 0.70625 0.9234375 0.034375 0.0421875
1 0.428125 0.59296875 0.034375 0.04375
1 0.13984375 0.9234375 0.0421875 0.0546875
1 0.7546875 0.93984375 0.040625 0.0453125
1 0.0359375 0.40390625 0.0375 0.0484375
1 0.47421875 0.45859375 0.0359375 0.05
1 0.21953125 0.55859375 0.0359375 0.0453125
1 0.3234375 0.0375 0.040625 0.046875
1 0.97265625 0.253125 0.0453125 0.0546875
1 0.59140625 0.2453125 0.0359375 0.046875
1 0.30703125 0.9296875 0.0359375 0.05
1 0.096875 0.67890625 0.04375 0.046875
1 0.334375 0.43125 0.0390625 0.0453125
1 0.265625 0.5890625 0.0375 0.0484375
1 0.5265625 0.05703125 0.0390625 0.0578125
1 0.01640625 0.2078125 0.0328125 0.053125
1 0.875 0.1671875 0.04375 0.05625
1 0.6453125 0.70859375 0.0390625 0.046875
1 0.06640625 0.77578125 0.034375 0.0390625
0 0.9546875 0.1265625 0.0671875 0.084375
1 0.89453125 0.54140625 0.04375 0.05625
0 0.2640625 0.1203125 0.0484375 0.084375
1 0.575 0.65625 0.0375 0.0484375
1 0.46875 0.25390625 0.0375 0.0546875
1 0.8578125 0.8375 0.0359375 0.040625
0 0.7375 0.50234375 0.0671875 0.0875
1 0.8375 0.76953125 0.0421875 0.0484375
0 0.92265625 0.309375 0.06875 0.0515625
1 0.70859375 0.36640625 0.034375 0.046875
1 0.93984375 0.46328125 0.04375 0.0640625
1 0.98359375 0.8671875 0.0328125 0.05
1 0.22578125 0.85859375 0.04375 0.0578125
1 0.6671875 0.85234375 0.03125 0.034375
1 0.12421875 0.128125 0.0328125 0.05625
1 0.646875 0.2046875 0.0359375 0.05
1 0.3046875 0.30546875 0.0359375 0.046875
1 0.14140625 0.2953125 0.0328125 0.046875
1 0.60234375 0.03359375 0.034375 0.0421875
1 0.471875 0.66953125 0.0421875 0.05
1 0.40390625 0.025 0.0359375 0.04375
1 0.7875 0.85625 0.0328125 0.04375
1 0.290625 0.78984375 0.0421875 0.0546875
0 0.20390625 0.771875 0.0421875 0.08125
1 0.97421875 0.665625 0.0453125 0.065625
1 0.9375 0.60859375 0.0421875 0.0546875
0 0.83828125 0.65703125 0.065625 0.059375
0 0.8578125 0.4390625 0.0640625 0.0734375
1 0.12265625 0.01796875 0.0421875 0.0359375
1 0.77265625 0.01875 0.0375 0.0359375
1 0.9828125 0.01640625 0.034375 0.0328125
1 0.37890625 0.98515625 0.0328125 0.0296875
1 0.01953125 0.98828125 0.0390625 0.0234375
1 0.01171875 0.90859375 0.0234375 0.040625
1 0.0125 0.6203125 0.025 0.05