1 0.53125 0.03203125 0.059375 0.0625
1 0.590625 0.16640625 0.05 0.0484375
1 0.528125 0.16953125 0.04375 0.0625
1 0.60546875 0.29609375 0.04375 0.059375
1 0.49140625 0.27890625 0.046875 0.059375
1 0.5171875 0.39453125 0.0453125 0.05
1 0.6484375 0.38828125 0.05 0.0546875
1 0.89921875 0.10703125 0.05 0.0671875
1 0.96796875 0.10859375 0.040625 0.05625
1 0.925 0.03515625 0.0453125 0.0640625
1 0.85625 0.03828125 0.0375 0.05
1 0.8703125 0.29375 0.04375 0.046875
1 0.80625 0.30703125 0.0421875 0.0515625
1 0.92578125 0.69375 0.0421875 0.05
1 0.8390625 0.6765625 0.040625 0.0546875
1 0.80078125 0.58046875 0.0359375 0.04375
1 0.85234375 0.5265625 0.04375 0.046875
1 0.81328125 0.475 0.0421875 0.0515625
1 0.83359375 0.3859375 0.0375 0.05
1 0.8890625 0.43515625 0.0359375 0.0453125
1 0.7484375 0.5015625 0.0375 0.0484375
1 0.721875 0.5890625 0.0421875 0.0515625
1 0.65078125 0.4796875 0.0421875 0.0578125
1 0.58828125 0.59921875 0.0390625 0.0484375
1 0.59140625 0.68203125 0.040625 0.046875
1 0.52578125 0.67421875 0.04375 0.05
1 0.64921875 0.63046875 0.0421875 0.0515625
1 0.703125 0.671875 0.0390625 0.0484375
1 0.69609375 0.815625 0.0375 0.0515625
1 0.5984375 0.8765625 0.040625 0.05625
1 0.68671875 0.9171875 0.0375 0.05
1 0.5515625 0.93828125 0.0390625 0.0546875
1 0.9203125 0.778125 0.04375 0.059375
1 0.94609375 0.94296875 0.0421875 0.0515625
1 0.76484375 0.95859375 0.0390625 0.0546875
1 0.40859375 0.85625 0.0359375 0.05
1 0.32734375 0.89609375 0.040625 0.0546875
1 0.26484375 0.84140625 0.046875 0.053125
1 0.43671875 0.71484375 0.0421875 0.05
1 0.4125 0.64140625 0.04375 0.053125
1 0.4921875 0.49921875 0.0359375 0.053125
1 0.54921875 0.51875 0.0375 0.04375
1 0.4546875 0.36875 0.0421875 0.0484375
1 0.16875 0.18359375 0.04375 0.053125
1 0.2046875 0.109375 0.0390625 0.0515625
1 0.0984375 0.15078125 0.0453125 0.046875
1 0.0203125 0.1375 0.040625 0.05
1 0.0875 0.40390625 0.0421875 0.046875
1 0.2015625 0.36015625 0.0328125 0.0421875
1 0.13515625 0.46640625 0.034375 0.0421875
1 0.10859375 0.56328125 0.04375 0.046875
1 0.2484375 0.39921875 0.0390625 0.05
1 0.1734375 0.61171875 0.0421875 0.0484375
1 0.24140625 0.6203125 0.034375 0.0421875
1 0.29453125 0.6265625 0.0390625 0.0515625
1 0.02578125 0.45859375 0.05 0.0578125
1 0.03125 0.6921875 0.0375 0.053125
1 0.028125 0.809375 0.0390625 0.053125
1 0.05 0.971875 0.0484375 0.0515625
1 0.12421875 0.7921875 0.040625 0.05
1 0.1296875 0.8484375 0.04375 0.053125
1 0.34921875 0.45 0.040625 0.0546875
1 0.31875 0.06875 0.0375 0.0484375
1 0.09453125 0.07578125 0.0328125 0.040625
1 0.3828125 0.13125 0.040625 0.0390625
1 0.4125 0.48203125 0.0390625 0.04375
1 0.7078125 0.41640625 0.0515625 0.05625
1 0.0375 0.01171875 0.03125 0.0234375
1 0.9890625 0.6796875 0.021875 0.040625
1 0.0125 0.88828125 0.025 0.0453125
1 0.009375 0.57578125 0.01875 0.046875
1 0.29375 0.76015625 0.0328125 0.0390625
1 0.98203125 0.57890625 0.0359375 0.040625
1 0.128734375 0.33984375 0.033140625000000014 0.03626562499999997
1 0.14515625000000001 0.36575 0.031625000000000014 0.04240624999999998
1 0.28425 0.308140625 0.038796874999999974 0.05025000000000004
1 0.28984375 0.26690625 0.038406249999999975 0.04542187499999999
1 0.21637499999999998 0.9459687499999999 0.040437499999999994 0.04106249999999996
1 0.213 0.8971875 0.03504687500000001 0.04239062500000017
1 0.47821875 0.87346875 0.042312500000000065 0.047921875000000114
1 0.47715625 0.909265625 0.05093750000000004 0.041156249999999873
1 0.8466875 0.887875 0.04590625000000017 0.05221875000000011
1 0.8786093749999999 0.8849375 0.04484375000000007 0.05615625000000009
1 0.757703125 0.823265625 0.03196875000000006 0.03670312500000002
1 0.7845156249999999 0.829 0.03046875 0.04245312500000011
1 0.7369375 0.732375 0.04073437500000008 0.04176562500000003
1 0.76278125 0.7242968750000001 0.03664062500000007 0.04499999999999993
1 0.7930781250000001 0.202390625 0.04143750000000006 0.04325000000000001
1 0.755578125 0.20973437499999997 0.04215625000000003 0.05021874999999998
1 0.94253125 0.261 0.036890624999999844 0.044859374999999965
1 0.9692031249999999 0.276890625 0.033531250000000054 0.04142187499999998