0 0.21640625 0.63984375 0.05625 0.09375
1 0.28046875 0.53203125 0.0390625 0.05
1 0.975 0.1765625 0.040625 0.0453125
0 0.271875 0.94296875 0.071875 0.059375
1 0.92734375 0.06328125 0.0375 0.04375
1 0.65234375 0.7921875 0.0421875 0.05
1 0.1171875 0.1203125 0.0453125 0.0484375
1 0.065625 0.71328125 0.040625 0.05
1 0.04296875 0.94921875 0.0421875 0.046875
0 0.88515625 0.4796875 0.0453125 0.0953125
0 0.43671875 0.55625 0.0671875 0.075
1 0.84375 0.2015625 0.0421875 0.04375
0 0.33046875 0.31484375 0.0515625 0.09375
1 0.54453125 0.55703125 0.046875 0.0546875
1 0.2921875 0.7625 0.0421875 0.04375
1 0.04921875 0.3421875 0.046875 0.059375
1 0.34921875 0.61953125 0.040625 0.0484375
1 0.81796875 0.39921875 0.046875 0.059375
1 0.5265625 0.73359375 0.04375 0.0484375
0 0.79453125 0.11171875 0.075 0.0515625
0 0.8171875 0.60625 0.075 0.0984375
0 0.46171875 0.659375 0.08125 0.075
1 0.16796875 0.4734375 0.0421875 0.0515625
1 0.89375 0.634375 0.0390625 0.0453125
1 0.8078125 0.2390625 0.04375 0.0453125
1 0.16484375 0.16328125 0.0421875 0.0484375
1 0.91796875 0.71484375 0.04375 0.053125
1 0.56796875 0.79296875 0.0421875 0.04375
1 0.68828125 0.85703125 0.0421875 0.0453125
1 0.29453125 0.8859375 0.040625 0.0484375
1 0.57578125 0.97421875 0.046875 0.0515625
1 0.0921875 0.48203125 0.0421875 0.0625
1 0.31328125 0.82421875 0.0390625 0.046875
1 0.17890625 0.3015625 0.040625 0.046875
1 0.72890625 0.92890625 0.046875 0.059375
1 0.35625 0.4578125 0.0421875 0.05
1 0.02890625 0.0703125 0.040625 0.0484375
1 0.3578125 0.54609375 0.0390625 0.04375
1 0.5578125 0.86796875 0.0421875 0.0453125
1 0.509375 0.34765625 0.0421875 0.05
1 0.78046875 0.52265625 0.0390625 0.04375
0 0.63125 0.3359375 0.0703125 0.0765625
1 0.72734375 0.27109375 0.04375 0.04375
1 0.646875 0.17890625 0.0453125 0.046875
1 0.6359375 0.5640625 0.046875 0.0625
1 0.11171875 0.68203125 0.0421875 0.0515625
1 0.5078125 0.91171875 0.04375 0.0515625
1 0.74140625 0.6703125 0.0421875 0.05
1 0.16875 0.3765625 0.0421875 0.0484375
1 0.45078125 0.15234375 0.0421875 0.0515625
1 0.19765625 0.98046875 0.040625 0.0390625
1 0.36171875 0.84296875 0.04375 0.0515625
1 0.31015625 0.20234375 0.0390625 0.0515625
0 0.384375 0.2125 0.046875 0.1046875
1 0.9765625 0.36015625 0.0375 0.0453125
1 0.87265625 0.10078125 0.0421875 0.0484375
1 0.09140625 0.8875 0.040625 0.046875
1 0.28203125 0.38828125 0.0421875 0.0453125
1 0.98046875 0.63359375 0.0390625 0.0484375
1 0.80078125 0.02109375 0.0390625 0.0421875
1 0.9875 0.053125 0.025 0.046875
1 0.375 0.696875 0.040625 0.046875
1 0.89375 0.29609375 0.046875 0.05625
1 0.3453125 0.08515625 0.040625 0.053125
1 0.484375 0.2453125 0.0421875 0.0515625
1 0.5859375 0.609375 0.0390625 0.046875
1 0.0609375 0.24453125 0.0421875 0.05
1 0.64921875 0.93203125 0.0421875 0.046875
1 0.98359375 0.2734375 0.0328125 0.0484375
1 0.159375 0.7203125 0.0390625 0.046875
1 0.22109375 0.41484375 0.0453125 0.05
1 0.9875 0.83984375 0.025 0.0484375
1 0.928125 0.921875 0.0390625 0.05
1 0.696875 0.32109375 0.04375 0.04375
0 0.43984375 0.7578125 0.06875 0.059375
1 0.434375 0.3328125 0.040625 0.0453125
1 0.940625 0.4734375 0.040625 0.05
1 0.459375 0.3796875 0.0390625 0.04375
1 0.70546875 0.7453125 0.04375 0.0515625
1 0.7296875 0.0546875 0.034375 0.0390625
1 0.27734375 0.0875 0.0359375 0.046875
1 0.01875 0.56875 0.0375 0.04375
1 0.65546875 0.41640625 0.0421875 0.0484375
1 0.1140625 0.7984375 0.0359375 0.0390625
1 0.98203125 0.42421875 0.0359375 0.0421875
1 0.6546875 0.2578125 0.0421875 0.0453125
1 0.034375 0.8359375 0.0375 0.040625
1 0.1421875 0.59921875 0.0375 0.05
1 0.91015625 0.21015625 0.0375 0.040625
1 0.56171875 0.2515625 0.04375 0.0484375
1 0.21875 0.8203125 0.0375 0.040625
1 0.178125 0.853125 0.040625 0.0421875
0 0.23828125 0.0515625 0.0625 0.084375
1 0.84921875 0.91796875 0.0359375 0.0421875
1 0.6984375 0.63359375 0.040625 0.046875
1 0.14921875 0.9171875 0.0390625 0.040625
1 0.0796875 0.60078125 0.040625 0.0453125
1 0.73125 0.3671875 0.04375 0.04375
1 0.5375 0.0453125 0.0421875 0.0515625
1 0.2703125 0.29453125 0.0375 0.0453125
0 0.21171875 0.89609375 0.046875 0.0578125
1 0.921875 0.565625 0.0375 0.0421875
1 0.384375 0.37265625 0.040625 0.0421875
1 0.33203125 0.73671875 0.0375 0.0390625
0 0.12109375 0.06015625 0.0703125 0.053125
1 0.5140625 0.49375 0.040625 0.0453125
1 0.1625 0.7890625 0.0328125 0.0421875
1 0.26015625 0.7140625 0.0375 0.0421875
0 0.4546875 0.44921875 0.0484375 0.0734375
1 0.55234375 0.38046875 0.0421875 0.0515625
1 0.596875 0.1453125 0.034375 0.0375
1 0.4234375 0.878125 0.0390625 0.0453125
1 0.784375 0.18515625 0.0390625 0.040625
1 0.8515625 0.3 0.034375 0.04375
1 0.334375 0.009375 0.0375 0.01875
1 0.83125 0.98828125 0.0375 0.0234375
1 0.99296875 0.928125 0.0140625 0.046875
1 0.37734375 0.9875 0.034375 0.025
1 0.01484375 0.98203125 0.0296875 0.0359375