1 0.65859375 0.48671875 0.0421875 0.0515625
1 0.278125 0.9671875 0.0390625 0.0484375
0 0.7890625 0.6734375 0.078125 0.0703125
0 0.22109375 0.93359375 0.071875 0.078125
1 0.69609375 0.9234375 0.04375 0.0515625
1 0.05546875 0.71796875 0.034375 0.04375
1 0.31875 0.121875 0.04375 0.0515625
1 0.75078125 0.7640625 0.0421875 0.05
1 0.55078125 0.61328125 0.0390625 0.0453125
1 0.41796875 0.14375 0.040625 0.0515625
1 0.6078125 0.31875 0.0515625 0.0640625
1 0.27734375 0.159375 0.0421875 0.053125
0 0.078125 0.4390625 0.06875 0.09375
1 0.48828125 0.14765625 0.0390625 0.05
1 0.15625 0.628125 0.0375 0.0421875
1 0.76953125 0.52421875 0.04375 0.05
1 0.409375 0.4046875 0.0421875 0.05
0 0.70078125 0.21328125 0.071875 0.05625
1 0.7203125 0.284375 0.0421875 0.05
1 0.3296875 0.2359375 0.040625 0.053125
0 0.41796875 0.5109375 0.0671875 0.1203125
1 0.98125 0.94140625 0.0375 0.05
1 0.04453125 0.596875 0.0453125 0.0546875
1 0.23125 0.3734375 0.0421875 0.0484375
1 0.753125 0.38828125 0.0421875 0.0484375
1 0.5734375 0.41484375 0.040625 0.0515625
1 0.5421875 0.93203125 0.040625 0.0484375
1 0.2921875 0.88828125 0.0390625 0.05
1 0.58203125 0.15546875 0.0421875 0.053125
1 0.97109375 0.33046875 0.0390625 0.0484375
1 0.5859375 0.86328125 0.04375 0.0484375
1 0.54296875 0.8265625 0.04375 0.0421875
1 0.59140625 0.503125 0.040625 0.05
0 0.69765625 0.53671875 0.05 0.0921875
1 0.49453125 0.415625 0.05 0.0625
1 0.8703125 0.05390625 0.0421875 0.046875
1 0.2140625 0.18671875 0.0375 0.0484375
1 0.98125 0.23046875 0.0375 0.0546875
1 0.08828125 0.0640625 0.04375 0.0546875
1 0.53203125 0.7640625 0.0390625 0.04375
1 0.90546875 0.98125 0.040625 0.0375
1 0.459375 0.709375 0.0421875 0.0515625
1 0.8578125 0.89765625 0.0390625 0.04375
1 0.94375 0.8140625 0.0421875 0.046875
1 0.8375 0.82734375 0.0421875 0.046875
1 0.14609375 0.11015625 0.040625 0.053125
0 0.6375 0.04453125 0.059375 0.0578125
1 0.134375 0.80625 0.0390625 0.0453125
0 0.1046875 0.728125 0.0515625 0.071875
1 0.85390625 0.6328125 0.0453125 0.05
1 0.8421875 0.97421875 0.0453125 0.0515625
1 0.5328125 0.05234375 0.0390625 0.046875
1 0.88515625 0.146875 0.0421875 0.05625
1 0.65078125 0.3953125 0.05 0.0578125
1 0.58046875 0.66015625 0.040625 0.0453125
1 0.12421875 0.53203125 0.034375 0.0421875
1 0.8796875 0.48125 0.0421875 0.05625
1 0.92265625 0.25234375 0.0375 0.0546875
0 0.0453125 0.8265625 0.05625 0.078125
1 0.29296875 0.646875 0.040625 0.0453125
1 0.40625 0.77578125 0.0375 0.04375
1 0.0875 0.50859375 0.040625 0.05
1 0.37109375 0.834375 0.0390625 0.0484375
1 0.115625 0.17890625 0.0375 0.05
1 0.01640625 0.95625 0.0328125 0.040625
1 0.83046875 0.75859375 0.040625 0.04375
1 0.11328125 0.25 0.0375 0.0484375
1 0.35234375 0.4484375 0.04375 0.046875
1 0.6828125 0.8046875 0.0421875 0.0453125
1 0.20859375 0.76796875 0.0375 0.04375
1 0.065625 0.88125 0.0390625 0.0484375
1 0.46015625 0.02734375 0.034375 0.0375
1 0.46796875 0.92421875 0.0375 0.04375
1 0.2109375 0.109375 0.0328125 0.0390625
0 0.2515625 0.5625 0.05 0.08125
1 0.890625 0.7625 0.0453125 0.0484375
1 0.29140625 0.7578125 0.0390625 0.0484375
1 0.359375 0.34296875 0.046875 0.065625
1 0.7515625 0.4609375 0.0359375 0.0421875
1 0.459375 0.321875 0.0453125 0.0484375
1 0.76640625 0.30078125 0.0390625 0.046875
1 0.34375 0.76484375 0.0421875 0.046875
1 0.2140625 0.68046875 0.0375 0.0515625
1 0.44921875 0.628125 0.040625 0.0421875
1 0.14765625 0.2984375 0.0375 0.040625
1 0.81796875 0.05703125 0.034375 0.040625
1 0.90859375 0.60546875 0.034375 0.04375
1 0.6453125 0.70078125 0.05 0.0515625
1 0.35703125 0.93046875 0.0390625 0.04375
0 0.08515625 0.62890625 0.05625 0.053125
1 0.16640625 0.55625 0.0359375 0.040625
0 0.20703125 0.55625 0.04375 0.0671875
1 0.190625 0.64765625 0.0390625 0.0421875
1 0.2796875 0.8234375 0.0390625 0.0484375
1 0.5875 0.97109375 0.0390625 0.0390625
0 0.778125 0.93203125 0.0515625 0.078125
1 0.959375 0.88125 0.0390625 0.046875
1 0.88984375 0.90546875 0.0359375 0.046875
0 0.79375 0.20546875 0.0515625 0.06875
1 0.31640625 0.41171875 0.0359375 0.040625
1 0.20234375 0.31171875 0.0390625 0.0546875
1 0.03984375 0.415625 0.034375 0.05
1 0.08515625 0.3390625 0.0359375 0.046875
1 0.1296875 0.3625 0.034375 0.0390625
1 0.028125 0.0484375 0.034375 0.0421875
1 0.0296875 0.14609375 0.0328125 0.04375
1 0.4546875 0.26015625 0.040625 0.0484375
0 0.81640625 0.56015625 0.0734375 0.075
1 0.45703125 0.9859375 0.0375 0.028125