1 0.10234375 0.13984375 0.040625 0.0453125
0 0.94296875 0.3703125 0.084375 0.0671875
0 0.28515625 0.70625 0.0671875 0.090625
1 0.66640625 0.1375 0.040625 0.046875
1 0.6546875 0.2203125 0.040625 0.046875
1 0.525 0.44453125 0.0421875 0.046875
0 0.90390625 0.65546875 0.075 0.0578125
1 0.15859375 0.41328125 0.04375 0.053125
1 0.11640625 0.5640625 0.0390625 0.053125
1 0.4171875 0.06953125 0.0421875 0.046875
1 0.75234375 0.3640625 0.040625 0.053125
1 0.3609375 0.846875 0.040625 0.0515625
1 0.2890625 0.86484375 0.040625 0.05
0 0.55625 0.9421875 0.0421875 0.0890625
1 0.31640625 0.4859375 0.04375 0.05
1 0.23125 0.4453125 0.0421875 0.0515625
1 0.4265625 0.76640625 0.040625 0.046875
1 0.1390625 0.19765625 0.04375 0.046875
1 0.325 0.23203125 0.04375 0.0546875
0 0.28515625 0.53671875 0.0703125 0.075
1 0.1578125 0.778125 0.040625 0.046875
0 0.45234375 0.37734375 0.0796875 0.05625
1 0.1953125 0.8921875 0.0390625 0.046875
1 0.70546875 0.48359375 0.04375 0.053125
1 0.08515625 0.63828125 0.0390625 0.0546875
1 0.8296875 0.03984375 0.0421875 0.046875
1 0.28984375 0.421875 0.04375 0.0515625
1 0.82109375 0.228125 0.0390625 0.046875
1 0.72890625 0.575 0.034375 0.04375
0 0.29140625 0.04453125 0.059375 0.0890625
0 0.6609375 0.56171875 0.0671875 0.059375
1 0.878125 0.071875 0.04375 0.0515625
1 0.340625 0.1296875 0.040625 0.05
1 0.828125 0.35 0.0453125 0.046875
1 0.2140625 0.7 0.0421875 0.0546875
1 0.9328125 0.20859375 0.04375 0.05
1 0.178125 0.61328125 0.0390625 0.05
1 0.03203125 0.63046875 0.0390625 0.053125
1 0.40234375 0.6609375 0.04375 0.0515625
1 0.01640625 0.946875 0.0328125 0.0515625
1 0.634375 0.28515625 0.0421875 0.046875
0 0.859375 0.85078125 0.04375 0.084375
1 0.171875 0.253125 0.040625 0.05
1 0.271875 0.2609375 0.04375 0.0546875
1 0.67578125 0.3703125 0.04375 0.04375
1 0.246875 0.5796875 0.0390625 0.0546875
1 0.7203125 0.2734375 0.0421875 0.0515625
1 0.59609375 0.4078125 0.040625 0.0453125
1 0.5546875 0.378125 0.040625 0.04375
1 0.53984375 0.85078125 0.040625 0.0453125
1 0.13671875 0.325 0.04375 0.05
1 0.22109375 0.30078125 0.0375 0.05
1 0.953125 0.11171875 0.046875 0.05
1 0.64765625 0.04375 0.0390625 0.046875
1 0.4234375 0.471875 0.0421875 0.0453125
1 0.71171875 0.88203125 0.040625 0.0515625
1 0.80625 0.1625 0.040625 0.0390625
1 0.08125 0.90234375 0.0390625 0.046875
1 0.47421875 0.22421875 0.046875 0.053125
1 0.6015625 0.17421875 0.0375 0.04375
1 0.41875 0.18359375 0.0421875 0.046875
1 0.58515625 0.74765625 0.0375 0.0484375
1 0.634375 0.75390625 0.0359375 0.0421875
1 0.12578125 0.92578125 0.0375 0.0421875
1 0.7625 0.62734375 0.0359375 0.0421875
1 0.92109375 0.725 0.040625 0.0390625
1 0.41171875 0.98359375 0.0390625 0.0328125
1 0.415625 0.56640625 0.0390625 0.04375
1 0.7890625 0.0953125 0.040625 0.0375
1 0.51015625 0.75234375 0.034375 0.040625
1 0.69375 0.75703125 0.034375 0.0390625
1 0.07109375 0.0734375 0.046875 0.05625
1 0.24453125 0.07890625 0.0453125 0.053125
1 0.2203125 0.0296875 0.0453125 0.053125
1 0.07578125 0.23515625 0.040625 0.0546875
1 0.51875 0.5859375 0.0359375 0.0390625
1 0.5625 0.65078125 0.03125 0.0421875
1 0.49140625 0.4984375 0.0375 0.0484375
1 0.4953125 0.64921875 0.0375 0.0453125
1 0.6109375 0.68203125 0.034375 0.04375
0 0.58203125 0.52109375 0.0609375 0.084375
0 0.6109375 0.840625 0.04375 0.075
1 0.8515625 0.46015625 0.04375 0.0515625
1 0.96796875 0.68984375 0.034375 0.04375
1 0.54609375 0.04609375 0.040625 0.053125
1 0.13984375 0.66875 0.040625 0.0546875
1 0.45625 0.546875 0.03125 0.04375
1 0.53203125 0.3390625 0.034375 0.04375
1 0.7421875 0.746875 0.0359375 0.046875
1 0.15546875 0.07265625 0.040625 0.0546875
1 0.3734375 0.0140625 0.0375 0.028125
1 0.89765625 0.0109375 0.0421875 0.021875
1 0.01171875 0.81015625 0.0234375 0.046875
1 0.01171875 0.20546875 0.021875 0.0515625