0 0.8671875 0.63828125 0.046875 0.08125
0 0.73046875 0.934375 0.0640625 0.071875
1 0.52265625 0.61484375 0.034375 0.040625
0 0.02421875 0.47890625 0.0484375 0.078125
0 0.4984375 0.88046875 0.05625 0.0640625
0 0.6578125 0.55859375 0.0515625 0.0765625
0 0.81953125 0.83125 0.075 0.05625
1 0.66640625 0.03984375 0.0375 0.0421875
0 0.7921875 0.1515625 0.0671875 0.0734375
1 0.1453125 0.20390625 0.0375 0.04375
1 0.04453125 0.84375 0.0421875 0.0546875
1 0.22421875 0.8390625 0.0359375 0.04375
1 0.59609375 0.33671875 0.0359375 0.05
1 0.2671875 0.93828125 0.0390625 0.0484375
1 0.2890625 0.75703125 0.034375 0.04375
1 0.6859375 0.109375 0.04375 0.053125
1 0.17734375 0.04921875 0.0390625 0.0421875
1 0.68359375 0.290625 0.0375 0.0453125
0 0.88828125 0.334375 0.0671875 0.0828125
1 0.23046875 0.10859375 0.0328125 0.0375
1 0.31015625 0.9828125 0.0328125 0.034375
1 0.084375 0.45703125 0.0390625 0.046875
1 0.2484375 0.25234375 0.0375 0.04375
1 0.3671875 0.17890625 0.0375 0.0453125
1 0.1734375 0.74296875 0.0328125 0.040625
1 0.11640625 0.3703125 0.0375 0.0453125
1 0.403125 0.0453125 0.0359375 0.0421875
1 0.528125 0.98203125 0.0359375 0.0359375
1 0.11875 0.03203125 0.0375 0.0421875
1 0.45625 0.98203125 0.0359375 0.0359375
0 0.6140625 0.6765625 0.05 0.05625
1 0.23125 0.178125 0.0375 0.040625
1 0.73125 0.6546875 0.03125 0.04375
1 0.8515625 0.75625 0.0375 0.046875
1 0.38125 0.90625 0.03125 0.0390625
1 0.73515625 0.76484375 0.034375 0.046875
1 0.71328125 0.04453125 0.0390625 0.0453125
1 0.3625 0.815625 0.0359375 0.04375
1 0.3109375 0.565625 0.03125 0.0375
1 0.878125 0.89375 0.0359375 0.04375
1 0.13828125 0.50546875 0.0359375 0.040625
1 0.8796875 0.56171875 0.0328125 0.0390625
1 0.10703125 0.75546875 0.0328125 0.0421875
1 0.0671875 0.1828125 0.034375 0.0375
1 0.01875 0.07578125 0.0375 0.04375
1 0.325 0.034375 0.0375 0.04375
1 0.52421875 0.7359375 0.0296875 0.0328125
1 0.46328125 0.11328125 0.034375 0.04375
1 0.65703125 0.37734375 0.03125 0.040625
1 0.85234375 0.1015625 0.0328125 0.0390625
1 0.965625 0.6984375 0.0390625 0.046875
1 0.55 0.70859375 0.028125 0.03125
1 0.08046875 0.584375 0.03125 0.0390625
1 0.83125 0.68359375 0.0296875 0.0375
1 0.30390625 0.2875 0.0390625 0.046875
1 0.91171875 0.9609375 0.0421875 0.053125
0 0.7640625 0.22734375 0.0515625 0.0609375
1 0.2625 0.58828125 0.028125 0.034375
1 0.67890625 0.175 0.034375 0.0390625
1 0.0796875 0.69609375 0.034375 0.0390625
1 0.225 0.76484375 0.0328125 0.040625
1 0.134375 0.28203125 0.0390625 0.0453125
1 0.52578125 0.8203125 0.0328125 0.0375
1 0.22578125 0.4125 0.0390625 0.04375
1 0.45234375 0.20234375 0.0421875 0.0421875
1 0.2890625 0.178125 0.0390625 0.0546875
1 0.31015625 0.67109375 0.0359375 0.04375
1 0.5640625 0.76875 0.0359375 0.04375
1 0.3484375 0.74765625 0.034375 0.0359375
1 0.8765625 0.15625 0.03125 0.0359375
1 0.31796875 0.9078125 0.03125 0.0359375
1 0.178125 0.96171875 0.0296875 0.0421875
1 0.4921875 0.7859375 0.03125 0.0375
1 0.94609375 0.9203125 0.0359375 0.0484375
1 0.4484375 0.4984375 0.0328125 0.0390625
1 0.58046875 0.48984375 0.028125 0.0359375
1 0.778125 0.98984375 0.0375 0.0203125
0 0.909375 0.725 0.0328125 0.0796875
0 0.803125 0.31796875 0.046875 0.0546875
1 0.2453125 0.0375 0.0359375 0.0390625
1 0.53046875 0.2359375 0.0359375 0.0453125
1 0.0390625 0.63828125 0.0375 0.04375
1 0.47265625 0.57578125 0.03125 0.0359375
1 0.06796875 0.09921875 0.0328125 0.040625
1 0.26484375 0.4796875 0.0359375 0.040625
1 0.94609375 0.14921875 0.0359375 0.0515625
1 0.39765625 0.684375 0.0296875 0.0359375
1 0.384375 0.51640625 0.0359375 0.04375
1 0.953125 0.57109375 0.0359375 0.0421875
1 0.878125 0.46484375 0.0375 0.040625
1 0.8125 0.06015625 0.0359375 0.04375
1 0.59921875 0.09921875 0.0515625 0.04375
1 0.98515625 0.790625 0.0296875 0.0421875
1 0.984375 0.60546875 0.03125 0.0390625