0 0.3984375 0.91640625 0.0546875 0.08125
1 0.6125 0.33828125 0.0375 0.046875
1 0.0328125 0.6640625 0.0359375 0.0453125
1 0.77421875 0.93203125 0.04375 0.0546875
1 0.76640625 0.4609375 0.0421875 0.0546875
1 0.015625 0.81328125 0.03125 0.0421875
1 0.565625 0.71328125 0.0453125 0.0578125
0 0.67265625 0.065625 0.0546875 0.0859375
1 0.51796875 0.6828125 0.0359375 0.0453125
1 0.090625 0.103125 0.0453125 0.0609375
1 0.57890625 0.57265625 0.0390625 0.0515625
1 0.88203125 0.903125 0.040625 0.05
1 0.0421875 0.025 0.05 0.05
1 0.1875 0.940625 0.0375 0.0453125
1 0.91640625 0.03125 0.04375 0.053125
1 0.6234375 0.26796875 0.0421875 0.04375
1 0.23203125 0.8171875 0.0390625 0.0453125
0 0.8453125 0.46953125 0.0609375 0.109375
1 0.76875 0.2203125 0.0453125 0.0640625
1 0.6171875 0.8203125 0.0453125 0.053125
1 0.33125 0.61484375 0.0375 0.04375
1 0.5125 0.821875 0.0390625 0.046875
1 0.09375 0.71328125 0.0390625 0.05
1 0.43515625 0.371875 0.04375 0.0578125
1 0.7515625 0.12265625 0.040625 0.053125
1 0.8140625 0.73203125 0.0375 0.053125
1 0.66796875 0.6390625 0.046875 0.059375
1 0.309375 0.2046875 0.0421875 0.0515625
1 0.01875 0.196875 0.0359375 0.05
1 0.1421875 0.83203125 0.0359375 0.0421875
1 0.9359375 0.7671875 0.0390625 0.0546875
1 0.8328125 0.940625 0.0390625 0.046875
1 0.9765625 0.0640625 0.04375 0.05625
1 0.87109375 0.0875 0.0421875 0.05
1 0.7046875 0.24453125 0.0390625 0.0515625
1 0.47265625 0.0890625 0.0421875 0.0578125
0 0.19765625 0.16328125 0.0515625 0.0921875
1 0.85234375 0.7609375 0.040625 0.0546875
1 0.3359375 0.42265625 0.0390625 0.046875
1 0.69609375 0.4453125 0.0484375 0.05625
1 0.83203125 0.021875 0.0421875 0.04375
1 0.30078125 0.8640625 0.0375 0.046875
1 0.7015625 0.31796875 0.040625 0.0515625
1 0.84140625 0.2078125 0.0390625 0.0546875
1 0.19765625 0.04140625 0.0375 0.04375
1 0.37890625 0.71953125 0.0375 0.046875
1 0.95390625 0.53671875 0.0421875 0.0515625
1 0.13671875 0.91328125 0.0359375 0.0390625
1 0.0140625 0.98046875 0.028125 0.0390625
1 0.08828125 0.86015625 0.0375 0.0484375
1 0.4375 0.1546875 0.0453125 0.059375
1 0.83125 0.62734375 0.0375 0.0546875
0 0.3890625 0.425 0.05 0.1015625
0 0.05625 0.3015625 0.0453125 0.0984375
1 0.384375 0.190625 0.0390625 0.0484375
1 0.203125 0.87265625 0.034375 0.040625
1 0.10625 0.240625 0.0359375 0.040625
1 0.3828125 0.634375 0.04375 0.0578125
1 0.18671875 0.5328125 0.040625 0.05625
1 0.1984375 0.24296875 0.040625 0.0515625
1 0.24609375 0.63125 0.0359375 0.04375
1 0.590625 0.88046875 0.0390625 0.046875
1 0.3359375 0.834375 0.0375 0.046875
1 0.53515625 0.4328125 0.040625 0.053125
1 0.81953125 0.84765625 0.0390625 0.0484375
1 0.521875 0.1578125 0.0375 0.0453125
1 0.28359375 0.71171875 0.0375 0.0453125
1 0.42265625 0.84140625 0.0359375 0.04375
1 0.1984375 0.715625 0.0375 0.046875
1 0.4359375 0.74453125 0.0359375 0.046875
1 0.16875 0.77578125 0.040625 0.046875
1 0.4546875 0.8890625 0.034375 0.0390625
1 0.25 0.5578125 0.0375 0.046875
1 0.1140625 0.65859375 0.0375 0.0484375
1 0.953125 0.2796875 0.0421875 0.053125
1 0.3203125 0.2921875 0.0359375 0.053125
1 0.52734375 0.52578125 0.0390625 0.0484375
1 0.6421875 0.765625 0.0421875 0.0453125
1 0.28125 0.0359375 0.040625 0.05
1 0.0171875 0.88125 0.034375 0.0421875
1 0.509375 0.93203125 0.0359375 0.040625
1 0.14765625 0.140625 0.040625 0.0515625
1 0.38359375 0.54296875 0.0375 0.05
1 0.5984375 0.11328125 0.0390625 0.0546875
1 0.75 0.29609375 0.0421875 0.05
1 0.86953125 0.375 0.040625 0.05
1 0.20234375 0.390625 0.0375 0.04375
1 0.65546875 0.38515625 0.034375 0.0390625
1 0.92421875 0.39609375 0.040625 0.05
1 0.8890625 0.64140625 0.0359375 0.05
1 0.37890625 0.809375 0.0375 0.0453125
1 0.35390625 0.4953125 0.0359375 0.04375
1 0.128125 0.3828125 0.0390625 0.0484375
1 0.51875 0.24453125 0.0375 0.04375
1 0.16484375 0.45859375 0.040625 0.05
1 0.28125 0.98515625 0.0328125 0.0296875
1 0.96171875 0.35703125 0.0375 0.0515625
0 0.278125 0.43203125 0.0640625 0.0671875
1 0.9078125 0.16640625 0.0375 0.0484375
1 0.9703125 0.14296875 0.0328125 0.0515625
1 0.81328125 0.2640625 0.040625 0.0453125
1 0.07421875 0.46328125 0.034375 0.040625
0 0.5859375 0.19453125 0.0453125 0.0890625
1 0.43125 0.55703125 0.03125 0.0375
1 0.93046875 0.4703125 0.046875 0.053125
1 0.24765625 0.48515625 0.03125 0.0390625
1 0.990625 0.6171875 0.01875 0.0609375
1 0.99296875 0.5375 0.0140625 0.040625
1 0.88359375 0.98515625 0.040625 0.0296875
1 0.68046875 0.984375 0.0375 0.03125
1 0.615625 0.9390625 0.0390625 0.0390625
1 0.6984375 0.6953125 0.040625 0.05
1 0.6875 0.75703125 0.0296875 0.0375
1 0.590625 0.42578125 0.0390625 0.05
1 0.0109375 0.09609375 0.021875 0.04375
1 0.875 0.56171875 0.0375 0.04375
1 0.9875 0.84296875 0.025 0.034375