1 0.07890625 0.76796875 0.0375 0.0515625
0 0.9625 0.58671875 0.071875 0.0609375
1 0.14921875 0.4421875 0.0375 0.05
1 0.15625 0.5890625 0.034375 0.0421875
1 0.34765625 0.57421875 0.0421875 0.053125
1 0.36328125 0.1890625 0.0375 0.046875
0 0.51875 0.6046875 0.06875 0.0671875
1 0.51640625 0.2359375 0.0328125 0.0421875
1 0.26640625 0.66875 0.040625 0.0515625
1 0.43828125 0.07734375 0.040625 0.0453125
1 0.69140625 0.96953125 0.0359375 0.05
1 0.48984375 0.828125 0.0390625 0.05
1 0.63984375 0.2359375 0.0359375 0.046875
1 0.3484375 0.90703125 0.0375 0.046875
1 0.4765625 0.22421875 0.0359375 0.0453125
1 0.38515625 0.8390625 0.0375 0.0484375
1 0.29296875 0.53515625 0.0375 0.0453125
1 0.71015625 0.2234375 0.0375 0.0453125
1 0.16796875 0.68671875 0.0375 0.046875
1 0.53046875 0.0171875 0.0359375 0.034375
1 0.3203125 0.15078125 0.0421875 0.0515625
1 0.3171875 0.4515625 0.034375 0.0453125
1 0.87421875 0.11328125 0.040625 0.0484375
1 0.6796875 0.35078125 0.0328125 0.0359375
1 0.79453125 0.56484375 0.0390625 0.05
1 0.25625 0.05625 0.040625 0.05
1 0.20078125 0.2546875 0.0421875 0.05625
1 0.596875 0.34296875 0.03125 0.0375
1 0.1546875 0.36640625 0.0359375 0.04375
1 0.8109375 0.68984375 0.0359375 0.05
0 0.61171875 0.9125 0.0484375 0.0703125
1 0.73125 0.28359375 0.0375 0.0453125
1 0.7640625 0.909375 0.04375 0.0578125
1 0.88359375 0.4875 0.034375 0.04375
1 0.0296875 0.1890625 0.0375 0.0484375
1 0.09921875 0.20234375 0.0328125 0.04375
1 0.38203125 0.27265625 0.034375 0.040625
1 0.52109375 0.75078125 0.0359375 0.046875
1 0.75625 0.41796875 0.0328125 0.04375
1 0.85078125 0.55234375 0.0328125 0.04375
1 0.64296875 0.34375 0.0328125 0.0390625
1 0.021875 0.44453125 0.0359375 0.046875
1 0.44921875 0.66875 0.040625 0.046875
1 0.23359375 0.325 0.0359375 0.0421875
1 0.4046875 0.61796875 0.034375 0.0421875
1 0.0265625 0.05859375 0.034375 0.0390625
1 0.16875 0.07578125 0.0328125 0.040625
1 0.03984375 0.553125 0.03125 0.0390625
1 0.20703125 0.496875 0.0390625 0.05
1 0.31328125 0.8125 0.0328125 0.0421875
1 0.87578125 0.02890625 0.0421875 0.05625
1 0.83828125 0.47265625 0.0359375 0.0515625
1 0.8515625 0.27578125 0.0328125 0.040625
1 0.47578125 0.14296875 0.0328125 0.0375
0 0.446875 0.5703125 0.065625 0.0609375
1 0.79140625 0.26875 0.03125 0.0390625
1 0.58359375 0.62265625 0.028125 0.0390625
1 0.5640625 0.2359375 0.0296875 0.0375
1 0.446875 0.93671875 0.0390625 0.046875
1 0.21015625 0.37734375 0.0359375 0.040625
0 0.58515625 0.7296875 0.059375 0.0578125
1 0.659375 0.45234375 0.034375 0.0390625
1 0.92734375 0.096875 0.0359375 0.05
1 0.675 0.12890625 0.03125 0.046875
1 0.72734375 0.1140625 0.0359375 0.0484375
1 0.784375 0.21328125 0.034375 0.05
1 0.66328125 0.4 0.0421875 0.0484375
1 0.9421875 0.65390625 0.0390625 0.0578125
1 0.8625 0.6484375 0.0390625 0.04375
1 0.85546875 0.92890625 0.0390625 0.053125
1 0.10078125 0.97265625 0.0390625 0.0515625
1 0.2828125 0.1875 0.0390625 0.046875
1 0.26171875 0.25703125 0.0375 0.05
1 0.31953125 0.0890625 0.0296875 0.046875
1 0.23125 0.11640625 0.040625 0.05
1 0.43984375 0.41640625 0.0421875 0.053125
1 0.45 0.48515625 0.040625 0.059375
1 0.57421875 0.54921875 0.0375 0.0484375
1 0.553125 0.47265625 0.04375 0.05
1 0.340625 0.69921875 0.0390625 0.0484375
1 0.22734375 0.54453125 0.0359375 0.0421875
1 0.209375 0.43671875 0.0328125 0.034375
1 0.0359375 0.34296875 0.034375 0.0359375
1 0.084375 0.63515625 0.034375 0.0390625
0 0.9015625 0.4046875 0.065625 0.0546875
1 0.53203125 0.07265625 0.034375 0.0390625
1 0.53203125 0.15390625 0.034375 0.040625
1 0.4390625 0.2125 0.0421875 0.0421875
0 0.95390625 0.26640625 0.0390625 0.0765625
1 0.61171875 0.8578125 0.0375 0.0453125
1 0.55 0.853125 0.0359375 0.040625
1 0.696875 0.7140625 0.034375 0.0421875
1 0.7171875 0.5484375 0.034375 0.04375
1 0.215625 0.59140625 0.0296875 0.0375
1 0.62265625 0.990625 0.0265625 0.01875
1 0.98671875 0.05234375 0.0265625 0.0421875
1 0.1625 0.01015625 0.034375 0.0203125
1 0.03984375 0.9640625 0.0390625 0.0375