0 0.95 0.72578125 0.0625 0.0765625
0 0.94921875 0.34609375 0.05625 0.06875
1 0.2953125 0.55 0.0453125 0.059375
1 0.3546875 0.8453125 0.0390625 0.046875
1 0.30234375 0.71328125 0.0390625 0.046875
1 0.06328125 0.23046875 0.046875 0.059375
1 0.6578125 0.0765625 0.0390625 0.0515625
1 0.57421875 0.3109375 0.04375 0.0515625
1 0.1484375 0.1578125 0.0453125 0.05625
0 0.23515625 0.64765625 0.046875 0.075
1 0.30703125 0.04921875 0.0390625 0.0515625
1 0.46640625 0.565625 0.0375 0.0484375
1 0.11484375 0.32578125 0.0375 0.0515625
1 0.5890625 0.62265625 0.0375 0.0453125
1 0.62578125 0.33671875 0.0390625 0.0515625
1 0.89609375 0.48125 0.0359375 0.046875
1 0.9484375 0.06484375 0.0375 0.0421875
1 0.78359375 0.9203125 0.0375 0.046875
1 0.41171875 0.94765625 0.040625 0.0484375
1 0.82578125 0.5421875 0.0390625 0.046875
1 0.309375 0.18046875 0.0421875 0.053125
1 0.7546875 0.0625 0.0390625 0.0484375
1 0.5921875 0.09921875 0.0390625 0.05
1 0.109375 0.48203125 0.0375 0.04375
1 0.22421875 0.3 0.040625 0.05625
1 0.66484375 0.91640625 0.0390625 0.046875
1 0.46953125 0.3078125 0.040625 0.0546875
1 0.81015625 0.203125 0.0390625 0.0484375
1 0.05703125 0.7828125 0.04375 0.0546875
1 0.3203125 0.28515625 0.0359375 0.046875
1 0.02421875 0.6046875 0.0453125 0.0578125
1 0.18046875 0.553125 0.0390625 0.0515625
1 0.259375 0.8328125 0.034375 0.04375
1 0.51484375 0.2546875 0.0390625 0.0484375
1 0.41015625 0.1671875 0.0359375 0.0421875
1 0.2390625 0.12265625 0.0515625 0.0609375
1 0.675 0.49609375 0.0375 0.053125
1 0.490625 0.659375 0.0421875 0.046875
1 0.109375 0.02578125 0.0421875 0.0515625
1 0.46015625 0.18046875 0.0375 0.0484375
1 0.85390625 0.1765625 0.0359375 0.0453125
1 0.5515625 0.178125 0.040625 0.0453125
1 0.65859375 0.8328125 0.0359375 0.0421875
1 0.8140625 0.321875 0.0390625 0.04375
1 0.59765625 0.2140625 0.04375 0.05
1 0.30625 0.90546875 0.0390625 0.0453125
1 0.8515625 0.3421875 0.0375 0.040625
1 0.36328125 0.7078125 0.0375 0.0515625
1 0.034375 0.38984375 0.0375 0.046875
1 0.52890625 0.10390625 0.0390625 0.0453125
1 0.721875 0.575 0.0390625 0.04375
1 0.01875 0.259375 0.0375 0.0515625
1 0.35078125 0.9734375 0.0390625 0.04375
0 0.72890625 0.9578125 0.0515625 0.084375
1 0.98359375 0.2125 0.0328125 0.04375
0 0.53984375 0.7421875 0.065625 0.0578125
1 0.85078125 0.05859375 0.0359375 0.0421875
1 0.39375 0.24296875 0.0359375 0.04375
0 0.75546875 0.32265625 0.0421875 0.0828125
1 0.95703125 0.55078125 0.0390625 0.04375
1 0.18125 0.3890625 0.0375 0.05
1 0.34296875 0.59765625 0.0359375 0.0421875
1 0.9109375 0.61484375 0.0359375 0.04375
1 0.75390625 0.225 0.0375 0.040625
1 0.68203125 0.2828125 0.034375 0.040625
1 0.45390625 0.86953125 0.0453125 0.053125
1 0.415625 0.8203125 0.0375 0.04375
1 0.2171875 0.43515625 0.0375 0.04375
1 0.6953125 0.65703125 0.040625 0.04375
1 0.87265625 0.74609375 0.0375 0.046875
0 0.765625 0.6375 0.0421875 0.0625
1 0.6328125 0.68359375 0.0359375 0.040625
1 0.81015625 0.77578125 0.0328125 0.0375
1 0.928125 0.8875 0.0328125 0.0421875
1 0.7046875 0.04296875 0.0359375 0.04375
1 0.0734375 0.09609375 0.0359375 0.04375
1 0.80703125 0.0671875 0.0328125 0.0515625
1 0.884375 0.31015625 0.0375 0.0453125
1 0.81484375 0.43671875 0.0375 0.046875
1 0.75234375 0.4453125 0.040625 0.0453125
1 0.9453125 0.48046875 0.0359375 0.0453125
1 0.6734375 0.4140625 0.0359375 0.04375
0 0.40859375 0.44765625 0.0515625 0.0890625
1 0.15859375 0.9296875 0.0453125 0.059375
1 0.16015625 0.82421875 0.046875 0.065625
1 0.40078125 0.87578125 0.0375 0.0453125
1 0.23203125 0.73828125 0.0375 0.05
0 0.6875 0.2078125 0.0625 0.059375
1 0.734375 0.12890625 0.0328125 0.0421875
1 0.9390625 0.27265625 0.034375 0.0421875
1 0.853125 0.890625 0.034375 0.0421875
1 0.7546875 0.7859375 0.0359375 0.046875
1 0.746875 0.403125 0.0265625 0.0359375
1 0.890625 0.06328125 0.0375 0.0453125
1 0.81171875 0.6609375 0.0359375 0.04375
1 0.278125 0.97109375 0.04375 0.0515625
1 0.79453125 0.009375 0.034375 0.01875
1 0.9921875 0.36328125 0.015625 0.053125
1 0.990625 0.60703125 0.01875 0.0484375
1 0.9859375 0.88203125 0.028125 0.053125
1 0.4671875 0.9875 0.04375 0.025
1 0.990625 0.046875 0.01875 0.05
1 0.496875 0.603125 0.0390625 0.05
1 0.64921875 0.990625 0.0328125 0.01875
1 0.2140625 0.0078125 0.0421875 0.015625
1 0.79375 0.98671875 0.0390625 0.0265625