1 0.015625 0.815625 0.03125 0.0515625
1 0.65546875 0.4078125 0.0390625 0.0484375
1 0.1015625 0.07578125 0.0390625 0.0453125
1 0.384375 0.14453125 0.0421875 0.0515625
1 0.63203125 0.2671875 0.0375 0.0453125
1 0.56875 0.22265625 0.034375 0.0375
1 0.58828125 0.04140625 0.0390625 0.0453125
1 0.32421875 0.1921875 0.0390625 0.046875
1 0.040625 0.06484375 0.0359375 0.04375
1 0.16640625 0.1484375 0.0484375 0.059375
1 0.5578125 0.50625 0.04375 0.0515625
1 0.64296875 0.021875 0.0421875 0.04375
1 0.778125 0.21484375 0.0390625 0.0453125
1 0.9234375 0.23828125 0.0390625 0.0484375
1 0.865625 0.04296875 0.0390625 0.0484375
1 0.38359375 0.69375 0.0359375 0.04375
1 0.38203125 0.3765625 0.0375 0.046875
1 0.4703125 0.46953125 0.046875 0.05
1 0.94921875 0.5859375 0.040625 0.05
1 0.171875 0.87265625 0.040625 0.05625
1 0.51875 0.68046875 0.0359375 0.04375
1 0.3078125 0.2609375 0.0375 0.046875
1 0.67109375 0.31875 0.0390625 0.046875
1 0.37421875 0.8828125 0.0390625 0.0515625
1 0.49453125 0.89921875 0.0359375 0.0484375
1 0.05859375 0.51875 0.0328125 0.0390625
1 0.16171875 0.33828125 0.03125 0.0390625
1 0.74453125 0.42421875 0.0375 0.0453125
1 0.60234375 0.1265625 0.04375 0.053125
1 0.5578125 0.72578125 0.0375 0.0484375
1 0.31328125 0.70625 0.034375 0.046875
1 0.71796875 0.24609375 0.0421875 0.046875
1 0.9 0.32578125 0.0421875 0.046875
1 0.0875 0.14609375 0.0359375 0.04375
1 0.25859375 0.64296875 0.0328125 0.0390625
1 0.6078125 0.875 0.0375 0.0515625
1 0.20234375 0.6 0.034375 0.046875
1 0.959375 0.01796875 0.0375 0.0359375
1 0.7453125 0.10390625 0.0390625 0.05
1 0.5359375 0.16015625 0.0390625 0.0484375
1 0.76796875 0.27109375 0.034375 0.0375
1 0.05546875 0.278125 0.034375 0.04375
1 0.1484375 0.7875 0.0375 0.046875
1 0.509375 0.8046875 0.040625 0.059375
1 0.240625 0.28203125 0.0328125 0.0390625
1 0.71640625 0.78671875 0.0375 0.0515625
1 0.81796875 0.39140625 0.0359375 0.046875
1 0.85234375 0.20390625 0.0390625 0.04375
1 0.5375 0.9484375 0.0359375 0.04375
1 0.18671875 0.0203125 0.0390625 0.040625
1 0.47421875 0.3796875 0.0421875 0.04375
1 0.52109375 0.2875 0.028125 0.0328125
1 0.96328125 0.3109375 0.034375 0.046875
1 0.028125 0.46796875 0.03125 0.0390625
1 0.35859375 0.0515625 0.034375 0.0390625
1 0.38125 0.50703125 0.0328125 0.040625
1 0.2546875 0.37578125 0.028125 0.0390625
1 0.53828125 0.06796875 0.0359375 0.0421875
1 0.79765625 0.140625 0.040625 0.0484375
1 0.87890625 0.56171875 0.04375 0.053125
1 0.9203125 0.4578125 0.04375 0.05
1 0.9484375 0.675 0.034375 0.046875
1 0.971875 0.746875 0.0390625 0.0515625
1 0.7625 0.65234375 0.034375 0.0453125
1 0.80859375 0.65234375 0.040625 0.0453125
1 0.66328125 0.69375 0.0453125 0.059375
1 0.22265625 0.72109375 0.0375 0.04375
1 0.5765625 0.56796875 0.0359375 0.040625
1 0.7875 0.025 0.0375 0.05
1 0.58359375 0.4 0.0359375 0.040625
1 0.23125 0.3484375 0.028125 0.0359375
1 0.68515625 0.06015625 0.04375 0.05
1 0.31484375 0.828125 0.0296875 0.040625
1 0.34375 0.8078125 0.028125 0.046875
1 0.98984375 0.4796875 0.0203125 0.0484375
1 0.88828125 0.9890625 0.0328125 0.021875
1 0.59609375 0.97578125 0.0421875 0.04375
1 0.00625 0.58203125 0.0125 0.0375
1 0.24375 0.95546875 0.034375 0.040625
1 0.2484375 0.9890625 0.028125 0.021875
1 0.009375 0.34921875 0.01875 0.0359375
1 0.47178125 0.274796875 0.03878125000000008 0.04654687500000003
1 0.43178124999999995 0.288734375 0.039281249999999976 0.043828125000000016
1 0.024671875 0.17990625 0.043062500000000004 0.04662500000000001
1 0.01828125 0.218953125 0.036546875 0.04420312500000001
1 0.502328125 0.586859375 0.03367187499999993 0.042281249999999916
1 0.475171875 0.61571875 0.03956250000000008 0.03825000000000003
1 0.732328125 0.55153125 0.03735937499999995 0.050125000000000065
1 0.717921875 0.58025 0.03173437499999991 0.033265624999999945
1 0.798078125 0.4855625 0.04285937500000001 0.05639062500000005
1 0.83909375 0.50615625 0.04048437500000013 0.04896875000000005
1 0.1590625 0.6478125 0.025437500000000002 0.03399999999999999
1 0.1360625 0.6531875 0.030765624999999998 0.04417187499999997