1 0.95625 0.234375 0.0421875 0.0546875
1 0.04296875 0.209375 0.046875 0.0640625
1 0.61484375 0.46171875 0.0359375 0.0515625
1 0.25625 0.15546875 0.0484375 0.0609375
1 0.34453125 0.246875 0.0421875 0.0546875
1 0.27109375 0.86484375 0.0375 0.0546875
1 0.0984375 0.82578125 0.040625 0.0546875
1 0.30546875 0.7390625 0.0390625 0.053125
0 0.11171875 0.403125 0.0640625 0.0953125
1 0.1984375 0.76640625 0.0453125 0.0625
1 0.49765625 0.03125 0.0421875 0.0515625
1 0.1828125 0.31171875 0.0421875 0.0578125
1 0.13046875 0.728125 0.0375 0.0484375
0 0.890625 0.10625 0.0671875 0.1
1 0.6 0.2625 0.0515625 0.0734375
1 0.4625 0.46171875 0.0421875 0.0546875
1 0.12109375 0.93671875 0.04375 0.0515625
1 0.3484375 0.58515625 0.0390625 0.05625
1 0.46875 0.271875 0.05 0.06875
1 0.17734375 0.18671875 0.040625 0.0515625
1 0.33671875 0.4609375 0.0421875 0.053125
1 0.83125 0.346875 0.040625 0.059375
1 0.59609375 0.5859375 0.0390625 0.0578125
1 0.38203125 0.06015625 0.0421875 0.0546875
1 0.7671875 0.71875 0.040625 0.0640625
1 0.234375 0.4921875 0.04375 0.053125
1 0.06015625 0.88671875 0.040625 0.0546875
1 0.9359375 0.565625 0.0484375 0.0796875
1 0.4609375 0.071875 0.0375 0.0421875
1 0.05390625 0.07890625 0.0390625 0.0515625
1 0.3109375 0.63046875 0.0421875 0.0578125
1 0.3921875 0.878125 0.0390625 0.05625
1 0.17734375 0.5828125 0.0390625 0.0515625
1 0.29453125 0.31328125 0.04375 0.05625
1 0.31328125 0.1296875 0.053125 0.065625
1 0.41796875 0.1140625 0.0421875 0.0453125
1 0.54609375 0.88984375 0.04375 0.05625
1 0.74453125 0.13828125 0.0421875 0.0578125
1 0.64609375 0.0421875 0.0515625 0.06875
1 0.615625 0.7125 0.0421875 0.059375
1 0.125 0.65234375 0.040625 0.059375
0 0.7703125 0.86640625 0.0921875 0.0953125
1 0.41015625 0.4578125 0.0390625 0.053125
1 0.42421875 0.72109375 0.0453125 0.059375
1 0.903125 0.73515625 0.0390625 0.0609375
1 0.978125 0.32578125 0.0421875 0.05625
1 0.23828125 0.31328125 0.040625 0.0546875
1 0.25625 0.65078125 0.04375 0.05625
1 0.18046875 0.8890625 0.040625 0.0515625
1 0.128125 0.52265625 0.034375 0.04375
1 0.55234375 0.49765625 0.0375 0.053125
1 0.36171875 0.38671875 0.0359375 0.0421875
1 0.396875 0.29921875 0.04375 0.0546875
1 0.3640625 0.696875 0.0375 0.059375
1 0.69140625 0.296875 0.0375 0.059375
1 0.76015625 0.26015625 0.0359375 0.0546875
0 0.1015625 0.215625 0.0703125 0.0796875
0 0.8171875 0.2 0.05 0.103125
1 0.93203125 0.3625 0.04375 0.0578125
1 0.490625 0.73203125 0.0390625 0.059375
1 0.84609375 0.10234375 0.0328125 0.0421875
1 0.57890625 0.03125 0.04375 0.053125
1 0.81875 0.03125 0.040625 0.0453125
1 0.77421875 0.0265625 0.0390625 0.053125
1 0.93671875 0.1203125 0.04375 0.065625
0 0.7015625 0.6125 0.0515625 0.1109375
1 0.7734375 0.59765625 0.0421875 0.059375
1 0.65625 0.5515625 0.0359375 0.053125
1 0.68046875 0.91171875 0.03125 0.0578125
1 0.7109375 0.9125 0.0421875 0.0640625
1 0.65 0.81640625 0.0359375 0.0484375
1 0.959375 0.6984375 0.0390625 0.059375
1 0.93515625 0.8015625 0.0359375 0.0546875
1 0.85390625 0.7640625 0.0453125 0.0625
1 0.4953125 0.1875 0.040625 0.0515625
1 0.0421875 0.9765625 0.04375 0.046875
1 0.48046875 0.97421875 0.0390625 0.0515625
1 0.51484375 0.63203125 0.046875 0.0640625
1 0.1984375 0.01875 0.0375 0.0375
1 0.98515625 0.4078125 0.0296875 0.0546875
1 0.23125 0.98125 0.0453125 0.0375
1 0.0078125 0.33515625 0.015625 0.0484375
1 0.71171875 0.46796875 0.0421875 0.05625
1 0.4484375 0.571875 0.0375 0.0484375