0 0.15078125 0.1390625 0.0546875 0.0890625
0 0.9578125 0.78203125 0.0625 0.096875
0 0.82421875 0.359375 0.0546875 0.084375
0 0.57421875 0.66640625 0.0484375 0.0953125
0 0.7125 0.2296875 0.065625 0.0703125
1 0.325 0.915625 0.0390625 0.0484375
1 0.66171875 0.81796875 0.0390625 0.0421875
0 0.8234375 0.71875 0.0625 0.06875
0 0.5125 0.33203125 0.059375 0.0875
0 0.65546875 0.93125 0.05 0.090625
0 0.4421875 0.3078125 0.0765625 0.096875
1 0.5828125 0.50859375 0.0375 0.04375
1 0.0421875 0.2875 0.040625 0.0453125
1 0.10390625 0.7921875 0.0421875 0.046875
1 0.3140625 0.15390625 0.0390625 0.0453125
0 0.30546875 0.64296875 0.0734375 0.0546875
1 0.95390625 0.6328125 0.0421875 0.0453125
0 0.928125 0.49140625 0.0515625 0.06875
1 0.88984375 0.75390625 0.040625 0.0453125
1 0.01640625 0.6625 0.0328125 0.04375
0 0.0953125 0.67421875 0.06875 0.0546875
0 0.8453125 0.07734375 0.0625 0.071875
1 0.05859375 0.7484375 0.040625 0.046875
1 0.859375 0.425 0.0375 0.0453125
1 0.12890625 0.59296875 0.040625 0.05
1 0.76328125 0.83515625 0.0390625 0.0484375
1 0.890625 0.97734375 0.040625 0.0453125
1 0.0578125 0.6078125 0.0390625 0.046875
1 0.5546875 0.37109375 0.0390625 0.046875
1 0.6953125 0.86484375 0.04375 0.0484375
1 0.0859375 0.2578125 0.0390625 0.046875
1 0.71640625 0.64375 0.0375 0.046875
1 0.74921875 0.90234375 0.0421875 0.0484375
1 0.96328125 0.41875 0.0453125 0.0546875
1 0.065625 0.8484375 0.040625 0.0515625
1 0.465625 0.58125 0.0375 0.046875
1 0.11640625 0.45703125 0.0390625 0.05
1 0.1734375 0.2625 0.0453125 0.05625
1 0.43125 0.01328125 0.0390625 0.0265625
1 0.65625 0.021875 0.040625 0.04375
1 0.2734375 0.10703125 0.0453125 0.053125
1 0.52890625 0.8625 0.0375 0.05
0 0.69375 0.7578125 0.0390625 0.071875
0 0.20625 0.7625 0.0546875 0.084375
1 0.85859375 0.55234375 0.0390625 0.0484375
1 0.30859375 0.4171875 0.0390625 0.0484375
1 0.153125 0.03359375 0.040625 0.05
1 0.25625 0.35234375 0.040625 0.046875
1 0.42109375 0.7203125 0.0359375 0.046875
1 0.73125 0.028125 0.0375 0.0453125
1 0.4875 0.11328125 0.0375 0.04375
1 0.95390625 0.11953125 0.040625 0.0453125
1 0.25 0.5703125 0.0390625 0.046875
1 0.4578125 0.92421875 0.0421875 0.0546875
1 0.734375 0.4234375 0.0375 0.0484375
1 0.69609375 0.53828125 0.0375 0.046875
1 0.56484375 0.76953125 0.0359375 0.0484375
0 0.378125 0.57109375 0.059375 0.046875
1 0.2109375 0.85390625 0.0375 0.0484375
1 0.21015625 0.03203125 0.0390625 0.04375
0 0.75234375 0.975 0.0484375 0.05
1 0.2359375 0.48046875 0.040625 0.0484375
0 0.840625 0.63828125 0.0609375 0.053125
1 0.6375 0.47734375 0.0359375 0.0484375
1 0.8890625 0.29453125 0.0390625 0.0453125
1 0.93828125 0.18046875 0.040625 0.0453125
1 0.43984375 0.45234375 0.0375 0.046875
1 0.76875 0.5625 0.0375 0.040625
1 0.60703125 0.97265625 0.0375 0.046875
1 0.39296875 0.81171875 0.0359375 0.0421875
1 0.78671875 0.42578125 0.0359375 0.0484375
1 0.34140625 0.053125 0.040625 0.0484375
1 0.53828125 0.20078125 0.0390625 0.0484375
1 0.51953125 0.53515625 0.0375 0.0453125
1 0.51484375 0.9859375 0.0390625 0.028125
1 0.746875 0.31796875 0.0390625 0.0453125
1 0.02109375 0.15703125 0.0421875 0.0484375
1 0.359375 0.71796875 0.0390625 0.0453125
1 0.60546875 0.83359375 0.034375 0.040625
1 0.61875 0.35546875 0.0375 0.04375
1 0.81796875 0.171875 0.0390625 0.0453125
1 0.040625 0.41953125 0.0421875 0.046875
1 0.440625 0.64921875 0.0328125 0.0359375
1 0.80859375 0.29296875 0.0359375 0.0375
1 0.01015625 0.25078125 0.0203125 0.0484375
0 0.571875 0.44609375 0.0578125 0.04375
0 0.21328125 0.665625 0.0765625 0.053125
1 0.825 0.978125 0.0375 0.04375
1 0.503125 0.43828125 0.0359375 0.0484375
1 0.36796875 0.26953125 0.0453125 0.0546875
1 0.49921875 0.71640625 0.034375 0.0453125
1 0.9296875 0.57265625 0.0328125 0.0359375
1 0.05078125 0.07421875 0.040625 0.0484375
0 0.253125 0.92578125 0.053125 0.078125
1 0.7078125 0.103125 0.0390625 0.0453125
1 0.17109375 0.48984375 0.040625 0.04375
1 0.66328125 0.08671875 0.04375 0.046875
1 0.1484375 0.84375 0.0390625 0.0421875
1 0.10390625 0.19375 0.0375 0.0453125
0 0.38125 0.64140625 0.0390625 0.0671875
1 0.31015625 0.29609375 0.0390625 0.0453125
1 0.54140625 0.928125 0.0375 0.040625
1 0.821875 0.90859375 0.0375 0.0421875
1 0.9890625 0.86640625 0.021875 0.0484375
1 0.47421875 0.16953125 0.0390625 0.0390625
1 0.08125 0.5390625 0.0375 0.04375
1 0.6140625 0.88984375 0.0359375 0.0375
1 0.6640625 0.384375 0.0375 0.0421875
1 0.98984375 0.70625 0.0203125 0.046875
0 0.9 0.871875 0.0453125 0.0984375
1 0.54375 0.1171875 0.0390625 0.0421875
1 0.61640625 0.11484375 0.04375 0.046875
1 0.73203125 0.14921875 0.040625 0.0453125
1 0.7984375 0.86484375 0.0359375 0.04375
1 0.26015625 0.428125 0.0375 0.0421875
1 0.30859375 0.70625 0.040625 0.0390625
1 0.87890625 0.17890625 0.0359375 0.040625
1 0.99140625 0.21953125 0.0171875 0.04375
1 0.98125 0.3421875 0.0375 0.040625
1 0.1671875 0.20703125 0.0390625 0.0421875
1 0.28046875 0.00703125 0.040625 0.0140625
1 0.8421875 0.01328125 0.028125 0.0265625
1 0.39765625 0.96640625 0.034375 0.0453125
1 0.00625 0.93671875 0.0125 0.0421875
1 0.065625 0.196875 0.0328125 0.0421875
1 0.00546875 0.07734375 0.0109375 0.0421875
1 0.5828125 0.07421875 0.0328125 0.0484375