0 0.73203125 0.93515625 0.0734375 0.0890625
1 0.0234375 0.0875 0.0390625 0.04375
1 0.06015625 0.59609375 0.0421875 0.0546875
1 0.7390625 0.64765625 0.046875 0.0625
0 0.51171875 0.21015625 0.0796875 0.071875
1 0.14609375 0.0984375 0.040625 0.0453125
1 0.6140625 0.73125 0.0390625 0.0515625
0 0.65078125 0.884375 0.0796875 0.059375
1 0.1875 0.30234375 0.0359375 0.046875
0 0.15546875 0.93515625 0.075 0.071875
1 0.75234375 0.434375 0.0390625 0.0578125
1 0.353125 0.36640625 0.0375 0.046875
1 0.7453125 0.83984375 0.0421875 0.05625
1 0.04765625 0.703125 0.0390625 0.0515625
1 0.2234375 0.10234375 0.0453125 0.05625
1 0.2921875 0.190625 0.0375 0.046875
1 0.2640625 0.93828125 0.0390625 0.0515625
1 0.4703125 0.68515625 0.0375 0.0515625
1 0.14453125 0.26796875 0.0375 0.040625
1 0.43359375 0.61953125 0.0390625 0.0515625
1 0.42578125 0.7953125 0.0359375 0.0484375
1 0.1984375 0.80546875 0.0421875 0.0484375
1 0.24140625 0.87734375 0.0421875 0.046875
1 0.22578125 0.7234375 0.0375 0.046875
1 0.85546875 0.7453125 0.0421875 0.0484375
1 0.01484375 0.45859375 0.0296875 0.0515625
1 0.16796875 0.390625 0.0375 0.046875
1 0.26328125 0.31015625 0.0375 0.046875
1 0.51953125 0.38671875 0.0375 0.0515625
1 0.684375 0.721875 0.034375 0.046875
1 0.484375 0.9515625 0.0375 0.0484375
1 0.52265625 0.83828125 0.0359375 0.0453125
1 0.15390625 0.6296875 0.040625 0.0546875
1 0.66875 0.25078125 0.0375 0.053125
1 0.5421875 0.09921875 0.0390625 0.0484375
1 0.7328125 0.521875 0.0359375 0.0546875
1 0.68359375 0.06171875 0.0375 0.0484375
1 0.73984375 0.07109375 0.0359375 0.0515625
1 0.5765625 0.83515625 0.0390625 0.046875
1 0.615625 0.43828125 0.0359375 0.046875
1 0.0953125 0.13828125 0.0375 0.04375
1 0.41796875 0.19765625 0.040625 0.0515625
1 0.79296875 0.50703125 0.0359375 0.046875
1 0.35 0.26640625 0.0375 0.046875
1 0.384375 0.45 0.0359375 0.05
0 0.16484375 0.51953125 0.071875 0.1
1 0.47890625 0.0390625 0.040625 0.0453125
1 0.85390625 0.8796875 0.0375 0.05
1 0.84140625 0.81640625 0.0390625 0.04375
1 0.8953125 0.24375 0.040625 0.0515625
0 0.775 0.2546875 0.05 0.065625
1 0.42265625 0.93359375 0.040625 0.0546875
1 0.15078125 0.74765625 0.0375 0.04375
0 0.2203125 0.215625 0.0703125 0.0640625
1 0.88828125 0.95546875 0.0359375 0.0453125
1 0.10859375 0.86015625 0.0328125 0.0375
1 0.98515625 0.22265625 0.0296875 0.046875
1 0.5734375 0.95390625 0.0359375 0.04375
1 0.07109375 0.21328125 0.0359375 0.0453125
1 0.92265625 0.134375 0.04375 0.0484375
1 0.97734375 0.38984375 0.040625 0.05625
1 0.309375 0.428125 0.04375 0.0578125
1 0.85625 0.11015625 0.046875 0.0515625
1 0.9078125 0.3875 0.040625 0.0515625
1 0.83203125 0.34921875 0.046875 0.053125
1 0.8234375 0.6734375 0.046875 0.0609375
1 0.92890625 0.89296875 0.0421875 0.0578125
1 0.92265625 0.8265625 0.0453125 0.0578125
1 0.6609375 0.6359375 0.04375 0.059375
1 0.5390625 0.678125 0.04375 0.0484375
1 0.471875 0.546875 0.0484375 0.0515625
1 0.309375 0.8890625 0.04375 0.0515625
1 0.3125 0.67265625 0.040625 0.04375
1 0.25 0.496875 0.04375 0.0484375
1 0.39453125 0.30546875 0.0421875 0.0484375
1 0.89375 0.68203125 0.0453125 0.053125
1 0.07578125 0.01640625 0.0359375 0.0328125
1 0.41484375 0.01640625 0.0421875 0.0328125
1 0.540625 0.98125 0.04375 0.0375