1 0.8390625 0.58125 0.0328125 0.0453125
1 0.3640625 0.76875 0.0390625 0.0515625
1 0.68359375 0.3390625 0.0375 0.04375
1 0.18046875 0.7171875 0.034375 0.04375
1 0.04921875 0.196875 0.034375 0.04375
1 0.346875 0.90703125 0.04375 0.053125
1 0.24453125 0.96171875 0.040625 0.05
1 0.5734375 0.0609375 0.040625 0.046875
1 0.53984375 0.3109375 0.0359375 0.0453125
1 0.76796875 0.38828125 0.0390625 0.046875
1 0.434375 0.4453125 0.034375 0.040625
1 0.83046875 0.37578125 0.0375 0.0453125
1 0.8359375 0.05078125 0.0375 0.046875
1 0.2078125 0.88203125 0.0375 0.0453125
1 0.76875 0.55390625 0.0359375 0.04375
1 0.10625 0.6609375 0.040625 0.0546875
1 0.3484375 0.51875 0.0390625 0.046875
1 0.853125 0.7109375 0.0328125 0.0390625
1 0.37109375 0.609375 0.0359375 0.0453125
1 0.61640625 0.15390625 0.0375 0.0515625
1 0.32578125 0.68046875 0.0390625 0.0453125
1 0.30390625 0.75859375 0.0375 0.0484375
1 0.4296875 0.259375 0.0328125 0.0390625
1 0.3828125 0.084375 0.0375 0.0421875
1 0.06953125 0.51953125 0.0359375 0.0421875
1 0.571875 0.47890625 0.03125 0.0375
1 0.14765625 0.1 0.0359375 0.04375
1 0.05390625 0.91015625 0.0390625 0.0484375
1 0.421875 0.02578125 0.0375 0.0453125
1 0.6734375 0.6953125 0.0359375 0.04375
1 0.4078125 0.896875 0.0328125 0.040625
1 0.91953125 0.4546875 0.04375 0.046875
1 0.18671875 0.4015625 0.040625 0.046875
1 0.4109375 0.5453125 0.034375 0.04375
1 0.9609375 0.384375 0.0359375 0.046875
1 0.11796875 0.48828125 0.0390625 0.04375
1 0.20234375 0.234375 0.0296875 0.0359375
1 0.12578125 0.4015625 0.0375 0.04375
1 0.3109375 0.20859375 0.0296875 0.0359375
1 0.525 0.49765625 0.0296875 0.0375
1 0.91640625 0.52578125 0.0390625 0.0453125
1 0.73125 0.984375 0.034375 0.03125
1 0.25703125 0.6671875 0.0375 0.0453125
1 0.6125 0.41015625 0.046875 0.0515625
1 0.10390625 0.9484375 0.034375 0.0421875
1 0.31796875 0.4921875 0.0359375 0.046875
1 0.5390625 0.8546875 0.0296875 0.034375
1 0.64375 0.94375 0.0328125 0.0453125
1 0.85703125 0.84296875 0.0359375 0.0453125
1 0.74140625 0.6953125 0.03125 0.0421875
1 0.2796875 0.421875 0.0328125 0.040625
1 0.47578125 0.884375 0.0390625 0.0390625
1 0.95390625 0.2421875 0.0390625 0.053125
1 0.4921875 0.1890625 0.034375 0.04375
1 0.603125 0.30390625 0.0359375 0.0421875
1 0.7890625 0.3015625 0.0421875 0.0453125
1 0.4203125 0.15 0.034375 0.0375
1 0.325 0.42109375 0.03125 0.0375
1 0.5859375 0.7234375 0.0296875 0.0375
1 0.6109375 0.89375 0.0328125 0.040625
1 0.70859375 0.8578125 0.028125 0.04375
1 0.89921875 0.0484375 0.034375 0.05
1 0.76015625 0.075 0.0390625 0.04375
1 0.7125 0.115625 0.0421875 0.0453125
1 0.83984375 0.225 0.0390625 0.0484375
1 0.815625 0.4484375 0.0390625 0.0453125
1 0.2015625 0.1515625 0.028125 0.03125
1 0.134375 0.16171875 0.0375 0.0375
1 0.4453125 0.08203125 0.03125 0.0390625
1 0.534375 0.11328125 0.04375 0.04375
1 0.48828125 0.94375 0.0375 0.040625
1 0.2046875 0.4953125 0.034375 0.0421875
1 0.33125 0.2578125 0.034375 0.040625
1 0.371875 0.2125 0.0296875 0.0328125
1 0.4671875 0.50390625 0.028125 0.0359375
1 0.5203125 0.38359375 0.034375 0.046875
1 0.45390625 0.33671875 0.03125 0.034375
1 0.68828125 0.60859375 0.0375 0.04375
1 0.8890625 0.765625 0.03125 0.0375
1 0.05234375 0.4171875 0.0359375 0.0453125
1 0.40625 0.67265625 0.0296875 0.0359375
1 0.01015625 0.9515625 0.0203125 0.034375
1 0.39453125 0.98359375 0.0515625 0.0328125
1 0.84921875 0.9875 0.0359375 0.025
1 0.9859375 0.3359375 0.028125 0.040625
1 0.6890625 0.01171875 0.0375 0.0234375
1 0.13996875 0.037296875 0.033625000000000016 0.036484375
1 0.12890625 0.015562500000000002 0.029812499999999974 0.031125000000000003
1 0.147796875 0.334953125 0.034218750000000006 0.03690625000000001
1 0.12342187499999999 0.340359375 0.037640625000000004 0.03803124999999996
1 0.3866875 0.473453125 0.029687500000000044 0.030765625000000085
1 0.390953125 0.44175000000000003 0.033109374999999996 0.03926562499999999
1 0.63334375 0.497515625 0.03432812500000004 0.039921874999999926
1 0.6373593750000001 0.5406718749999999 0.037328124999999976 0.03603124999999992
1 0.5133593750000001 0.612515625 0.037406250000000085 0.03529687500000005
1 0.515546875 0.651578125 0.04410937500000003 0.03484374999999993
1 0.514625 0.71025 0.03168749999999996 0.036374999999999956
1 0.536140625 0.71725 0.029640625000000042 0.03331250000000008
1 0.493671875 0.7641875 0.036218749999999925 0.03829687499999999
1 0.515296875 0.7879687499999999 0.03568750000000005 0.03312499999999998
1 0.562 0.784953125 0.03240625000000001 0.03656250000000005
1 0.586734375 0.78228125 0.03535937499999999 0.03685937500000005
1 0.7856875000000001 0.802859375 0.03360937500000007 0.036734374999999986
1 0.8167500000000001 0.812546875 0.03089062499999997 0.03359375
1 0.69071875 0.8069843750000001 0.03264062499999998 0.031640625
1 0.6854375 0.7685625 0.032874999999999946 0.03368749999999991
1 0.61628125 0.6569843750000001 0.034859374999999915 0.03434375000000003
1 0.6161875 0.6897968750000001 0.03815624999999993 0.036046875000000075
1 0.867375 0.929921875 0.03471875000000004 0.03954687499999991
1 0.889640625 0.9609375 0.03528124999999989 0.035218749999999945
1 0.7099375 0.24990625 0.03512500000000003 0.041109375000000004
1 0.7248125 0.28609375 0.04048437499999995 0.04026562499999997