1 0.89140625 0.7671875 0.0453125 0.0625
1 0.4765625 0.4359375 0.0375 0.0515625
1 0.14375 0.7828125 0.0375 0.0515625
1 0.434375 0.6796875 0.040625 0.059375
1 0.39375 0.33828125 0.0390625 0.0484375
1 0.60625 0.7140625 0.0390625 0.053125
1 0.31015625 0.4890625 0.0375 0.0453125
1 0.58515625 0.49375 0.0390625 0.0546875
1 0.77890625 0.5859375 0.040625 0.0625
1 0.13359375 0.66796875 0.0375 0.053125
1 0.42734375 0.46796875 0.0328125 0.0421875
1 0.07578125 0.51484375 0.0359375 0.04375
1 0.26015625 0.7078125 0.0375 0.046875
1 0.2984375 0.13828125 0.0515625 0.0640625
1 0.1171875 0.1828125 0.0375 0.0484375
1 0.1859375 0.375 0.046875 0.0578125
1 0.3109375 0.60078125 0.040625 0.0578125
1 0.05625 0.80390625 0.040625 0.0515625
1 0.5984375 0.39375 0.040625 0.0578125
1 0.4109375 0.9375 0.05 0.05625
1 0.6640625 0.0265625 0.0546875 0.053125
1 0.58828125 0.93125 0.046875 0.05625
1 0.903125 0.39765625 0.046875 0.0578125
1 0.09921875 0.0703125 0.040625 0.0515625
1 0.24609375 0.43984375 0.0375 0.04375
0 0.25546875 0.35859375 0.0640625 0.0625
1 0.659375 0.81953125 0.046875 0.05625
1 0.76875 0.8390625 0.0453125 0.0546875
1 0.47265625 0.88125 0.0453125 0.053125
1 0.83671875 0.54609375 0.046875 0.0578125
1 0.71640625 0.24140625 0.0515625 0.0703125
1 0.9625 0.53515625 0.046875 0.0546875
1 0.36328125 0.85390625 0.040625 0.0515625
0 0.24140625 0.228125 0.0546875 0.1046875
1 0.153125 0.49375 0.0328125 0.0421875
1 0.7796875 0.26875 0.0484375 0.059375
1 0.1828125 0.6703125 0.028125 0.040625
1 0.59921875 0.8203125 0.0484375 0.059375
1 0.2078125 0.47265625 0.0359375 0.0390625
1 0.253125 0.784375 0.0375 0.046875
1 0.27109375 0.9546875 0.04375 0.0484375
1 0.5046875 0.50859375 0.0359375 0.04375
1 0.0671875 0.721875 0.034375 0.040625
1 0.78828125 0.05859375 0.05 0.0703125
1 0.8421875 0.2390625 0.0484375 0.0546875
1 0.36875 0.4234375 0.0453125 0.0515625
1 0.20859375 0.7890625 0.0359375 0.0453125
1 0.33984375 0.7921875 0.0390625 0.0453125
1 0.475 0.2640625 0.034375 0.046875
1 0.36171875 0.53671875 0.0390625 0.053125
1 0.87578125 0.48046875 0.0421875 0.0546875
1 0.7359375 0.909375 0.0484375 0.05625
0 0.11328125 0.30703125 0.046875 0.0921875
1 0.140625 0.03046875 0.0359375 0.046875
1 0.02734375 0.63984375 0.0328125 0.0515625
1 0.08203125 0.9703125 0.0421875 0.059375
1 0.13828125 0.96953125 0.0390625 0.0578125
1 0.1984375 0.921875 0.04375 0.05625
1 0.24375 0.84921875 0.0421875 0.05
1 0.11171875 0.56796875 0.0296875 0.04375
1 0.53828125 0.771875 0.0375 0.0515625
1 0.6984375 0.778125 0.04375 0.0609375
1 0.82265625 0.4171875 0.0390625 0.0546875
1 0.959375 0.4328125 0.0484375 0.0609375
1 0.96953125 0.10859375 0.0515625 0.059375
1 0.75078125 0.11015625 0.0453125 0.05625
1 0.5265625 0.1609375 0.0421875 0.0546875
1 0.5765625 0.15234375 0.04375 0.0609375
1 0.625 0.1546875 0.04375 0.059375
1 0.35703125 0.18125 0.0390625 0.053125
1 0.440625 0.384375 0.034375 0.0453125
1 0.53203125 0.65703125 0.046875 0.053125
1 0.3734375 0.98203125 0.034375 0.0359375
1 0.9796875 0.64609375 0.040625 0.0515625
1 0.77890625 0.69609375 0.0359375 0.05