1 0.046875 0.10234375 0.0515625 0.0640625
1 0.8640625 0.56640625 0.05 0.0609375
1 0.065625 0.2203125 0.0421875 0.04375
1 0.44296875 0.9078125 0.040625 0.046875
1 0.79609375 0.76484375 0.0359375 0.0359375
1 0.6171875 0.5234375 0.040625 0.0484375
1 0.57421875 0.8625 0.04375 0.046875
1 0.7734375 0.5015625 0.0453125 0.0515625
1 0.79609375 0.59296875 0.0375 0.04375
1 0.471875 0.671875 0.0375 0.040625
1 0.45546875 0.98125 0.0375 0.0375
1 0.75390625 0.16640625 0.040625 0.0484375
1 0.06015625 0.44609375 0.0453125 0.0578125
1 0.684375 0.63125 0.0359375 0.04375
1 0.2234375 0.73359375 0.0328125 0.0375
1 0.709375 0.1625 0.0359375 0.040625
1 0.821875 0.38359375 0.04375 0.05
1 0.09375 0.896875 0.0390625 0.0484375
1 0.2796875 0.2796875 0.0390625 0.05
1 0.50546875 0.4328125 0.0484375 0.0625
1 0.29296875 0.92265625 0.0390625 0.0453125
1 0.62421875 0.84140625 0.0359375 0.0390625
1 0.7265625 0.234375 0.040625 0.0484375
1 0.809375 0.703125 0.040625 0.046875
1 0.44296875 0.46015625 0.0375 0.053125
1 0.6578125 0.321875 0.0390625 0.0484375
1 0.13515625 0.265625 0.0390625 0.04375
1 0.1828125 0.79140625 0.040625 0.046875
1 0.23515625 0.978125 0.0375 0.04375
1 0.7609375 0.315625 0.0390625 0.046875
1 0.4515625 0.02109375 0.04375 0.0421875
1 0.65625 0.4578125 0.040625 0.0484375
1 0.02265625 0.5140625 0.040625 0.0484375
1 0.77578125 0.66015625 0.0390625 0.0453125
1 0.11875 0.19296875 0.040625 0.0515625
1 0.47890625 0.34296875 0.040625 0.0515625
1 0.05625 0.3390625 0.0421875 0.053125
1 0.16875 0.39765625 0.0390625 0.05
1 0.2703125 0.77421875 0.034375 0.0390625
1 0.37265625 0.91484375 0.0390625 0.0515625
1 0.43984375 0.5921875 0.0421875 0.0515625
1 0.42578125 0.17578125 0.0453125 0.0546875
1 0.01953125 0.62265625 0.0390625 0.0484375
1 0.33671875 0.23515625 0.0421875 0.046875
1 0.534375 0.60703125 0.0390625 0.04375
1 0.69921875 0.10390625 0.0390625 0.04375
1 0.5234375 0.8296875 0.0390625 0.046875
1 0.66640625 0.55234375 0.0390625 0.0484375
1 0.8125 0.09765625 0.04375 0.05
1 0.59140625 0.0703125 0.04375 0.0515625
1 0.93671875 0.50703125 0.0390625 0.0515625
1 0.1453125 0.91875 0.0375 0.046875
1 0.56015625 0.54921875 0.040625 0.0453125
1 0.52109375 0.125 0.040625 0.0515625
1 0.2234375 0.87734375 0.0359375 0.040625
1 0.7375 0.584375 0.0375 0.04375
1 0.71015625 0.02421875 0.0359375 0.04375
1 0.56953125 0.26484375 0.040625 0.0515625
1 0.48671875 0.23671875 0.034375 0.0421875
1 0.07890625 0.66484375 0.0359375 0.0421875
1 0.5953125 0.33203125 0.0390625 0.0484375
1 0.2859375 0.58828125 0.0390625 0.046875
1 0.6203125 0.0203125 0.0375 0.040625
1 0.98515625 0.9 0.0296875 0.0421875
1 0.98359375 0.09296875 0.0328125 0.0453125
1 0.61796875 0.71171875 0.034375 0.0375
1 0.21640625 0.66171875 0.0359375 0.0359375
1 0.25546875 0.02265625 0.0390625 0.0453125
1 0.4296875 0.38359375 0.0375 0.046875
1 0.81875 0.19453125 0.0375 0.04375
1 0.6625 0.98359375 0.0359375 0.0328125
1 0.1984375 0.0265625 0.0453125 0.053125
1 0.034375 0.68046875 0.0375 0.04375
1 0.02578125 0.1890625 0.0359375 0.04375
1 0.76953125 0.94921875 0.0375 0.04375
1 0.3734375 0.7640625 0.0359375 0.040625
1 0.53125 0.20078125 0.0359375 0.0375
1 0.1546875 0.640625 0.040625 0.0453125
1 0.75703125 0.796875 0.0328125 0.03125
1 0.17265625 0.16484375 0.0390625 0.0453125
1 0.13125 0.7171875 0.0390625 0.046875
1 0.18125 0.69296875 0.0359375 0.0484375
1 0.94765625 0.90390625 0.028125 0.0390625
1 0.8609375 0.95234375 0.034375 0.0375
1 0.909375 0.92890625 0.034375 0.046875
1 0.23515625 0.6265625 0.034375 0.0453125
1 0.1828125 0.6046875 0.0328125 0.0484375
1 0.29296875 0.071875 0.0359375 0.0421875
1 0.72890625 0.825 0.0296875 0.0296875
1 0.6765625 0.78828125 0.0328125 0.034375
1 0.8609375 0.28203125 0.0359375 0.0421875
1 0.6359375 0.203125 0.0390625 0.04375
1 0.6421875 0.25703125 0.0375 0.046875
1 0.29375 0.66171875 0.03125 0.034375
1 0.26171875 0.86875 0.040625 0.040625
1 0.9109375 0.62734375 0.03125 0.0390625
1 0.29609375 0.19296875 0.0359375 0.040625
1 0.29453125 0.009375 0.03125 0.01875
1 0.41484375 0.084375 0.0375 0.046875
1 0.521875 0.01796875 0.04375 0.0359375
1 0.9890625 0.4671875 0.021875 0.040625
1 0.98515625 0.98671875 0.0296875 0.0265625
1 0.90703125 0.9921875 0.0328125 0.015625
1 0.31640625 0.99296875 0.0328125 0.0140625
1 0.0828125 0.99140625 0.03125 0.0171875
1 0.229984375 0.46671874999999996 0.04084374999999998 0.04542187500000008
1 0.06528125 0.53659375 0.040515625000000006 0.039687499999999966
1 0.18942187500000002 0.26371875 0.03990624999999999 0.046140625000000046
1 0.21198437499999997 0.23084375000000001 0.03981250000000001 0.04487500000000004
1 0.316078125 0.153171875 0.03364062500000005 0.041078124999999986
1 0.33403125 0.129625 0.03856250000000001 0.04001562499999998
1 0.5842343750000001 0.4184375 0.04098437500000003 0.04409375000000004
1 0.5818749999999999 0.4649375 0.03793749999999996 0.04437499999999996
1 0.597921875 0.633296875 0.04137500000000003 0.04176562500000003
1 0.620328125 0.608953125 0.044234374999999916 0.03518749999999997
1 0.6883125 0.7378750000000001 0.035421874999999936 0.035734375000000006
1 0.703328125 0.7085 0.03439062499999999 0.03640624999999993
1 0.325171875 0.764875 0.042624999999999955 0.03445312499999993
1 0.353375 0.6843125 0.03540625000000004 0.03746875000000003
1 0.0234375 0.909375 0.046875 0.04375
1 0.015765625 0.9557343749999999 0.031515625000000005 0.04728124999999998
1 0.04315625 0.8461874999999999 0.04 0.03360937499999998
1 0.048593750000000005 0.824828125 0.031218750000000007 0.03129687499999996
1 0.140078125 0.83021875 0.036656250000000015 0.044593749999999946
1 0.12793749999999998 0.7901875 0.03582812500000001 0.03671875
1 0.322828125 0.802421875 0.035421875000000026 0.038406249999999975
1 0.663609375 0.897 0.03459374999999998 0.03579687500000013
1 0.71590625 0.9349999999999999 0.04098437500000003 0.038328124999999956
1 0.7234375 0.903546875 0.03951562499999994 0.0405156250000001
1 0.683453125 0.869203125 0.03156250000000007 0.03798437499999992
1 0.80884375 0.8492656249999999 0.031984375000000044 0.03579687500000013
1 0.8585625 0.875234375 0.03407812499999992 0.03412499999999987
1 0.8836718749999999 0.873234375 0.02871875000000017 0.040406249999999845
1 0.7925156250000001 0.8304218750000001 0.026953125000000088 0.031593750000000045
1 0.9423281250000001 0.3861875 0.036890624999999844 0.049921874999999984
1 0.9316093750000001 0.34315625 0.03742187500000007 0.04278124999999999