1 0.15390625 0.98359375 0.040625 0.0328125
1 0.11328125 0.40078125 0.046875 0.0625
1 0.46953125 0.375 0.0421875 0.0484375
1 0.52890625 0.91328125 0.0375 0.046875
1 0.5390625 0.2296875 0.0421875 0.053125
1 0.21796875 0.12109375 0.0515625 0.0609375
1 0.01328125 0.96640625 0.0265625 0.0484375
1 0.50546875 0.05234375 0.0390625 0.05
1 0.22890625 0.28515625 0.0390625 0.0484375
1 0.76328125 0.50234375 0.05 0.0578125
1 0.81171875 0.58984375 0.04375 0.059375
1 0.5921875 0.62265625 0.040625 0.0484375
1 0.86484375 0.46484375 0.040625 0.0515625
1 0.603125 0.89296875 0.0375 0.046875
1 0.32421875 0.596875 0.0390625 0.046875
1 0.67890625 0.2734375 0.0375 0.0484375
1 0.94375 0.06328125 0.040625 0.05
1 0.79453125 0.225 0.0390625 0.0546875
1 0.484375 0.4609375 0.0375 0.046875
1 0.471875 0.22734375 0.0453125 0.05625
1 0.56015625 0.98671875 0.04375 0.0265625
1 0.88984375 0.87734375 0.0421875 0.0546875
1 0.034375 0.16328125 0.0359375 0.04375
1 0.5953125 0.20546875 0.0390625 0.0484375
1 0.76796875 0.7578125 0.0484375 0.0640625
1 0.01640625 0.253125 0.0328125 0.046875
1 0.9828125 0.615625 0.034375 0.059375
1 0.07734375 0.15234375 0.0375 0.04375
1 0.34765625 0.83984375 0.0390625 0.0484375
1 0.6390625 0.4484375 0.0375 0.046875
1 0.69609375 0.459375 0.0390625 0.046875
1 0.89375 0.5265625 0.0453125 0.0625
1 0.03125 0.5828125 0.0375 0.046875
1 0.5109375 0.40546875 0.0390625 0.04375
1 0.03984375 0.7421875 0.0359375 0.05
1 0.0984375 0.5140625 0.0390625 0.05
1 0.18046875 0.33984375 0.0375 0.040625
1 0.89375 0.6515625 0.040625 0.05
1 0.40078125 0.0828125 0.04375 0.0484375
1 0.75390625 0.63359375 0.046875 0.0578125
1 0.26484375 0.23046875 0.04375 0.0609375
1 0.28046875 0.70703125 0.0390625 0.0484375
1 0.29453125 0.83828125 0.0375 0.046875
1 0.28359375 0.0921875 0.040625 0.0453125
1 0.2453125 0.94140625 0.0390625 0.046875
1 0.54296875 0.3453125 0.0375 0.046875
1 0.7 0.56015625 0.04375 0.05625
1 0.18359375 0.8578125 0.0421875 0.05
1 0.4359375 0.44921875 0.0390625 0.0484375
1 0.03984375 0.47890625 0.0375 0.0484375
1 0.8296875 0.9328125 0.0375 0.0453125
1 0.58359375 0.7796875 0.0359375 0.046875
1 0.22734375 0.73203125 0.0359375 0.0421875
1 0.65078125 0.80859375 0.040625 0.0515625
1 0.0515625 0.9828125 0.0375 0.034375
1 0.3359375 0.67890625 0.0375 0.04375
1 0.434375 0.1578125 0.0390625 0.04375
1 0.290625 0.4890625 0.0390625 0.046875
1 0.64453125 0.6734375 0.0390625 0.046875
1 0.64453125 0.7375 0.0390625 0.046875
1 0.55390625 0.0203125 0.04375 0.040625
1 0.19375 0.2171875 0.0375 0.0515625
1 0.56796875 0.07734375 0.0359375 0.0421875
1 0.0265625 0.89453125 0.040625 0.0484375
1 0.20859375 0.97578125 0.0375 0.0453125
1 0.8734375 0.3546875 0.0421875 0.053125
1 0.62890625 0.56171875 0.0375 0.046875
1 0.453125 0.05703125 0.040625 0.05
1 0.8078125 0.84375 0.04375 0.0578125
1 0.1015625 0.9828125 0.0328125 0.034375
1 0.94375 0.46953125 0.0390625 0.0484375
1 0.48046875 0.784375 0.0390625 0.046875
1 0.12890625 0.14296875 0.0359375 0.04375
1 0.4921875 0.85546875 0.0375 0.046875
1 0.425 0.86796875 0.0421875 0.05
1 0.37265625 0.615625 0.0359375 0.0421875
1 0.2 0.671875 0.0375 0.0421875
1 0.68359375 0.3640625 0.0359375 0.04375
1 0.68359375 0.87265625 0.040625 0.0453125
1 0.40546875 0.71875 0.0328125 0.0375
1 0.7203125 0.85703125 0.03125 0.0375
1 0.32265625 0.3703125 0.0359375 0.0421875
1 0.646875 0.3703125 0.0359375 0.04375
1 0.5734375 0.26953125 0.0359375 0.0390625
1 0.88125 0.096875 0.0390625 0.05
1 0.41015625 0.925 0.0375 0.0421875
1 0.1859375 0.0359375 0.040625 0.053125
1 0.975 0.3453125 0.0375 0.0453125
1 0.08984375 0.79765625 0.0359375 0.0453125
1 0.271875 0.04296875 0.040625 0.0421875
1 0.08828125 0.59765625 0.0375 0.0484375
1 0.54609375 0.5828125 0.0390625 0.0421875
1 0.36640625 0.76484375 0.0328125 0.0421875
1 0.9390625 0.6390625 0.034375 0.046875
1 0.06953125 0.8515625 0.0375 0.0421875
1 0.3640625 0.2640625 0.0375 0.046875
1 0.90546875 0.39453125 0.0359375 0.0390625
1 0.11328125 0.90078125 0.0375 0.04375
1 0.8640625 0.6890625 0.0375 0.046875
1 0.85 0.75625 0.0375 0.04375
1 0.1671875 0.13984375 0.0359375 0.0453125
1 0.88984375 0.221875 0.040625 0.046875
1 0.9140625 0.3046875 0.0359375 0.0421875
1 0.128125 0.678125 0.0421875 0.046875
1 0.13984375 0.54609375 0.0375 0.04375
1 0.65865625 0.034999999999999996 0.050203124999999994 0.05306249999999999
1 0.177625 0.7674375 0.041546875000000004 0.05714062500000008
1 0.142390625 0.772671875 0.04823437500000001 0.054031250000000065
1 0.3239375 0.776546875 0.029296875 0.03317187500000003
1 0.314125 0.76240625 0.025203124999999993 0.02876562499999995
1 0.41342187499999994 0.629921875 0.034187499999999996 0.04364062499999992
1 0.405171875 0.664984375 0.03434375000000003 0.03728125000000002
1 0.577828125 0.514375 0.03559374999999996 0.04253125000000004
1 0.56340625 0.5363125 0.035843750000000084 0.03379687499999999
1 0.550453125 0.46403125 0.03068749999999998 0.030453125000000015
1 0.536109375 0.48128125 0.030765625000000085 0.033578125000000014