0 0.40625 0.4421875 0.0640625 0.0953125
0 0.40078125 0.25390625 0.0734375 0.0765625
0 0.6921875 0.78828125 0.078125 0.0625
1 0.35234375 0.76796875 0.046875 0.065625
1 0.65 0.3140625 0.0375 0.0484375
1 0.953125 0.2953125 0.0375 0.040625
1 0.3046875 0.48515625 0.040625 0.0484375
1 0.45625 0.8890625 0.0390625 0.053125
1 0.09296875 0.81484375 0.0421875 0.0515625
1 0.0671875 0.70390625 0.0421875 0.0484375
1 0.20078125 0.7640625 0.0390625 0.05
1 0.80390625 0.38671875 0.046875 0.059375
1 0.2640625 0.41953125 0.0390625 0.046875
1 0.4828125 0.209375 0.0390625 0.0484375
1 0.16171875 0.3875 0.0390625 0.046875
1 0.64296875 0.684375 0.040625 0.05
1 0.5890625 0.04140625 0.0390625 0.04375
1 0.559375 0.35703125 0.046875 0.0609375
0 0.02578125 0.44296875 0.0515625 0.1
1 0.44453125 0.109375 0.0421875 0.0484375
1 0.6359375 0.234375 0.0359375 0.046875
1 0.14609375 0.4515625 0.040625 0.05
1 0.68046875 0.85234375 0.040625 0.0515625
1 0.9171875 0.11015625 0.0421875 0.05
1 0.1234375 0.125 0.0359375 0.0453125
1 0.0625 0.34296875 0.04375 0.05
1 0.459375 0.66640625 0.04375 0.05625
1 0.37421875 0.64765625 0.0390625 0.05
1 0.45546875 0.340625 0.0390625 0.0515625
1 0.27109375 0.790625 0.0375 0.05
1 0.96953125 0.61796875 0.040625 0.05
1 0.096875 0.4953125 0.0421875 0.05
1 0.390625 0.9171875 0.034375 0.046875
1 0.140625 0.7046875 0.0421875 0.0484375
1 0.89765625 0.80859375 0.0390625 0.05
1 0.92109375 0.9578125 0.046875 0.05
1 0.45546875 0.50078125 0.0375 0.053125
1 0.19921875 0.2390625 0.0421875 0.046875
1 0.6984375 0.06953125 0.0359375 0.0421875
1 0.021875 0.1171875 0.040625 0.046875
1 0.390625 0.14375 0.0390625 0.046875
1 0.1515625 0.5359375 0.040625 0.0515625
1 0.02265625 0.02890625 0.0375 0.04375
0 0.81953125 0.25625 0.05 0.084375
1 0.525 0.53046875 0.0359375 0.05
1 0.82890625 0.725 0.040625 0.0484375
1 0.34296875 0.32578125 0.0375 0.04375
1 0.32578125 0.1796875 0.0390625 0.0421875
1 0.2734375 0.5765625 0.0375 0.0515625
1 0.61953125 0.7578125 0.0390625 0.05
1 0.28046875 0.88359375 0.0375 0.053125
1 0.7484375 0.7296875 0.040625 0.0515625
1 0.625 0.4109375 0.0421875 0.0546875
1 0.5578125 0.875 0.0421875 0.0515625
1 0.628125 0.13828125 0.0375 0.0421875
1 0.0421875 0.77421875 0.040625 0.05
1 0.828125 0.65234375 0.0390625 0.05
1 0.16953125 0.6359375 0.0359375 0.04375
1 0.52890625 0.76796875 0.0359375 0.05
1 0.565625 0.14140625 0.0375 0.0421875
1 0.76015625 0.890625 0.040625 0.046875
1 0.0953125 0.29453125 0.0359375 0.040625
1 0.4140625 0.703125 0.0390625 0.05
1 0.8546875 0.3359375 0.0421875 0.0421875
1 0.36328125 0.025 0.0390625 0.04375
1 0.953125 0.69453125 0.040625 0.0515625
1 0.94921875 0.87734375 0.0390625 0.04375
1 0.07890625 0.18515625 0.0421875 0.046875
1 0.11640625 0.01875 0.040625 0.0375
1 0.31328125 0.37109375 0.0390625 0.0421875
1 0.89765625 0.22578125 0.0328125 0.0375
1 0.709375 0.33359375 0.0390625 0.0453125
0 0.76796875 0.62734375 0.0640625 0.0828125
1 0.20859375 0.421875 0.034375 0.0375
1 0.85703125 0.171875 0.0375 0.0390625
1 0.12109375 0.8984375 0.05 0.05625
1 0.88046875 0.55 0.034375 0.0484375
1 0.940625 0.53828125 0.034375 0.04375
1 0.69296875 0.44375 0.0390625 0.053125
1 0.7046875 0.39375 0.0453125 0.05625
1 0.97265625 0.2234375 0.034375 0.0359375
1 0.7703125 0.12890625 0.034375 0.0375
0 0.8953125 0.44921875 0.0375 0.084375
1 0.61640625 0.8625 0.0359375 0.0421875
1 0.57421875 0.68359375 0.0359375 0.0453125
1 0.5234375 0.6484375 0.0390625 0.046875
1 0.5171875 0.70625 0.0375 0.04375
1 0.35625 0.840625 0.0453125 0.0515625
1 0.31171875 0.70078125 0.0296875 0.0375
1 0.240625 0.10625 0.0359375 0.0421875
1 0.2890625 0.12421875 0.0359375 0.0390625
1 0.24609375 0.29140625 0.0421875 0.04375
1 0.14921875 0.190625 0.034375 0.0390625
1 0.71875 0.26171875 0.03125 0.0421875
1 0.575 0.5171875 0.0390625 0.040625
1 0.64921875 0.5015625 0.0390625 0.046875
1 0.48359375 0.39609375 0.0375 0.04375
1 0.60859375 0.63515625 0.0390625 0.04375
1 0.23984375 0.64375 0.0359375 0.0421875
1 0.6734375 0.0140625 0.0375 0.028125
1 0.9875 0.96015625 0.025 0.05625
1 0.74140625 0.98125 0.0390625 0.0375
1 0.01171875 0.54375 0.021875 0.059375
1 0.0078125 0.1921875 0.015625 0.0375