0 0.07265625 0.62421875 0.0796875 0.059375
0 0.6796875 0.65546875 0.05 0.0984375
1 0.13046875 0.8859375 0.040625 0.0484375
1 0.2703125 0.94375 0.0484375 0.059375
1 0.39140625 0.6328125 0.0421875 0.0453125
0 0.83203125 0.1734375 0.0578125 0.053125
1 0.43671875 0.36796875 0.04375 0.046875
1 0.37109375 0.3078125 0.0484375 0.0671875
0 0.3125 0.703125 0.0640625 0.0671875
1 0.89296875 0.18984375 0.0375 0.04375
1 0.665625 0.21015625 0.0484375 0.0625
1 0.4921875 0.5140625 0.0421875 0.0484375
1 0.178125 0.921875 0.0421875 0.046875
0 0.6203125 0.896875 0.059375 0.0875
1 0.565625 0.79921875 0.0390625 0.0484375
1 0.590625 0.1328125 0.0421875 0.053125
1 0.02734375 0.55546875 0.0421875 0.053125
0 0.29453125 0.6140625 0.0640625 0.0671875
1 0.65546875 0.32421875 0.040625 0.0515625
1 0.70078125 0.13828125 0.040625 0.05
1 0.8921875 0.6921875 0.0390625 0.0515625
1 0.18828125 0.47109375 0.0453125 0.053125
1 0.73046875 0.9796875 0.040625 0.040625
1 0.35859375 0.60390625 0.0390625 0.04375
1 0.2296875 0.740625 0.040625 0.05
1 0.15703125 0.61875 0.0375 0.0515625
0 0.36953125 0.43828125 0.059375 0.059375
1 0.240625 0.66953125 0.04375 0.0515625
0 0.63359375 0.39921875 0.0671875 0.0640625
0 0.85234375 0.78125 0.059375 0.075
1 0.39296875 0.0328125 0.0421875 0.0484375
1 0.17890625 0.54765625 0.0421875 0.0453125
1 0.7078125 0.44375 0.0390625 0.046875
1 0.95546875 0.165625 0.0390625 0.0421875
1 0.046875 0.42890625 0.0421875 0.0515625
1 0.86484375 0.85390625 0.0375 0.0484375
1 0.75546875 0.26796875 0.040625 0.05
1 0.86875 0.59375 0.0390625 0.0484375
1 0.8609375 0.06171875 0.0421875 0.05
1 0.234375 0.80859375 0.0421875 0.05
1 0.078125 0.71484375 0.040625 0.05
1 0.8046875 0.43125 0.0390625 0.05
1 0.4890625 0.84375 0.040625 0.0484375
1 0.75234375 0.48046875 0.0390625 0.0515625
1 0.91171875 0.49609375 0.0421875 0.05
1 0.98125 0.36015625 0.0375 0.0703125
1 0.28203125 0.40078125 0.04375 0.053125
1 0.68125 0.8734375 0.0359375 0.0421875
1 0.78125 0.1984375 0.0375 0.046875
1 0.3 0.0515625 0.046875 0.0609375
1 0.85234375 0.3859375 0.0390625 0.0484375
1 0.53515625 0.75390625 0.0390625 0.0453125
1 0.17734375 0.07421875 0.040625 0.0484375
1 0.9671875 0.98203125 0.0359375 0.0359375
1 0.93046875 0.25859375 0.040625 0.0484375
1 0.38203125 0.103125 0.040625 0.0453125
1 0.1 0.43515625 0.040625 0.0484375
1 0.5046875 0.35078125 0.0390625 0.0484375
1 0.11015625 0.0390625 0.04375 0.0515625
1 0.38984375 0.82890625 0.0390625 0.0484375
1 0.32890625 0.15859375 0.040625 0.046875
1 0.73359375 0.328125 0.0375 0.04375
1 0.60390625 0.234375 0.04375 0.0515625
1 0.01796875 0.92578125 0.0359375 0.0453125
1 0.73828125 0.17109375 0.0390625 0.0484375
1 0.5203125 0.66796875 0.0390625 0.0484375
1 0.0671875 0.2703125 0.0390625 0.0484375
1 0.0125 0.36328125 0.025 0.0421875
1 0.77578125 0.9625 0.0421875 0.05
1 0.4421875 0.590625 0.0375 0.04375
1 0.1359375 0.16328125 0.040625 0.05
0 0.61953125 0.971875 0.0515625 0.05625
1 0.26796875 0.50546875 0.03125 0.0375
1 0.82265625 0.9234375 0.040625 0.046875
1 0.91796875 0.09296875 0.03125 0.0390625
0 0.45 0.79453125 0.0546875 0.090625
1 0.41015625 0.22109375 0.040625 0.0515625
1 0.72421875 0.61171875 0.0390625 0.0453125
1 0.81875 0.33046875 0.040625 0.040625
1 0.8546875 0.1265625 0.0421875 0.0484375
1 0.4453125 0.1078125 0.040625 0.046875
1 0.94140625 0.76640625 0.0375 0.0421875
1 0.8515625 0.28671875 0.0375 0.040625
0 0.6265625 0.74375 0.0390625 0.05
1 0.93125 0.57890625 0.0390625 0.05
1 0.96953125 0.49375 0.0375 0.04375
1 0.98671875 0.91171875 0.0265625 0.04375
1 0.47421875 0.4125 0.040625 0.0453125
1 0.97890625 0.10625 0.0375 0.0421875
1 0.42109375 0.54296875 0.0359375 0.040625
0 0.5 0.6015625 0.0703125 0.0671875
0 0.3453125 0.77265625 0.05 0.1
1 0.10390625 0.359375 0.0375 0.0453125
1 0.06328125 0.9484375 0.0375 0.0484375
1 0.90703125 0.3234375 0.0328125 0.0421875
1 0.94765625 0.70234375 0.034375 0.05
0 0.62265625 0.6890625 0.040625 0.0484375
1 0.31796875 0.521875 0.03125 0.0359375
0 0.5578125 0.3921875 0.0421875 0.0703125
1 0.0828125 0.115625 0.0296875 0.0453125
1 0.20859375 0.15859375 0.0390625 0.0515625
0 0.053125 0.8375 0.05625 0.06875
1 0.0875 0.5109375 0.034375 0.046875
1 0.22890625 0.57890625 0.034375 0.0390625
1 0.81328125 0.603125 0.034375 0.040625
1 0.03515625 0.0140625 0.0375 0.028125
1 0.18515625 0.9859375 0.04375 0.028125
1 0.384375 0.98359375 0.0421875 0.0328125
1 0.79375 0.86953125 0.04375 0.0421875
1 0.609375 0.0140625 0.04375 0.028125
1 0.98203125 0.03046875 0.0359375 0.0375