1 0.44609375 0.9375 0.0421875 0.0515625
1 0.1171875 0.7703125 0.040625 0.059375
1 0.26015625 0.96640625 0.0359375 0.0453125
1 0.225 0.35546875 0.0296875 0.0375
1 0.55703125 0.33359375 0.0359375 0.0390625
1 0.4765625 0.38671875 0.040625 0.0515625
0 0.421875 0.23359375 0.0640625 0.065625
1 0.4125 0.59375 0.0390625 0.0453125
1 0.596875 0.72734375 0.034375 0.040625
1 0.2796875 0.68984375 0.0375 0.046875
0 0.53984375 0.24609375 0.05625 0.0703125
1 0.92890625 0.49921875 0.0359375 0.0421875
1 0.1875 0.725 0.0359375 0.0515625
1 0.85078125 0.5796875 0.0375 0.046875
1 0.4453125 0.7484375 0.0375 0.046875
1 0.74453125 0.18203125 0.0359375 0.046875
1 0.39375 0.66328125 0.0359375 0.0421875
1 0.79609375 0.81015625 0.0421875 0.0546875
1 0.81640625 0.290625 0.034375 0.046875
1 0.871875 0.2203125 0.040625 0.04375
1 0.76171875 0.40390625 0.0359375 0.046875
1 0.3796875 0.45 0.0421875 0.0546875
1 0.7453125 0.26953125 0.0421875 0.053125
1 0.98046875 0.01875 0.0328125 0.0375
1 0.97734375 0.11171875 0.0453125 0.059375
1 0.965625 0.4015625 0.0390625 0.0453125
1 0.41875 0.528125 0.0390625 0.04375
1 0.071875 0.11015625 0.0359375 0.05625
1 0.52421875 0.4296875 0.0359375 0.04375
1 0.87578125 0.29375 0.040625 0.0453125
1 0.7296875 0.86484375 0.0390625 0.0484375
1 0.1265625 0.1609375 0.034375 0.0484375
1 0.490625 0.5328125 0.0375 0.0484375
1 0.65859375 0.36796875 0.034375 0.04375
1 0.846875 0.45703125 0.034375 0.0421875
1 0.96484375 0.29609375 0.0484375 0.0578125
1 0.48515625 0.85390625 0.03125 0.0390625
1 0.87421875 0.115625 0.040625 0.0484375
1 0.2921875 0.46171875 0.03125 0.0375
1 0.28984375 0.6125 0.0375 0.04375
1 0.94375 0.5734375 0.040625 0.04375
1 0.96171875 0.76484375 0.046875 0.046875
1 0.53984375 0.13515625 0.040625 0.0484375
1 0.36640625 0.3203125 0.0328125 0.0390625
1 0.59296875 0.51875 0.0421875 0.046875
1 0.94375 0.2078125 0.040625 0.04375
1 0.259375 0.21953125 0.0390625 0.0453125
1 0.3515625 0.62109375 0.040625 0.046875
1 0.72578125 0.97265625 0.05 0.0546875
1 0.9234375 0.85 0.0421875 0.046875
1 0.88828125 0.76484375 0.04375 0.053125
1 0.834375 0.72109375 0.0453125 0.0515625
1 0.7453125 0.759375 0.0390625 0.0484375
0 0.11171875 0.53359375 0.0515625 0.0890625
0 0.24296875 0.28203125 0.0640625 0.0625
0 0.61015625 0.43828125 0.078125 0.065625
1 0.034375 0.02265625 0.034375 0.0453125
1 0.2046875 0.08828125 0.040625 0.0515625
1 0.28203125 0.1046875 0.0375 0.0453125
0 0.328125 0.15546875 0.0625 0.065625
1 0.153125 0.35234375 0.0375 0.034375
1 0.0140625 0.540625 0.028125 0.0546875
1 0.1765625 0.9453125 0.0359375 0.0484375
1 0.35703125 0.96171875 0.0390625 0.0546875
1 0.4109375 0.89921875 0.03125 0.04375
1 0.50234375 0.97265625 0.0390625 0.0484375
1 0.31640625 0.81328125 0.0453125 0.0578125
1 0.5515625 0.78125 0.040625 0.0515625
1 0.68359375 0.70859375 0.0484375 0.0578125
1 0.7875 0.55859375 0.0453125 0.0546875
1 0.75546875 0.02890625 0.040625 0.05
1 0.14140625 0.66328125 0.040625 0.053125
1 0.2328125 0.609375 0.0390625 0.046875
1 0.1890625 0.53828125 0.034375 0.0421875
1 0.15234375 0.31171875 0.0390625 0.0390625
1 0.6296875 0.2796875 0.03125 0.040625
1 0.64765625 0.17890625 0.0359375 0.053125
1 0.409375 0.0078125 0.03125 0.015625
1 0.57109375 0.02265625 0.03125 0.040625
1 0.9875 0.928125 0.025 0.0421875
1 0.0078125 0.215625 0.0140625 0.0625