0 0.58515625 0.25546875 0.084375 0.0578125
1 0.32734375 0.78828125 0.04375 0.0515625
0 0.90625 0.0734375 0.065625 0.090625
1 0.4546875 0.1734375 0.0390625 0.046875
1 0.88203125 0.76171875 0.0375 0.05
1 0.38125 0.14921875 0.040625 0.0484375
1 0.3015625 0.60859375 0.0390625 0.046875
1 0.24375 0.66796875 0.04375 0.046875
0 0.76328125 0.8015625 0.0546875 0.0671875
1 0.63359375 0.8703125 0.0390625 0.046875
1 0.33359375 0.19453125 0.040625 0.05
1 0.52109375 0.76875 0.04375 0.0515625
1 0.6390625 0.33359375 0.0390625 0.0453125
1 0.228125 0.30703125 0.05 0.05625
1 0.77265625 0.52265625 0.0421875 0.0484375
1 0.734375 0.86796875 0.0359375 0.04375
1 0.9796875 0.0421875 0.040625 0.053125
1 0.38203125 0.8390625 0.0453125 0.05
1 0.45859375 0.10703125 0.0390625 0.040625
1 0.65078125 0.09453125 0.04375 0.05
0 0.17578125 0.93359375 0.071875 0.053125
1 0.828125 0.03828125 0.040625 0.0484375
1 0.43046875 0.2984375 0.0421875 0.046875
1 0.20625 0.49375 0.0484375 0.0625
1 0.334375 0.87109375 0.040625 0.0453125
1 0.81328125 0.453125 0.0375 0.0484375
1 0.428125 0.440625 0.0390625 0.0484375
1 0.3234375 0.05859375 0.0421875 0.0484375
1 0.4734375 0.24453125 0.040625 0.0453125
1 0.0859375 0.0921875 0.04375 0.046875
1 0.61484375 0.19140625 0.040625 0.0484375
1 0.3703125 0.3109375 0.0390625 0.05
1 0.953125 0.82890625 0.0390625 0.0484375
1 0.55546875 0.6125 0.0421875 0.0578125
1 0.84921875 0.134375 0.040625 0.0484375
1 0.12421875 0.38828125 0.0421875 0.046875
1 0.190625 0.609375 0.0421875 0.0484375
1 0.24609375 0.7296875 0.040625 0.0421875
1 0.9140625 0.16171875 0.0390625 0.0484375
1 0.73125 0.28046875 0.0359375 0.0421875
0 0.29609375 0.1140625 0.0546875 0.0640625
1 0.38984375 0.54609375 0.040625 0.046875
1 0.64140625 0.01875 0.0421875 0.0375
1 0.93359375 0.5640625 0.040625 0.0515625
1 0.3484375 0.4328125 0.0359375 0.040625
1 0.8390625 0.29609375 0.0421875 0.05
1 0.534375 0.1453125 0.0328125 0.040625
1 0.8171875 0.225 0.0453125 0.053125
1 0.3875 0.92890625 0.040625 0.05
1 0.33125 0.71328125 0.040625 0.046875
1 0.528125 0.3921875 0.0390625 0.0453125
1 0.90859375 0.6484375 0.0359375 0.0484375
1 0.21640625 0.08125 0.034375 0.040625
1 0.88828125 0.95390625 0.040625 0.046875
1 0.13203125 0.29453125 0.040625 0.04375
1 0.54296875 0.01875 0.0421875 0.0375
1 0.25078125 0.425 0.0421875 0.046875
1 0.32265625 0.51484375 0.0390625 0.04375
1 0.52578125 0.328125 0.05 0.0546875
1 0.48984375 0.5296875 0.0453125 0.0515625
1 0.0203125 0.10703125 0.040625 0.046875
1 0.59375 0.81875 0.0359375 0.040625
1 0.87890625 0.39453125 0.040625 0.046875
1 0.640625 0.44609375 0.0328125 0.04375
1 0.58359375 0.41328125 0.040625 0.05
1 0.15390625 0.79453125 0.0390625 0.0421875
1 0.6921875 0.16953125 0.0390625 0.05
1 0.909375 0.8453125 0.0375 0.0453125
1 0.6296875 0.98125 0.04375 0.0375
1 0.09375 0.78046875 0.0390625 0.0390625
1 0.715625 0.33828125 0.0390625 0.0421875
1 0.61171875 0.6890625 0.04375 0.05
1 0.54140625 0.86484375 0.0390625 0.04375
1 0.18828125 0.396875 0.034375 0.040625
1 0.015625 0.6328125 0.03125 0.0484375
1 0.05859375 0.29921875 0.034375 0.04375
1 0.70703125 0.43671875 0.0390625 0.0515625
0 0.03671875 0.18359375 0.0734375 0.071875
1 0.0859375 0.8359375 0.0421875 0.0546875
1 0.4015625 0.2328125 0.0390625 0.0390625
1 0.05703125 0.53125 0.034375 0.040625
1 0.8234375 0.6328125 0.0328125 0.040625
1 0.790625 0.91171875 0.0375 0.046875
1 0.87734375 0.51484375 0.034375 0.0453125
1 0.51875 0.6515625 0.0359375 0.0390625
1 0.434375 0.778125 0.0359375 0.0390625
1 0.43984375 0.71328125 0.0328125 0.0359375
1 0.5828125 0.7671875 0.0390625 0.0421875
1 0.44453125 0.93046875 0.0375 0.046875
1 0.10234375 0.23359375 0.0390625 0.0421875
1 0.45078125 0.63984375 0.0421875 0.0390625
1 0.78828125 0.303125 0.040625 0.040625
1 0.68515625 0.93359375 0.034375 0.0421875
1 0.60703125 0.525 0.040625 0.0484375
1 0.3484375 0.60859375 0.034375 0.04375
1 0.17578125 0.7453125 0.0359375 0.0390625
1 0.98515625 0.5609375 0.0296875 0.0359375
1 0.94375 0.96171875 0.0359375 0.0375
1 0.128125 0.99140625 0.0359375 0.0171875
1 0.16875 0.678125 0.0359375 0.0359375
1 0.04609375 0.7125 0.0359375 0.0359375
0 0.25859375 0.9734375 0.0640625 0.053125