1 0.015625 0.79140625 0.03125 0.0453125
0 0.03046875 0.646875 0.0609375 0.075
0 0.8796875 0.17734375 0.0703125 0.0921875
0 0.85859375 0.8953125 0.065625 0.0515625
0 0.73046875 0.3 0.0703125 0.0734375
1 0.19296875 0.50234375 0.040625 0.046875
1 0.53046875 0.83046875 0.0359375 0.0453125
1 0.14140625 0.31484375 0.0375 0.0453125
1 0.45625 0.13828125 0.0359375 0.0375
1 0.8140625 0.06328125 0.0375 0.04375
1 0.09296875 0.58515625 0.04375 0.053125
1 0.85390625 0.015625 0.0375 0.03125
1 0.04609375 0.11875 0.0453125 0.05625
1 0.20546875 0.65546875 0.0375 0.04375
0 0.1171875 0.7 0.0734375 0.0671875
1 0.8078125 0.98125 0.0359375 0.0375
1 0.50390625 0.2859375 0.040625 0.046875
1 0.56875 0.86328125 0.0390625 0.0453125
1 0.41015625 0.5765625 0.0390625 0.046875
0 0.45 0.51875 0.0578125 0.0796875
1 0.315625 0.96953125 0.0359375 0.0421875
1 0.84375 0.31640625 0.034375 0.040625
1 0.6328125 0.13984375 0.040625 0.0453125
1 0.8421875 0.521875 0.0390625 0.04375
1 0.14453125 0.39609375 0.034375 0.040625
1 0.3453125 0.171875 0.0390625 0.0375
0 0.8921875 0.58984375 0.078125 0.08125
1 0.2265625 0.6 0.034375 0.0421875
1 0.60859375 0.26171875 0.0390625 0.0453125
1 0.96015625 0.97734375 0.0421875 0.0453125
1 0.96484375 0.15703125 0.0375 0.040625
1 0.51484375 0.734375 0.0375 0.04375
1 0.3859375 0.1140625 0.0375 0.04375
1 0.121875 0.8984375 0.0390625 0.0453125
1 0.59921875 0.97734375 0.0421875 0.0453125
1 0.0171875 0.45546875 0.034375 0.0453125
1 0.253125 0.3765625 0.0390625 0.046875
1 0.1 0.2296875 0.04375 0.05
1 0.45625 0.77890625 0.0390625 0.0484375
1 0.03515625 0.27421875 0.040625 0.04375
1 0.60859375 0.4328125 0.0359375 0.046875
1 0.98125 0.228125 0.0328125 0.0390625
1 0.06171875 0.853125 0.0390625 0.0421875
1 0.21953125 0.2546875 0.040625 0.0421875
1 0.1828125 0.05390625 0.040625 0.046875
1 0.890625 0.74375 0.0375 0.0390625
1 0.25 0.125 0.040625 0.0453125
1 0.18515625 0.7921875 0.0359375 0.040625
1 0.34921875 0.246875 0.0390625 0.04375
1 0.02734375 0.03515625 0.0375 0.0453125
1 0.66796875 0.43125 0.0359375 0.04375
1 0.30703125 0.2125 0.0390625 0.04375
1 0.94453125 0.03984375 0.0375 0.04375
1 0.03828125 0.5265625 0.046875 0.0546875
1 0.596875 0.33125 0.0359375 0.0390625
1 0.18828125 0.43515625 0.0328125 0.0375
1 0.7515625 0.93125 0.0390625 0.0453125
1 0.5609375 0.69296875 0.0375 0.046875
1 0.4328125 0.30703125 0.040625 0.04375
1 0.0171875 0.89609375 0.034375 0.0484375
1 0.6484375 0.33515625 0.0375 0.04375
1 0.346875 0.909375 0.0390625 0.0421875
1 0.14375 0.603125 0.0375 0.046875
1 0.01484375 0.228125 0.0296875 0.0390625
1 0.1265625 0.77265625 0.040625 0.04375
1 0.7203125 0.87578125 0.0390625 0.04375
0 0.26796875 0.5203125 0.0640625 0.053125
1 0.021875 0.33515625 0.0390625 0.0453125
1 0.32890625 0.3484375 0.0390625 0.04375
0 0.4375 0.87421875 0.096875 0.075
1 0.2734375 0.6125 0.0375 0.04375
1 0.39765625 0.9796875 0.0421875 0.0359375
1 0.11328125 0.96328125 0.040625 0.046875
1 0.75546875 0.0890625 0.0359375 0.04375
1 0.6265625 0.03125 0.040625 0.0453125
1 0.5921875 0.09921875 0.0390625 0.0421875
1 0.83203125 0.6875 0.0359375 0.040625
1 0.24765625 0.7328125 0.0375 0.0421875
1 0.35546875 0.0484375 0.0421875 0.046875
1 0.11015625 0.15234375 0.040625 0.04375
1 0.0421875 0.40546875 0.0390625 0.0421875
1 0.09140625 0.3765625 0.0359375 0.040625
1 0.6703125 0.19609375 0.028125 0.034375
1 0.25 0.88046875 0.0375 0.0390625
1 0.30859375 0.12109375 0.034375 0.0359375
1 0.3796875 0.77578125 0.0390625 0.04375
1 0.44921875 0.43203125 0.034375 0.040625
1 0.4140625 0.19453125 0.046875 0.0515625
1 0.16796875 0.2625 0.034375 0.0375
1 0.709375 0.4515625 0.0328125 0.0375
1 0.815625 0.61796875 0.034375 0.0390625
1 0.8046875 0.20625 0.0390625 0.0484375
1 0.6421875 0.93203125 0.0359375 0.04375
1 0.23671875 0.03125 0.040625 0.0421875
1 0.7140625 0.70390625 0.0375 0.0421875
1 0.90703125 0.06640625 0.0375 0.040625
1 0.46953125 0.0421875 0.0390625 0.0421875
0 0.49921875 0.475 0.0484375 0.0734375
1 0.66640625 0.64453125 0.0328125 0.0359375
1 0.97890625 0.3640625 0.0390625 0.0453125
1 0.1453125 0.4671875 0.0359375 0.040625
1 0.98203125 0.53125 0.0359375 0.0390625
1 0.534375 0.3640625 0.034375 0.040625
0 0.9625 0.7328125 0.046875 0.0734375
1 0.28359375 0.2546875 0.03125 0.0375
1 0.496875 0.103125 0.0328125 0.040625
1 0.934375 0.4421875 0.028125 0.0375
1 0.915625 0.83359375 0.0375 0.040625
0 0.659375 0.834375 0.0484375 0.1
1 0.29921875 0.72265625 0.03125 0.040625
1 0.25078125 0.79453125 0.0375 0.040625
1 0.0546875 0.98828125 0.0328125 0.0234375
1 0.49296875 0.99140625 0.0375 0.0171875
1 0.7171875 0.98671875 0.0359375 0.0265625
1 0.79609375 0.325 0.0296875 0.03125
1 0.52890625 0.01328125 0.0328125 0.0265625
1 0.64921875 0.5515625 0.0265625 0.034375
1 0.790625 0.49453125 0.028125 0.034375
1 0.7546875 0.49375 0.0296875 0.0328125
1 0.559375 0.6046875 0.025 0.03125
1 0.4171875 0.00859375 0.03125 0.0171875
1 0.67890625 0.01328125 0.0296875 0.0265625