0 0.146875 0.62109375 0.0765625 0.059375
1 0.18125 0.2015625 0.0359375 0.0484375
1 0.728125 0.30234375 0.0421875 0.0515625
1 0.30390625 0.9671875 0.0390625 0.0484375
1 0.3046875 0.04296875 0.05 0.0640625
1 0.51875 0.64296875 0.0421875 0.0515625
1 0.88046875 0.6390625 0.040625 0.05625
1 0.86953125 0.53515625 0.0390625 0.05625
1 0.42890625 0.684375 0.040625 0.046875
1 0.8265625 0.6828125 0.040625 0.0515625
0 0.6859375 0.10546875 0.0578125 0.1015625
1 0.2328125 0.46953125 0.040625 0.0546875
1 0.8984375 0.84453125 0.046875 0.059375
1 0.47890625 0.49609375 0.0421875 0.0484375
1 0.50234375 0.2671875 0.040625 0.0515625
1 0.93125 0.09375 0.040625 0.0515625
1 0.615625 0.465625 0.0390625 0.0484375
1 0.3828125 0.5875 0.0390625 0.0515625
1 0.80625 0.303125 0.0359375 0.046875
1 0.22734375 0.96015625 0.0375 0.05
1 0.22421875 0.265625 0.0375 0.053125
1 0.11171875 0.02890625 0.05 0.0578125
1 0.1578125 0.85234375 0.0375 0.0515625
1 0.74140625 0.84375 0.0390625 0.05625
1 0.6859375 0.65390625 0.040625 0.0484375
1 0.4328125 0.98203125 0.0390625 0.0359375
1 0.26953125 0.12265625 0.0453125 0.0625
1 0.53203125 0.1859375 0.040625 0.053125
1 0.46171875 0.74375 0.0390625 0.05
1 0.89453125 0.0265625 0.0390625 0.05
1 0.70703125 0.590625 0.0375 0.046875
1 0.8484375 0.153125 0.040625 0.0515625
1 0.28125 0.275 0.0359375 0.0515625
1 0.75703125 0.22734375 0.034375 0.046875
1 0.82109375 0.50546875 0.040625 0.0484375
0 0.74609375 0.14453125 0.0578125 0.0875
1 0.5515625 0.5328125 0.0359375 0.046875
1 0.22421875 0.578125 0.0390625 0.05
1 0.4171875 0.0671875 0.0375 0.046875
1 0.6453125 0.2515625 0.0359375 0.0484375
1 0.090625 0.7234375 0.0390625 0.0515625
1 0.34921875 0.2890625 0.0375 0.05
1 0.69765625 0.36953125 0.0390625 0.0484375
1 0.56015625 0.28828125 0.0390625 0.0484375
1 0.77734375 0.434375 0.040625 0.0484375
1 0.58203125 0.72421875 0.0453125 0.059375
1 0.6859375 0.528125 0.040625 0.04375
1 0.6765625 0.96953125 0.046875 0.059375
1 0.8109375 0.37734375 0.040625 0.053125
1 0.39375 0.12734375 0.040625 0.05
1 0.34296875 0.72265625 0.0390625 0.0453125
1 0.63828125 0.71875 0.0359375 0.0453125
1 0.40859375 0.44453125 0.040625 0.05
1 0.1515625 0.43515625 0.0359375 0.05
1 0.05859375 0.09921875 0.04375 0.05
1 0.74140625 0.484375 0.0390625 0.046875
1 0.23046875 0.7078125 0.0375 0.04375
1 0.6671875 0.78984375 0.0359375 0.053125
1 0.5828125 0.2171875 0.0390625 0.05
1 0.015625 0.46015625 0.03125 0.0421875
1 0.36953125 0.175 0.040625 0.0484375
0 0.315625 0.575 0.059375 0.096875
1 0.715625 0.9140625 0.0359375 0.053125
1 0.0546875 0.3375 0.034375 0.0453125
1 0.50234375 0.38671875 0.0375 0.046875
1 0.93046875 0.7484375 0.046875 0.05625
1 0.28125 0.87578125 0.0375 0.04375
1 0.88984375 0.7125 0.0375 0.05
1 0.38125 0.896875 0.0359375 0.0484375
0 0.19453125 0.07109375 0.0671875 0.0546875
1 0.9328125 0.9734375 0.0390625 0.053125
1 0.33828125 0.3796875 0.0359375 0.0421875
1 0.54140625 0.5859375 0.0375 0.0390625
1 0.3328125 0.44453125 0.0328125 0.0375
1 0.03984375 0.9859375 0.0359375 0.028125
1 0.64140625 0.334375 0.04375 0.05
1 0.3265625 0.77890625 0.040625 0.04375
1 0.08828125 0.91171875 0.0515625 0.0609375
1 0.928125 0.1578125 0.0375 0.04375
1 0.79296875 0.59375 0.034375 0.040625
1 0.97265625 0.55703125 0.0375 0.0484375
1 0.84921875 0.8109375 0.0515625 0.0546875
1 0.97421875 0.90703125 0.0453125 0.0515625
1 0.78125 0.83125 0.0375 0.04375
1 0.4875 0.0625 0.0390625 0.04375
1 0.534375 0.0359375 0.0375 0.046875
1 0.58359375 0.03125 0.034375 0.040625
0 0.1546875 0.74765625 0.0609375 0.0484375
1 0.0484375 0.68671875 0.0296875 0.040625
1 0.0578125 0.165625 0.04375 0.04375
1 0.26796875 0.3359375 0.0390625 0.0453125
1 0.26953125 0.4171875 0.040625 0.0484375
1 0.71015625 0.73984375 0.0390625 0.046875
1 0.734375 0.69609375 0.0390625 0.04375
1 0.43671875 0.21796875 0.0375 0.0515625
1 0.0390625 0.39375 0.040625 0.0453125
1 0.93203125 0.30546875 0.0375 0.0484375
1 0.89375 0.41640625 0.0453125 0.05
1 0.9515625 0.39765625 0.0453125 0.05
1 0.63203125 0.0140625 0.0359375 0.028125
1 0.7765625 0.0125 0.034375 0.025
1 0.9875 0.02890625 0.025 0.0484375
1 0.9875 0.225 0.025 0.05
1 0.990625 0.290625 0.01875 0.046875
1 0.74453125 0.98515625 0.0375 0.0296875
1 0.01015625 0.75 0.0203125 0.0453125