1 0.04765625 0.5125 0.0375 0.0484375
1 0.43046875 0.13671875 0.0390625 0.05625
1 0.15703125 0.16484375 0.0453125 0.059375
1 0.07421875 0.8046875 0.0359375 0.0453125
1 0.31328125 0.54765625 0.034375 0.0390625
1 0.61484375 0.51875 0.0328125 0.040625
1 0.5953125 0.2765625 0.0390625 0.05
1 0.08515625 0.69375 0.0390625 0.0421875
1 0.37578125 0.28515625 0.0390625 0.0515625
1 0.65078125 0.3765625 0.0359375 0.0484375
1 0.05 0.971875 0.0390625 0.0484375
1 0.26015625 0.08359375 0.0359375 0.04375
1 0.2265625 0.225 0.0359375 0.0453125
1 0.18203125 0.01328125 0.040625 0.0265625
1 0.8921875 0.4390625 0.034375 0.0421875
1 0.07890625 0.184375 0.0390625 0.040625
1 0.14609375 0.375 0.0390625 0.0453125
1 0.04765625 0.640625 0.0390625 0.0453125
1 0.93125 0.84375 0.03125 0.0359375
1 0.4046875 0.5703125 0.0390625 0.0484375
1 0.04375 0.3109375 0.0390625 0.0515625
1 0.81328125 0.334375 0.034375 0.0453125
1 0.5140625 0.6625 0.03125 0.040625
1 0.121875 0.56796875 0.0375 0.046875
1 0.4734375 0.35234375 0.0359375 0.0390625
1 0.48515625 0.9171875 0.034375 0.0421875
1 0.759375 0.4734375 0.03125 0.0390625
1 0.1953125 0.47109375 0.0359375 0.0453125
1 0.89765625 0.775 0.0359375 0.0421875
1 0.325 0.64140625 0.03125 0.0375
1 0.54140625 0.8953125 0.0375 0.04375
1 0.53984375 0.7421875 0.03125 0.0421875
1 0.9 0.11796875 0.0296875 0.034375
1 0.38828125 0.65234375 0.0375 0.04375
1 0.18671875 0.91015625 0.0390625 0.046875
1 0.6703125 0.78125 0.0328125 0.04375
1 0.87734375 0.3328125 0.028125 0.034375
1 0.984375 0.2484375 0.03125 0.0359375
1 0.803125 0.94765625 0.0375 0.046875
1 0.3484375 0.71640625 0.0390625 0.0421875
1 0.32421875 0.4328125 0.03125 0.0390625
1 0.7609375 0.821875 0.028125 0.040625
1 0.6328125 0.06796875 0.0296875 0.0359375
1 0.61953125 0.58671875 0.028125 0.034375
1 0.24140625 0.55703125 0.0328125 0.0390625
1 0.603125 0.8953125 0.0328125 0.0375
1 0.946875 0.715625 0.034375 0.04375
1 0.76875 0.2046875 0.0390625 0.0546875
1 0.46484375 0.8203125 0.034375 0.0421875
1 0.321875 0.17109375 0.0484375 0.046875
1 0.115625 0.88984375 0.0359375 0.040625
1 0.65859375 0.240625 0.0328125 0.0390625
1 0.5484375 0.14921875 0.0359375 0.040625
1 0.43125 0.69140625 0.03125 0.0375
1 0.3828125 0.80234375 0.0390625 0.04375
1 0.13984375 0.47109375 0.0390625 0.0484375
1 0.01796875 0.9046875 0.0359375 0.046875
1 0.38125 0.89140625 0.05 0.0578125
1 0.5078125 0.978125 0.034375 0.04375
1 0.7171875 0.7734375 0.0359375 0.04375
1 0.7015625 0.88046875 0.0359375 0.0453125
1 0.76328125 0.29140625 0.03125 0.0375
1 0.8 0.09296875 0.0421875 0.053125
1 0.5421875 0.2234375 0.040625 0.0484375
1 0.1484375 0.0703125 0.0453125 0.04375
1 0.85 0.04453125 0.040625 0.03125
1 0.04375 0.02734375 0.034375 0.0421875
1 0.9359375 0.96015625 0.0296875 0.0421875
1 0.9796875 0.87734375 0.0234375 0.040625
1 0.5734375 0.81953125 0.028125 0.034375
1 0.13359375 0.73359375 0.03125 0.034375
1 0.53 0.066671875 0.03929687499999997 0.048140625000000006
1 0.50484375 0.09268749999999999 0.041312500000000085 0.04140624999999999
1 0.698421875 0.0438125 0.03156250000000007 0.034453124999999994
1 0.7219218749999999 0.07748437500000001 0.03657812499999995 0.0429375
1 0.20220312499999998 0.3094375 0.047921875000000023 0.04417187499999997
1 0.303109375 0.295703125 0.037375000000000026 0.038437500000000034
1 0.23170312499999998 0.340734375 0.045265624999999955 0.035531250000000014
1 0.32565625 0.32971875 0.03957812499999998 0.042874999999999996
1 0.376265625 0.4194375 0.038578125 0.039562500000000035
1 0.40737500000000004 0.400265625 0.03878125000000003 0.04468750000000003
1 0.48184375 0.421 0.03778124999999992 0.037437500000000054
1 0.4615625 0.44771875000000005 0.03607812500000005 0.04137500000000003
1 0.19084375000000003 0.745984375 0.035859375000000006 0.043953124999999996
1 0.67703125 0.60675 0.03315625000000004 0.035890625000000044
1 0.896484375 0.21579687500000003 0.04121875000000017 0.04024999999999999
1 0.96446875 0.09878125 0.04171875000000007 0.04900000000000001
1 0.9696093749999999 0.0571875 0.04164062500000014 0.042828124999999995
1 0.9385937500000001 0.36520312499999996 0.036859374999999875 0.040031250000000004
1 0.98553125 0.692265625 0.02893749999999997 0.04181249999999999