0 0.97578125 0.2578125 0.0484375 0.05625
0 0.03125 0.93125 0.0625 0.090625
0 0.76171875 0.04765625 0.071875 0.059375
1 0.61796875 0.68125 0.0390625 0.0484375
1 0.49375 0.49296875 0.040625 0.0453125
0 0.21640625 0.575 0.0734375 0.0578125
1 0.640625 0.59296875 0.040625 0.05
1 0.1734375 0.915625 0.0453125 0.0609375
1 0.69296875 0.37109375 0.0421875 0.0515625
0 0.4359375 0.70078125 0.065625 0.08125
1 0.47578125 0.3375 0.040625 0.046875
1 0.96953125 0.84921875 0.0421875 0.053125
0 0.94921875 0.378125 0.0640625 0.06875
1 0.55078125 0.48984375 0.0390625 0.0453125
1 0.05703125 0.77109375 0.040625 0.0421875
1 0.6171875 0.37578125 0.0421875 0.046875
0 0.31328125 0.5546875 0.0765625 0.059375
1 0.75625 0.7125 0.0390625 0.04375
1 0.91015625 0.61171875 0.0453125 0.0515625
1 0.8390625 0.91640625 0.0421875 0.0546875
1 0.3953125 0.60625 0.0390625 0.05
1 0.8578125 0.2203125 0.040625 0.05
1 0.784375 0.571875 0.04375 0.0546875
1 0.52265625 0.26640625 0.0390625 0.046875
1 0.19609375 0.0578125 0.040625 0.05
1 0.43828125 0.19375 0.0390625 0.0453125
1 0.43125 0.38359375 0.040625 0.046875
1 0.59453125 0.8625 0.0390625 0.05
1 0.309375 0.2953125 0.0375 0.046875
1 0.60703125 0.51328125 0.046875 0.05625
1 0.8734375 0.475 0.0453125 0.0515625
1 0.05546875 0.66015625 0.040625 0.046875
1 0.33671875 0.4578125 0.0390625 0.0453125
1 0.971875 0.01953125 0.040625 0.0390625
1 0.50546875 0.55859375 0.0421875 0.05
1 0.06015625 0.3359375 0.0390625 0.0453125
1 0.0171875 0.59375 0.034375 0.046875
1 0.23359375 0.18125 0.04375 0.05
1 0.20078125 0.740625 0.040625 0.046875
1 0.63046875 0.309375 0.04375 0.046875
1 0.10625 0.27265625 0.0375 0.046875
1 0.6953125 0.64140625 0.040625 0.0515625
1 0.81953125 0.0265625 0.0421875 0.0484375
1 0.0953125 0.71640625 0.040625 0.0453125
1 0.9 0.13671875 0.0390625 0.0484375
1 0.11640625 0.10078125 0.0390625 0.05
1 0.96796875 0.65 0.04375 0.0515625
1 0.93984375 0.51953125 0.0390625 0.0453125
1 0.46171875 0.25234375 0.0375 0.05
1 0.02265625 0.29765625 0.0421875 0.046875
1 0.546875 0.7015625 0.0453125 0.0640625
1 0.21328125 0.653125 0.040625 0.04375
1 0.48984375 0.95703125 0.0375 0.05
1 0.66484375 0.1796875 0.0421875 0.0515625
1 0.9515625 0.0984375 0.040625 0.04375
1 0.13515625 0.6 0.040625 0.0453125
1 0.04609375 0.55703125 0.040625 0.0484375
1 0.784375 0.3859375 0.0421875 0.0515625
1 0.70078125 0.840625 0.0375 0.04375
1 0.6328125 0.08359375 0.0421875 0.0515625
1 0.7078125 0.9296875 0.0390625 0.04375
1 0.50703125 0.74921875 0.0375 0.046875
1 0.38671875 0.17265625 0.040625 0.053125
1 0.38046875 0.42578125 0.0390625 0.04375
1 0.45859375 0.834375 0.0390625 0.046875
1 0.75859375 0.1734375 0.040625 0.05
1 0.6515625 0.80703125 0.0421875 0.0515625
1 0.48359375 0.42109375 0.0421875 0.046875
1 0.515625 0.88359375 0.0421875 0.0515625
1 0.31640625 0.80703125 0.0375 0.05
1 0.23359375 0.353125 0.0390625 0.040625
1 0.79921875 0.11875 0.04375 0.04375
1 0.14765625 0.0421875 0.0359375 0.0390625
1 0.259375 0.2953125 0.0390625 0.0453125
1 0.83125 0.428125 0.04375 0.0484375
0 0.41875 0.92734375 0.0546875 0.0921875
1 0.26328125 0.97265625 0.0390625 0.05
1 0.9171875 0.79921875 0.04375 0.0546875
1 0.140625 0.528125 0.0390625 0.04375
1 0.36640625 0.0546875 0.0390625 0.04375
0 0.290625 0.67734375 0.046875 0.103125
0 0.57734375 0.6203125 0.0609375 0.0609375
1 0.38984375 0.0984375 0.0390625 0.04375
1 0.509375 0.19921875 0.0421875 0.05
0 0.8453125 0.07578125 0.0625 0.046875
1 0.12265625 0.85078125 0.0421875 0.0453125
1 0.14765625 0.68828125 0.040625 0.040625
0 0.95 0.96953125 0.05625 0.0609375
0 0.74296875 0.78984375 0.0609375 0.065625
1 0.34453125 0.378125 0.0390625 0.0484375
1 0.34921875 0.6515625 0.0390625 0.04375
1 0.93125 0.21171875 0.0375 0.04375
1 0.3875 0.4921875 0.0390625 0.0421875
1 0.88046875 0.96171875 0.0359375 0.0421875
1 0.18125 0.253125 0.0359375 0.0421875
1 0.91875 0.025 0.04375 0.05
1 0.08046875 0.83203125 0.04375 0.05
1 0.60859375 0.44609375 0.0375 0.04375
0 0.25703125 0.4671875 0.0640625 0.0703125
1 0.53203125 0.35703125 0.040625 0.04375
1 0.728125 0.55625 0.04375 0.05
1 0.5359375 0.8125 0.03125 0.040625
1 0.0484375 0.23515625 0.0375 0.0484375
1 0.35078125 0.85859375 0.0390625 0.05
1 0.2015625 0.3734375 0.0390625 0.0390625
0 0.978125 0.478125 0.0421875 0.071875
1 0.6484375 0.23671875 0.034375 0.0453125
1 0.47578125 0.140625 0.0390625 0.046875
1 0.47890625 0.0859375 0.0359375 0.0421875
1 0.525 0.096875 0.0390625 0.046875
1 0.56796875 0.17265625 0.0359375 0.0453125
1 0.24375 0.2421875 0.0390625 0.053125
1 0.2828125 0.346875 0.0375 0.0453125
1 0.68515625 0.715625 0.040625 0.0515625
1 0.6890625 0.04453125 0.0390625 0.0453125
1 0.73359375 0.22890625 0.0375 0.04375
1 0.2375 0.12265625 0.0375 0.0484375
1 0.24765625 0.053125 0.0375 0.0484375
1 0.03125 0.01484375 0.0375 0.0296875
1 0.44921875 0.0140625 0.034375 0.028125
1 0.66328125 0.0125 0.0375 0.025
1 0.309375 0.9875 0.034375 0.025
1 0.0125 0.7109375 0.025 0.0546875
1 0.0078125 0.4203125 0.015625 0.0484375