0 0.68984375 0.6015625 0.078125 0.0640625
0 0.5109375 0.63515625 0.0484375 0.09375
0 0.6703125 0.97734375 0.075 0.0453125
1 0.81171875 0.9671875 0.0390625 0.046875
1 0.81640625 0.1296875 0.0375 0.04375
1 0.38359375 0.2390625 0.040625 0.0484375
1 0.46953125 0.1578125 0.040625 0.040625
1 0.490625 0.33203125 0.0390625 0.0484375
1 0.7703125 0.4546875 0.034375 0.0390625
1 0.6375 0.90703125 0.0390625 0.04375
1 0.8015625 0.21015625 0.0359375 0.040625
1 0.49375 0.475 0.0375 0.0421875
0 0.10703125 0.3515625 0.05625 0.08125
1 0.303125 0.39921875 0.0359375 0.046875
1 0.7140625 0.21875 0.0359375 0.0390625
1 0.28828125 0.2171875 0.040625 0.0453125
1 0.696875 0.8015625 0.040625 0.0453125
1 0.0625 0.97265625 0.0328125 0.040625
1 0.68359375 0.340625 0.0390625 0.0453125
1 0.47265625 0.765625 0.0359375 0.0484375
1 0.54375 0.225 0.0359375 0.040625
1 0.06953125 0.7625 0.0390625 0.046875
1 0.91875 0.034375 0.0390625 0.05
1 0.78828125 0.6796875 0.0390625 0.0453125
1 0.54296875 0.39375 0.0328125 0.0390625
1 0.22578125 0.6671875 0.0359375 0.0421875
1 0.6734375 0.2671875 0.0390625 0.046875
1 0.209375 0.26640625 0.0390625 0.0484375
1 0.6875 0.53125 0.0359375 0.0453125
1 0.8171875 0.7765625 0.0390625 0.0453125
0 0.215625 0.20546875 0.0734375 0.0484375
1 0.61484375 0.3265625 0.040625 0.0421875
1 0.6890625 0.0859375 0.0390625 0.046875
0 0.1734375 0.43203125 0.05625 0.05
1 0.30234375 0.096875 0.0453125 0.0453125
1 0.759375 0.77578125 0.0390625 0.04375
1 0.8515625 0.84140625 0.0390625 0.0453125
1 0.13203125 0.05078125 0.040625 0.0484375
1 0.55390625 0.90703125 0.0359375 0.0453125
1 0.39140625 0.62109375 0.034375 0.0421875
1 0.05859375 0.03671875 0.0375 0.04375
1 0.403125 0.33125 0.0390625 0.04375
1 0.69921875 0.42578125 0.0390625 0.046875
1 0.62109375 0.25546875 0.040625 0.0453125
1 0.03125 0.91328125 0.034375 0.0421875
1 0.55546875 0.55234375 0.0421875 0.0515625
1 0.5875 0.74609375 0.0390625 0.0484375
1 0.3046875 0.315625 0.034375 0.0390625
1 0.33984375 0.7125 0.0328125 0.0421875
1 0.278125 0.59765625 0.0375 0.0421875
1 0.11796875 0.93828125 0.0375 0.04375
0 0.92890625 0.40078125 0.0546875 0.071875
1 0.01796875 0.4703125 0.0328125 0.0421875
1 0.20390625 0.734375 0.0328125 0.0484375
1 0.75234375 0.5390625 0.0359375 0.0421875
1 0.61171875 0.10390625 0.0375 0.0375
1 0.98125 0.603125 0.0375 0.05
1 0.7203125 0.89375 0.0390625 0.0453125
1 0.49609375 0.88828125 0.0328125 0.040625
1 0.95390625 0.77578125 0.0421875 0.046875
1 0.3203125 0.9265625 0.040625 0.046875
1 0.6515625 0.14375 0.0359375 0.0359375
1 0.46328125 0.55546875 0.034375 0.0390625
1 0.159375 0.803125 0.0328125 0.0390625
1 0.59609375 0.39921875 0.034375 0.0359375
1 0.21796875 0.06328125 0.0375 0.0390625
1 0.2828125 0.72734375 0.0359375 0.046875
1 0.8421875 0.05546875 0.0359375 0.0390625
1 0.784375 0.04765625 0.0375 0.0390625
1 0.1484375 0.253125 0.03125 0.0359375
0 0.45 0.68125 0.053125 0.0828125
1 0.84609375 0.71015625 0.0375 0.046875
1 0.8140625 0.89609375 0.0421875 0.0484375
1 0.8640625 0.47890625 0.0359375 0.04375
1 0.93984375 0.56640625 0.0328125 0.040625
1 0.0203125 0.81796875 0.034375 0.040625
1 0.225 0.82421875 0.0390625 0.0421875
1 0.39765625 0.7515625 0.0421875 0.0546875
1 0.265625 0.0359375 0.0390625 0.0421875
1 0.21796875 0.1421875 0.0390625 0.040625
1 0.67109375 0.7046875 0.0390625 0.0421875
1 0.8515625 0.1921875 0.0453125 0.0515625
1 0.11484375 0.77890625 0.0328125 0.040625
1 0.709375 0.021875 0.0375 0.04375
1 0.1953125 0.34375 0.0328125 0.0375
1 0.40703125 0.96796875 0.0390625 0.0484375
1 0.31328125 0.01953125 0.0375 0.0390625
0 0.125 0.50234375 0.040625 0.065625
1 0.54296875 0.8390625 0.0375 0.0421875
1 0.41171875 0.05 0.0453125 0.0484375
1 0.07734375 0.85703125 0.0375 0.0484375
1 0.18359375 0.91328125 0.0359375 0.04375
1 0.28828125 0.871875 0.0421875 0.0453125
0 0.8859375 0.57578125 0.046875 0.0484375
1 0.79453125 0.2859375 0.034375 0.0453125
1 0.74609375 0.1203125 0.0359375 0.046875
1 0.51640625 0.03515625 0.03125 0.040625
1 0.36328125 0.06015625 0.0359375 0.040625
1 0.41328125 0.175 0.034375 0.0359375
1 0.08671875 0.13984375 0.04375 0.0484375
1 0.07578125 0.275 0.0359375 0.0390625
1 0.8640625 0.40859375 0.0328125 0.0453125
1 0.63828125 0.484375 0.0328125 0.0359375
1 0.0109375 0.1875 0.021875 0.0515625
1 0.57578125 0.9890625 0.0296875 0.021875
1 0.0078125 0.53515625 0.015625 0.040625