1 0.85546875 0.86328125 0.053125 0.0703125
0 0.48671875 0.39453125 0.0609375 0.053125
1 0.81875 0.78203125 0.0390625 0.046875
1 0.7734375 0.296875 0.0421875 0.05
0 0.728125 0.8703125 0.0625 0.1171875
1 0.24921875 0.06484375 0.034375 0.04375
0 0.7375 0.246875 0.04375 0.078125
1 0.46875 0.19921875 0.040625 0.05
1 0.81640625 0.43515625 0.0390625 0.0453125
1 0.9421875 0.69140625 0.040625 0.0515625
1 0.978125 0.45703125 0.04375 0.05
1 0.79765625 0.16484375 0.0328125 0.04375
1 0.86171875 0.7015625 0.0375 0.0453125
0 0.30859375 0.56328125 0.0671875 0.0578125
1 0.3796875 0.21484375 0.040625 0.046875
1 0.47578125 0.5609375 0.0390625 0.05
0 0.42265625 0.82578125 0.0609375 0.04375
1 0.0640625 0.4921875 0.0375 0.04375
1 0.3515625 0.059375 0.0390625 0.05
1 0.15703125 0.90234375 0.0375 0.0484375
1 0.79765625 0.36171875 0.040625 0.0453125
1 0.49453125 0.478125 0.040625 0.0484375
1 0.83671875 0.21796875 0.0390625 0.0421875
1 0.3796875 0.71953125 0.0359375 0.040625
1 0.7296875 0.46953125 0.0390625 0.0453125
0 0.590625 0.4609375 0.0625 0.078125
1 0.196875 0.63203125 0.0328125 0.0390625
1 0.13828125 0.69375 0.034375 0.040625
0 0.6578125 0.53046875 0.059375 0.075
1 0.41015625 0.28828125 0.0359375 0.040625
1 0.8875 0.32421875 0.0390625 0.0453125
0 0.6984375 0.72109375 0.0515625 0.103125
1 0.8625 0.42421875 0.0359375 0.040625
1 0.13359375 0.6125 0.040625 0.0515625
1 0.96328125 0.06328125 0.0390625 0.046875
1 0.353125 0.403125 0.040625 0.05
1 0.5765625 0.55703125 0.0390625 0.04375
1 0.8078125 0.06484375 0.0390625 0.0484375
1 0.2703125 0.721875 0.034375 0.0390625
0 0.2109375 0.32734375 0.0625 0.05625
1 0.52109375 0.61640625 0.0359375 0.0421875
0 0.13359375 0.48828125 0.0484375 0.0546875
1 0.5515625 0.7453125 0.04375 0.053125
0 0.79375 0.7 0.0625 0.05
1 0.8640625 0.78671875 0.034375 0.0421875
1 0.621875 0.70234375 0.04375 0.0515625
0 0.33671875 0.6578125 0.0546875 0.078125
1 0.146875 0.271875 0.0375 0.053125
0 0.175 0.415625 0.0546875 0.0859375
1 0.93203125 0.58984375 0.0390625 0.05
1 0.31953125 0.10625 0.0390625 0.046875
1 0.72578125 0.046875 0.0421875 0.0484375
0 0.51875 0.1296875 0.0390625 0.0875
0 0.6671875 0.61953125 0.059375 0.065625
1 0.66328125 0.921875 0.0390625 0.0484375
1 0.29453125 0.37421875 0.0359375 0.0390625
0 0.46171875 0.91640625 0.046875 0.0703125
1 0.4953125 0.98046875 0.040625 0.0390625
1 0.2921875 0.85234375 0.034375 0.0375
0 0.27265625 0.47890625 0.0515625 0.0703125
1 0.98515625 0.60703125 0.0296875 0.0484375
1 0.57265625 0.68125 0.0375 0.0453125
1 0.796875 0.51328125 0.040625 0.046875
1 0.59453125 0.26171875 0.03125 0.040625
1 0.91640625 0.4515625 0.0359375 0.040625
0 0.2828125 0.62265625 0.0453125 0.071875
1 0.40859375 0.38515625 0.0375 0.04375
1 0.57109375 0.95625 0.0390625 0.0484375
1 0.3921875 0.59375 0.0359375 0.040625
1 0.9390625 0.1703125 0.040625 0.046875
1 0.94609375 0.853125 0.0390625 0.0453125
1 0.1390625 0.0203125 0.0328125 0.0390625
1 0.26875 0.2796875 0.034375 0.0421875
1 0.5078125 0.85390625 0.0375 0.0453125
0 0.69453125 0.32578125 0.0390625 0.0671875
0 0.51484375 0.23671875 0.040625 0.075
0 0.54296875 0.325 0.0453125 0.0609375
1 0.2171875 0.83203125 0.040625 0.04375
0 0.0796875 0.75234375 0.0390625 0.0734375
1 0.12109375 0.41796875 0.034375 0.0375
0 0.6453125 0.08203125 0.04375 0.0765625
1 0.18515625 0.97890625 0.034375 0.040625
1 0.3046875 0.16875 0.0375 0.040625
1 0.40390625 0.64921875 0.0375 0.0390625
0 0.271875 0.79921875 0.04375 0.046875
0 0.3625 0.9375 0.0484375 0.071875
1 0.98046875 0.2671875 0.034375 0.040625
1 0.07421875 0.14765625 0.0453125 0.05
1 0.40625 0.89453125 0.03125 0.0359375
1 0.1671875 0.10390625 0.0375 0.0421875
1 0.11796875 0.81015625 0.034375 0.0390625
1 0.43671875 0.7578125 0.0390625 0.04375
1 0.61015625 0.8453125 0.0375 0.046875
0 0.03125 0.203125 0.0421875 0.0734375
1 0.2390625 0.88984375 0.034375 0.040625
1 0.65546875 0.43828125 0.0296875 0.0359375
1 0.3484375 0.32421875 0.046875 0.053125
1 0.84609375 0.1171875 0.0375 0.0390625
1 0.75625 0.0796875 0.0390625 0.0453125
1 0.1859375 0.5484375 0.0390625 0.04375
1 0.91015625 0.77578125 0.034375 0.040625
1 0.20625 0.1765625 0.0390625 0.0453125
1 0.09921875 0.03125 0.0375 0.0484375
1 0.2375 0.9546875 0.034375 0.0375
1 0.65703125 0.37109375 0.0328125 0.0390625
1 0.3015625 0.9828125 0.03125 0.034375
1 0.88515625 0.52578125 0.0359375 0.0390625
0 0.4703125 0.3203125 0.0546875 0.0609375
1 0.0484375 0.825 0.034375 0.0390625
1 0.690625 0.08203125 0.0328125 0.0421875
1 0.9 0.10703125 0.0390625 0.05
1 0.61640625 0.21796875 0.03125 0.0375
1 0.6578125 0.2234375 0.028125 0.0375
0 0.6859375 0.23984375 0.0359375 0.0578125
1 0.4046875 0.10234375 0.0375 0.046875
1 0.2109375 0.69609375 0.0265625 0.034375
1 0.24296875 0.68984375 0.0265625 0.03125
1 0.3640625 0.82890625 0.03125 0.0375
1 0.4859375 0.71953125 0.034375 0.0390625
1 0.70703125 0.58125 0.0296875 0.0390625
0 0.7421875 0.34765625 0.034375 0.0671875
1 0.009375 0.54765625 0.01875 0.0359375
1 0.0109375 0.3 0.021875 0.0390625
1 0.00859375 0.46640625 0.0171875 0.04375
1 0.421875 0.98515625 0.0375 0.0296875
1 0.75703125 0.596875 0.0375 0.0375
1 0.82265625 0.54609375 0.0359375 0.040625
1 0.55703125 0.0125 0.034375 0.025
1 0.334375 0.01328125 0.034375 0.0265625