1 0.10390625 0.865625 0.0375 0.046875
1 0.85078125 0.8875 0.0421875 0.05
0 0.3515625 0.29609375 0.075 0.0578125
0 0.42578125 0.1828125 0.0671875 0.0765625
1 0.8875 0.4765625 0.0390625 0.04375
0 0.2234375 0.33515625 0.06875 0.071875
1 0.971875 0.10234375 0.0421875 0.05
1 0.0953125 0.240625 0.0390625 0.046875
0 0.48671875 0.2625 0.0671875 0.0890625
0 0.353125 0.946875 0.0515625 0.1015625
1 0.809375 0.02578125 0.040625 0.05
1 0.55078125 0.05625 0.040625 0.05
1 0.03046875 0.5390625 0.0375 0.0453125
0 0.6 0.7703125 0.0421875 0.0875
1 0.146875 0.290625 0.0390625 0.0515625
1 0.6984375 0.7234375 0.0421875 0.0484375
0 0.47734375 0.5203125 0.0546875 0.0921875
1 0.42109375 0.77109375 0.0390625 0.046875
1 0.55390625 0.5875 0.0390625 0.0453125
1 0.6015625 0.315625 0.0359375 0.0453125
1 0.4359375 0.953125 0.040625 0.05
1 0.021875 0.13671875 0.040625 0.053125
1 0.25 0.759375 0.0390625 0.0515625
1 0.55078125 0.328125 0.0390625 0.046875
1 0.12421875 0.9375 0.0359375 0.0484375
1 0.0234375 0.615625 0.0390625 0.0484375
1 0.53984375 0.48203125 0.0375 0.05
1 0.1609375 0.46875 0.0375 0.046875
1 0.86484375 0.76640625 0.040625 0.046875
1 0.83984375 0.2265625 0.0390625 0.053125
1 0.3703125 0.5203125 0.0390625 0.046875
1 0.08828125 0.36484375 0.04375 0.05625
1 0.66328125 0.9171875 0.040625 0.0515625
1 0.234375 0.86796875 0.0390625 0.0515625
1 0.28046875 0.4046875 0.040625 0.046875
0 0.509375 0.61328125 0.0453125 0.078125
1 0.65703125 0.778125 0.0375 0.046875
1 0.75625 0.1671875 0.040625 0.0484375
1 0.23203125 0.5703125 0.0359375 0.0390625
1 0.8921875 0.69140625 0.0390625 0.04375
1 0.18671875 0.771875 0.0421875 0.0578125
1 0.73125 0.546875 0.0390625 0.046875
1 0.75234375 0.778125 0.040625 0.0484375
1 0.7203125 0.91328125 0.0390625 0.0515625
1 0.55234375 0.134375 0.046875 0.05625
1 0.3171875 0.5515625 0.040625 0.046875
1 0.284375 0.2703125 0.0390625 0.0484375
1 0.07265625 0.67265625 0.0375 0.04375
1 0.453125 0.103125 0.040625 0.0421875
1 0.41796875 0.33515625 0.0375 0.05
1 0.61953125 0.396875 0.0359375 0.0453125
1 0.17109375 0.58359375 0.0375 0.04375
1 0.74453125 0.30546875 0.0390625 0.0484375
1 0.5921875 0.6765625 0.0390625 0.046875
1 0.9015625 0.03203125 0.0390625 0.05
1 0.7109375 0.07109375 0.0421875 0.05
1 0.7109375 0.2546875 0.0390625 0.0484375
1 0.9359375 0.5859375 0.040625 0.0515625
1 0.903125 0.409375 0.040625 0.0453125
1 0.7890625 0.4078125 0.0375 0.0453125
1 0.259375 0.09609375 0.040625 0.0515625
1 0.59765625 0.2359375 0.0359375 0.04375
1 0.81640625 0.50546875 0.034375 0.0390625
1 0.3609375 0.60234375 0.0390625 0.05
1 0.33046875 0.07421875 0.0390625 0.0515625
1 0.67578125 0.159375 0.0359375 0.040625
1 0.92265625 0.5328125 0.0375 0.04375
1 0.74921875 0.471875 0.034375 0.0375
1 0.29375 0.4734375 0.0421875 0.0453125
1 0.0390625 0.2109375 0.0359375 0.0421875
1 0.9859375 0.76875 0.028125 0.0515625
1 0.80859375 0.6703125 0.0375 0.046875
1 0.503125 0.840625 0.040625 0.04375
1 0.4234375 0.7046875 0.0359375 0.04375
1 0.03359375 0.76484375 0.034375 0.040625
1 0.49140625 0.11953125 0.0390625 0.0453125
1 0.215625 0.13671875 0.040625 0.0515625
1 0.85859375 0.546875 0.0328125 0.040625
1 0.03515625 0.39453125 0.0359375 0.04375
1 0.41640625 0.05859375 0.0421875 0.05
1 0.08984375 0.53359375 0.0359375 0.0390625
0 0.3484375 0.36796875 0.0625 0.0625
1 0.6140625 0.57265625 0.034375 0.040625
1 0.640625 0.11328125 0.034375 0.040625
1 0.59609375 0.175 0.0375 0.046875
1 0.67265625 0.40546875 0.03125 0.0359375
1 0.37109375 0.025 0.0421875 0.05
1 0.38359375 0.44140625 0.0375 0.046875
1 0.55234375 0.8046875 0.040625 0.04375
0 0.678125 0.62734375 0.0671875 0.053125
1 0.98515625 0.40234375 0.0296875 0.0515625
0 0.9828125 0.62890625 0.034375 0.0984375
1 0.56796875 0.98125 0.0421875 0.0375
1 0.12734375 0.16875 0.0359375 0.0453125
1 0.4625 0.8953125 0.0375 0.0453125
1 0.03671875 0.86875 0.0390625 0.053125
1 0.83046875 0.73125 0.0375 0.04375
1 0.28125 0.6609375 0.0390625 0.04375
1 0.65546875 0.23984375 0.034375 0.0375
1 0.1 0.771875 0.03125 0.0390625
1 0.19140625 0.41796875 0.034375 0.040625
0 0.603125 0.91953125 0.046875 0.0671875
1 0.51484375 0.94140625 0.034375 0.0421875
1 0.14140625 0.64375 0.034375 0.0421875
1 0.51875 0.39453125 0.0359375 0.04375
1 0.89765625 0.93203125 0.0359375 0.04375
1 0.92734375 0.81875 0.028125 0.0359375
1 0.671875 0.30078125 0.0296875 0.034375
1 0.97265625 0.92578125 0.0375 0.040625
1 0.99140625 0.346875 0.015625 0.0421875
1 0.9953125 0.871875 0.009375 0.040625
1 0.634375 0.98828125 0.0359375 0.0234375
1 0.93359375 0.99375 0.028125 0.0125
1 0.50546875 0.98515625 0.0328125 0.0296875
1 0.0671875 0.29921875 0.0296875 0.0421875