0 0.875 0.5546875 0.0640625 0.065625
1 0.68046875 0.2671875 0.0359375 0.04375
0 0.59453125 0.6890625 0.059375 0.09375
0 0.0609375 0.05078125 0.0484375 0.0625
0 0.13671875 0.63203125 0.0609375 0.0671875
1 0.1578125 0.31328125 0.0375 0.0453125
0 0.4765625 0.40390625 0.05625 0.075
1 0.225 0.34609375 0.04375 0.0546875
1 0.0453125 0.8859375 0.04375 0.0578125
1 0.45 0.11953125 0.0375 0.0453125
1 0.61484375 0.971875 0.0390625 0.046875
1 0.4921875 0.28828125 0.0375 0.046875
0 0.32421875 0.45625 0.0703125 0.0578125
1 0.9546875 0.34609375 0.0390625 0.046875
1 0.71796875 0.51328125 0.0375 0.0484375
1 0.5828125 0.2296875 0.04375 0.05625
0 0.653125 0.43828125 0.0578125 0.1015625
1 0.746875 0.278125 0.0390625 0.046875
1 0.6890625 0.02578125 0.046875 0.0515625
1 0.6890625 0.7765625 0.04375 0.05625
1 0.77890625 0.57890625 0.0359375 0.0453125
1 0.9015625 0.10546875 0.0359375 0.046875
1 0.16953125 0.4109375 0.0390625 0.046875
1 0.55546875 0.95078125 0.0390625 0.0421875
1 0.96796875 0.77109375 0.040625 0.0484375
1 0.56328125 0.38515625 0.0359375 0.046875
1 0.4296875 0.7625 0.0390625 0.04375
1 0.9046875 0.7203125 0.0390625 0.04375
1 0.72734375 0.1046875 0.040625 0.046875
1 0.8125 0.37890625 0.0390625 0.0484375
1 0.7953125 0.86796875 0.0390625 0.0453125
1 0.94296875 0.56015625 0.0375 0.04375
1 0.4921875 0.7046875 0.0375 0.05
1 0.70703125 0.86796875 0.0359375 0.04375
1 0.3109375 0.359375 0.0359375 0.0421875
1 0.05703125 0.66171875 0.0375 0.0453125
1 0.86953125 0.634375 0.0390625 0.046875
0 0.540625 0.4765625 0.065625 0.0875
1 0.79140625 0.73046875 0.0375 0.046875
1 0.39609375 0.42578125 0.0390625 0.05
1 0.48125 0.05546875 0.0390625 0.040625
1 0.746875 0.68515625 0.0390625 0.0453125
1 0.909375 0.8203125 0.034375 0.040625
1 0.50546875 0.14453125 0.034375 0.0421875
1 0.3 0.21484375 0.0375 0.0421875
1 0.28125 0.5625 0.0390625 0.046875
1 0.221875 0.840625 0.0421875 0.0515625
1 0.7796875 0.18671875 0.0390625 0.0421875
1 0.42890625 0.23203125 0.0375 0.0453125
1 0.31015625 0.65390625 0.0359375 0.04375
1 0.10859375 0.93125 0.0390625 0.05625
1 0.66015625 0.15234375 0.0359375 0.046875
1 0.23125 0.59375 0.0390625 0.04375
1 0.16875 0.90703125 0.0375 0.0453125
1 0.5640625 0.78984375 0.0390625 0.0421875
1 0.01640625 0.7625 0.0328125 0.04375
1 0.3515625 0.19609375 0.0390625 0.0453125
1 0.3015625 0.0734375 0.0375 0.0421875
1 0.125 0.1578125 0.0375 0.046875
1 0.53515625 0.82265625 0.0375 0.04375
1 0.43125 0.94296875 0.0375 0.0390625
1 0.7890625 0.0515625 0.0375 0.0453125
1 0.840625 0.49375 0.040625 0.04375
1 0.57890625 0.88515625 0.0375 0.0453125
0 0.08828125 0.30390625 0.04375 0.0765625
1 0.12578125 0.07109375 0.0375 0.046875
1 0.1703125 0.2375 0.0390625 0.046875
1 0.353125 0.5984375 0.0359375 0.0453125
1 0.23984375 0.0796875 0.0375 0.0453125
1 0.9546875 0.11328125 0.03125 0.0375
1 0.23671875 0.728125 0.034375 0.046875
0 0.665625 0.5859375 0.059375 0.0546875
1 0.85078125 0.31875 0.0390625 0.040625
1 0.8421875 0.14765625 0.0375 0.040625
1 0.6046875 0.5578125 0.034375 0.0390625
1 0.103125 0.80390625 0.0359375 0.0421875
1 0.9171875 0.29140625 0.0390625 0.040625
1 0.884375 0.040625 0.0359375 0.0421875
1 0.27421875 0.1484375 0.0328125 0.0375
1 0.0265625 0.10546875 0.03125 0.0390625
1 0.41953125 0.64609375 0.0359375 0.0421875
1 0.0875 0.19375 0.034375 0.0390625
1 0.06015625 0.42578125 0.03125 0.0359375
1 0.05703125 0.53671875 0.034375 0.046875
0 0.14140625 0.71953125 0.075 0.0625
1 0.325 0.796875 0.0359375 0.0453125
1 0.41953125 0.8421875 0.0390625 0.0484375
1 0.9140625 0.88984375 0.0375 0.0453125
1 0.80859375 0.23984375 0.0328125 0.04375
1 0.86484375 0.203125 0.040625 0.04375
1 0.45390625 0.1890625 0.034375 0.0375
1 0.25390625 0.0109375 0.0359375 0.021875
1 0.9921875 0.95078125 0.015625 0.0484375
1 0.91015625 0.98515625 0.0375 0.0296875
1 0.80078125 0.98828125 0.034375 0.0234375
1 0.34609375 0.9859375 0.0296875 0.028125
1 0.1890625 0.98671875 0.0390625 0.0265625
1 0.00703125 0.9609375 0.0140625 0.0421875
1 0.01015625 0.54765625 0.0203125 0.046875