0 0.25078125 0.83984375 0.06875 0.0828125
1 0.65 0.52109375 0.0484375 0.0671875
1 0.725 0.16328125 0.040625 0.053125
0 0.11875 0.19609375 0.078125 0.0921875
1 0.26953125 0.98125 0.0375 0.0375
1 0.18203125 0.215625 0.040625 0.0484375
1 0.51875 0.0203125 0.04375 0.040625
1 0.86328125 0.0390625 0.0484375 0.065625
1 0.04609375 0.48125 0.04375 0.0515625
1 0.71171875 0.4375 0.0421875 0.059375
1 0.40546875 0.7296875 0.0390625 0.053125
1 0.5328125 0.378125 0.0390625 0.0515625
1 0.74453125 0.265625 0.04375 0.0484375
1 0.30625 0.51953125 0.040625 0.0609375
1 0.38359375 0.1796875 0.0453125 0.053125
1 0.55625 0.109375 0.05 0.0640625
1 0.92578125 0.4234375 0.046875 0.0625
1 0.08515625 0.7671875 0.04375 0.0515625
1 0.79296875 0.7390625 0.040625 0.05
1 0.82734375 0.890625 0.0390625 0.05
1 0.0265625 0.33515625 0.0390625 0.0484375
1 0.1625 0.034375 0.040625 0.0515625
1 0.68046875 0.34921875 0.04375 0.0578125
1 0.578125 0.465625 0.0453125 0.0609375
1 0.6953125 0.928125 0.0390625 0.05
0 0.77265625 0.5328125 0.0546875 0.1046875
1 0.59765625 0.04765625 0.05 0.0625
1 0.89765625 0.765625 0.0390625 0.0515625
1 0.85234375 0.61953125 0.0390625 0.05
1 0.54453125 0.55078125 0.040625 0.05
1 0.12265625 0.715625 0.0375 0.0421875
1 0.26796875 0.4078125 0.040625 0.0484375
1 0.8875 0.1671875 0.0390625 0.0515625
1 0.76484375 0.33828125 0.0421875 0.0515625
1 0.61328125 0.7453125 0.040625 0.05
1 0.425 0.8625 0.0421875 0.0546875
1 0.109375 0.35703125 0.0375 0.0515625
1 0.8515625 0.52109375 0.0375 0.053125
1 0.603125 0.890625 0.040625 0.0484375
1 0.6421875 0.2578125 0.05 0.0625
1 0.08984375 0.6625 0.040625 0.05
1 0.76640625 0.93984375 0.0390625 0.0484375
1 0.9578125 0.1640625 0.040625 0.0515625
1 0.6125 0.375 0.040625 0.0515625
1 0.1265625 0.54921875 0.040625 0.0515625
1 0.01875 0.1296875 0.0375 0.0453125
1 0.659375 0.1265625 0.0421875 0.053125
1 0.66796875 0.8734375 0.0375 0.0453125
1 0.3046875 0.8953125 0.034375 0.0421875
1 0.38359375 0.41640625 0.0359375 0.04375
1 0.24609375 0.22890625 0.0421875 0.0484375
1 0.3921875 0.9328125 0.040625 0.05
1 0.14609375 0.82109375 0.04375 0.0515625
1 0.0703125 0.95390625 0.0453125 0.05
1 0.16484375 0.36953125 0.040625 0.0515625
1 0.29453125 0.16328125 0.04375 0.0609375
1 0.934375 0.284375 0.0390625 0.0515625
1 0.48671875 0.875 0.040625 0.05
1 0.34375 0.73671875 0.040625 0.0515625
1 0.4328125 0.434375 0.0375 0.0484375
1 0.96484375 0.7625 0.0390625 0.0515625
1 0.0328125 0.85390625 0.0453125 0.059375
1 0.553125 0.74765625 0.0390625 0.0484375
1 0.43828125 0.528125 0.0421875 0.0546875
1 0.93125 0.81796875 0.040625 0.05
0 0.57109375 0.93984375 0.05 0.0546875
1 0.5265625 0.80390625 0.0421875 0.0625
1 0.59609375 0.65546875 0.0359375 0.0546875
1 0.1921875 0.73984375 0.0359375 0.040625
1 0.72109375 0.7546875 0.0390625 0.05
1 0.2859375 0.32265625 0.0375 0.046875
1 0.84453125 0.4171875 0.0390625 0.0515625
1 0.98125 0.8640625 0.0375 0.053125
1 0.7890625 0.2015625 0.0390625 0.046875
1 0.33828125 0.35078125 0.0390625 0.0484375
1 0.54296875 0.97421875 0.03125 0.0375
1 0.46796875 0.79921875 0.0359375 0.0421875
1 0.02890625 0.76875 0.0375 0.046875
1 0.5984375 0.8265625 0.0375 0.040625
1 0.65625 0.76875 0.0390625 0.046875
1 0.459375 0.171875 0.0421875 0.0484375
1 0.3421875 0.9578125 0.0390625 0.0484375
1 0.08984375 0.44375 0.040625 0.05
0 0.42578125 0.0375 0.0625 0.059375
1 0.85 0.71328125 0.0359375 0.04375
1 0.0296875 0.5578125 0.0375 0.046875
1 0.2203125 0.67265625 0.0453125 0.046875
1 0.14296875 0.4703125 0.0328125 0.0359375
1 0.81171875 0.665625 0.0375 0.0421875
1 0.53671875 0.62421875 0.04375 0.0515625
0 0.89921875 0.89765625 0.0625 0.0515625
1 0.9765625 0.37578125 0.0390625 0.0578125
1 0.965625 0.58203125 0.040625 0.046875
1 0.93203125 0.97109375 0.0328125 0.0390625
1 0.96171875 0.93671875 0.03125 0.040625
1 0.6921875 0.81796875 0.03125 0.04375
1 0.7421875 0.8375 0.034375 0.040625
1 0.865625 0.82109375 0.0328125 0.040625
1 0.46640625 0.94453125 0.0296875 0.04375
1 0.1671875 0.940625 0.0375 0.0453125
1 0.23359375 0.925 0.0390625 0.0453125
1 0.26953125 0.6390625 0.0375 0.0515625
1 0.25390625 0.75703125 0.0421875 0.04375
1 0.23359375 0.37578125 0.0390625 0.05
1 0.22734375 0.5015625 0.0375 0.0515625
1 0.06796875 0.8796875 0.0421875 0.046875
1 0.2390625 0.15859375 0.0421875 0.0484375
1 0.18125 0.125 0.040625 0.053125
1 0.45390625 0.28671875 0.0375 0.0484375
1 0.51796875 0.15859375 0.040625 0.0515625
1 0.50859375 0.4328125 0.0484375 0.065625
1 0.4125 0.33671875 0.040625 0.0484375
1 0.915625 0.6078125 0.0359375 0.046875
1 0.3453125 0.453125 0.034375 0.0390625
1 0.25 0.0140625 0.0375 0.028125
1 0.33984375 0.0125 0.0359375 0.025
1 0.94140625 0.0125 0.0359375 0.025
1 0.9875 0.2859375 0.025 0.05625
1 0.98828125 0.92109375 0.0234375 0.0484375
1 0.13984375 0.98671875 0.0359375 0.0265625
1 0.43046875 0.98984375 0.0234375 0.0203125