1 0.70390625 0.4828125 0.0390625 0.0515625
1 0.3421875 0.9328125 0.0421875 0.05
1 0.528125 0.1734375 0.0328125 0.0375
1 0.5140625 0.38984375 0.040625 0.05
1 0.01875 0.3640625 0.0375 0.0546875
1 0.23671875 0.2078125 0.0421875 0.0484375
1 0.78828125 0.2953125 0.0421875 0.053125
1 0.18984375 0.3609375 0.04375 0.0484375
1 0.10625 0.3734375 0.034375 0.040625
1 0.234375 0.621875 0.0390625 0.046875
1 0.7609375 0.77578125 0.0421875 0.053125
1 0.55703125 0.4578125 0.0359375 0.04375
1 0.6046875 0.81484375 0.040625 0.0515625
1 0.209375 0.98046875 0.0453125 0.0390625
1 0.571875 0.90859375 0.040625 0.0484375
1 0.2515625 0.040625 0.0375 0.04375
1 0.6734375 0.203125 0.0359375 0.0515625
1 0.621875 0.27109375 0.040625 0.05
1 0.6859375 0.028125 0.0328125 0.0375
1 0.46953125 0.85 0.0421875 0.0484375
1 0.8640625 0.3953125 0.0390625 0.0515625
1 0.66015625 0.58515625 0.04375 0.0625
1 0.334375 0.06171875 0.0390625 0.0484375
1 0.1265625 0.1328125 0.046875 0.0515625
1 0.33359375 0.61640625 0.0375 0.046875
1 0.18984375 0.45546875 0.04375 0.046875
1 0.246875 0.378125 0.0390625 0.046875
1 0.1140625 0.05234375 0.046875 0.0484375
1 0.30859375 0.8875 0.04375 0.0484375
1 0.4484375 0.49296875 0.0390625 0.05
1 0.61953125 0.49140625 0.0390625 0.0484375
1 0.29140625 0.65390625 0.0375 0.046875
1 0.4859375 0.5890625 0.0359375 0.04375
1 0.03359375 0.17265625 0.040625 0.0484375
1 0.09375 0.29921875 0.040625 0.0453125
1 0.71875 0.88046875 0.0359375 0.046875
1 0.50546875 0.77890625 0.0390625 0.05
1 0.5171875 0.03359375 0.0359375 0.040625
1 0.41328125 0.19921875 0.034375 0.0390625
1 0.940625 0.0765625 0.046875 0.0625
1 0.3671875 0.24921875 0.0328125 0.0375
1 0.875 0.13046875 0.0390625 0.046875
1 0.7703125 0.47578125 0.046875 0.065625
1 0.55234375 0.70703125 0.0421875 0.05
1 0.9359375 0.74375 0.0421875 0.0578125
1 0.2625 0.9703125 0.034375 0.0421875
1 0.56328125 0.77421875 0.0390625 0.046875
1 0.31328125 0.34609375 0.034375 0.0390625
1 0.81015625 0.85546875 0.0390625 0.046875
1 0.10390625 0.571875 0.04375 0.0515625
1 0.70078125 0.11796875 0.0296875 0.0359375
1 0.9046875 0.490625 0.0421875 0.0546875
1 0.2234375 0.68984375 0.03125 0.040625
1 0.46171875 0.19921875 0.0375 0.0390625
1 0.7484375 0.9421875 0.046875 0.053125
1 0.83359375 0.9390625 0.0453125 0.053125
1 0.053125 0.43828125 0.0390625 0.046875
1 0.4953125 0.14453125 0.0390625 0.0453125
1 0.61640625 0.3796875 0.0421875 0.0515625
1 0.86796875 0.2265625 0.0421875 0.04375
1 0.92734375 0.61875 0.0515625 0.0546875
1 0.521875 0.63359375 0.034375 0.04375
1 0.12734375 0.83125 0.0421875 0.05
1 0.0703125 0.01640625 0.04375 0.0328125
1 0.45234375 0.01484375 0.0359375 0.0296875
1 0.98828125 0.30078125 0.0234375 0.04375
1 0.984375 0.55625 0.03125 0.059375
1 0.99140625 0.72734375 0.0171875 0.04375
1 0.00703125 0.93828125 0.0140625 0.046875
1 0.60078125 0.9875 0.046875 0.025
1 0.00703125 0.109375 0.0140625 0.0484375
1 0.98515625 0.1578125 0.0296875 0.0609375
1 0.74375 0.57421875 0.0328125 0.0359375
1 0.40043749999999995 0.43065625 0.037406250000000044 0.04090624999999992
1 0.37275 0.415890625 0.02996875000000001 0.037968749999999975
1 0.39126562500000006 0.49545312499999994 0.03165625000000003 0.043234374999999936
1 0.375 0.512828125 0.030703124999999963 0.037796875000000084
1 0.154765625 0.6247499999999999 0.038843749999999976 0.042234374999999956
1 0.13571875 0.6491875 0.041359375 0.038374999999999916
1 0.364640625 0.725328125 0.04620312499999999 0.05354687499999997
1 0.3399375 0.7568125 0.04117187500000004 0.04596874999999993
1 0.106515625 0.7069375 0.04323437499999999 0.04835937500000007
1 0.07653125 0.738859375 0.043546875000000006 0.04942187499999999
1 0.18365625000000002 0.845515625 0.039281250000000024 0.04668750000000017
1 0.194078125 0.8925625 0.041468749999999985 0.04157812499999984
1 0.075796875 0.8845000000000001 0.04146875000000001 0.03990624999999994
1 0.09615625 0.9182656250000001 0.04260937499999999 0.04148437499999993
1 0.6804218750000001 0.762015625 0.044343749999999994 0.044031249999999925
1 0.707640625 0.799125 0.03729687500000001 0.04273437500000003
1 0.811921875 0.069859375 0.03995312499999999 0.04575
1 0.792453125 0.106625 0.04235937500000002 0.04085937500000001
1 0.798640625 0.171328125 0.03621875000000001 0.03981249999999999
1 0.778640625 0.195578125 0.03256250000000005 0.04125000000000001
1 0.287875 0.24948437499999998 0.03582812500000001 0.04056249999999997
1 0.25796874999999997 0.286765625 0.036328125 0.04142187499999998
1 0.18465625000000002 0.15546875 0.03770312499999999 0.05190625
1 0.15896875 0.206546875 0.040921874999999996 0.03775000000000002
1 0.399578125 0.15365625 0.033062500000000036 0.035984375
1 0.42167187500000003 0.135078125 0.030062500000000013 0.032624999999999994