1 0.50625 0.9859375 0.0390625 0.028125
1 0.05703125 0.80390625 0.0421875 0.0484375
1 0.3796875 0.528125 0.0390625 0.0484375
1 0.28046875 0.73828125 0.034375 0.0421875
1 0.91015625 0.9703125 0.04375 0.05625
1 0.10625 0.07109375 0.034375 0.04375
1 0.62890625 0.45078125 0.040625 0.05
1 0.1171875 0.621875 0.046875 0.0671875
1 0.18984375 0.9453125 0.0453125 0.0546875
1 0.01875 0.2265625 0.0375 0.05625
1 0.06875 0.903125 0.0390625 0.05
1 0.1171875 0.84765625 0.04375 0.0484375
1 0.665625 0.790625 0.04375 0.05
1 0.1125 0.36484375 0.0390625 0.0484375
0 0.3546875 0.1828125 0.08125 0.0625
1 0.37109375 0.3828125 0.0421875 0.0546875
1 0.18828125 0.3796875 0.0375 0.046875
1 0.3265625 0.109375 0.0390625 0.0484375
1 0.7125 0.965625 0.040625 0.0484375
1 0.73671875 0.103125 0.0421875 0.0515625
1 0.8515625 0.17578125 0.0421875 0.0484375
1 0.47265625 0.80625 0.0390625 0.0515625
1 0.74375 0.278125 0.04375 0.05
1 0.26640625 0.25859375 0.0390625 0.05
1 0.85546875 0.425 0.0453125 0.0625
1 0.60546875 0.33671875 0.040625 0.053125
0 0.23125 0.48671875 0.0796875 0.0578125
1 0.3296875 0.26015625 0.0375 0.0484375
1 0.15390625 0.4453125 0.0390625 0.0515625
1 0.03125 0.0671875 0.0390625 0.0515625
1 0.7890625 0.740625 0.0484375 0.0640625
1 0.553125 0.66484375 0.0359375 0.04375
1 0.7828125 0.39921875 0.046875 0.0609375
1 0.81796875 0.303125 0.0421875 0.046875
1 0.4671875 0.47578125 0.0453125 0.0609375
1 0.459375 0.93828125 0.0375 0.046875
1 0.078125 0.71484375 0.0375 0.04375
1 0.153125 0.234375 0.0359375 0.0484375
1 0.65546875 0.65859375 0.0390625 0.0484375
1 0.75390625 0.90390625 0.0359375 0.040625
1 0.284375 0.025 0.0421875 0.0484375
1 0.89765625 0.1515625 0.0453125 0.053125
1 0.24921875 0.159375 0.0390625 0.0515625
1 0.484375 0.69375 0.0375 0.0484375
1 0.5390625 0.93359375 0.04375 0.0546875
1 0.7953125 0.165625 0.0421875 0.05
1 0.41953125 0.03828125 0.0390625 0.0515625
1 0.65078125 0.56875 0.0375 0.04375
1 0.03359375 0.45234375 0.040625 0.0546875
1 0.48125 0.153125 0.0484375 0.0640625
1 0.5875 0.72890625 0.040625 0.0515625
1 0.59453125 0.5171875 0.040625 0.05
1 0.50390625 0.0625 0.0390625 0.04375
0 0.0984375 0.22265625 0.0640625 0.1078125
1 0.5234375 0.6078125 0.04375 0.046875
1 0.196875 0.159375 0.0375 0.0453125
1 0.9484375 0.72421875 0.0453125 0.0546875
1 0.4125 0.84921875 0.034375 0.040625
1 0.6015625 0.65 0.0328125 0.0421875
0 0.39453125 0.925 0.0578125 0.0828125
1 0.428125 0.75625 0.0421875 0.0484375
1 0.84765625 0.96875 0.0484375 0.0484375
0 0.72109375 0.471875 0.0640625 0.0703125
1 0.6125 0.2203125 0.0328125 0.0375
0 0.18046875 0.3 0.0640625 0.0765625
1 0.3578125 0.59921875 0.0421875 0.059375
0 0.29453125 0.8421875 0.065625 0.1
1 0.421875 0.61171875 0.0390625 0.04375
1 0.7015625 0.709375 0.0421875 0.05
1 0.68984375 0.584375 0.046875 0.05625
1 0.71484375 0.34375 0.0359375 0.040625
1 0.65859375 0.33671875 0.03125 0.040625
1 0.67734375 0.0734375 0.05 0.0609375
1 0.2125 0.01328125 0.0375 0.0265625
1 0.82578125 0.01328125 0.0390625 0.0265625
1 0.909375 0.01484375 0.04375 0.0296875
1 0.99140625 0.36328125 0.0171875 0.046875
1 0.984375 0.59453125 0.03125 0.0484375
1 0.77421875 0.9765625 0.0421875 0.040625
1 0.009375 0.8859375 0.01875 0.0546875
1 0.05859375 0.9921875 0.0328125 0.015625