0 0.39375 0.896875 0.0390625 0.0890625
0 0.271875 0.56875 0.046875 0.078125
0 0.05546875 0.959375 0.0546875 0.065625
0 0.36953125 0.053125 0.0609375 0.0546875
1 0.3265625 0.1546875 0.0390625 0.05625
0 0.078125 0.2984375 0.053125 0.1
1 0.18046875 0.14921875 0.0375 0.0453125
0 0.1015625 0.03203125 0.0515625 0.0625
1 0.08359375 0.59140625 0.0328125 0.04375
1 0.72421875 0.9359375 0.0328125 0.04375
1 0.51875 0.2953125 0.0359375 0.0515625
1 0.66484375 0.9390625 0.0359375 0.0484375
0 0.21953125 0.30859375 0.0484375 0.1
1 0.50703125 0.77734375 0.0390625 0.0515625
1 0.9703125 0.7078125 0.0375 0.04375
0 0.978125 0.81796875 0.04375 0.065625
1 0.17734375 0.74765625 0.0328125 0.04375
1 0.01953125 0.70859375 0.0359375 0.04375
1 0.540625 0.146875 0.034375 0.0484375
1 0.4625 0.26328125 0.0328125 0.04375
1 0.596875 0.8296875 0.0359375 0.0484375
1 0.42890625 0.725 0.0359375 0.04375
1 0.64140625 0.21796875 0.0328125 0.04375
1 0.215625 0.5265625 0.040625 0.0546875
1 0.753125 0.06171875 0.034375 0.0453125
1 0.9828125 0.61328125 0.034375 0.046875
1 0.9234375 0.42890625 0.0359375 0.0515625
1 0.23671875 0.7890625 0.034375 0.0453125
1 0.14609375 0.496875 0.0328125 0.04375
1 0.7515625 0.58515625 0.0328125 0.04375
1 0.28984375 0.728125 0.0359375 0.040625
0 0.61015625 0.2953125 0.0515625 0.0765625
1 0.4890625 0.946875 0.0375 0.046875
1 0.10390625 0.6609375 0.0375 0.046875
1 0.43984375 0.41875 0.034375 0.0453125
0 0.34609375 0.9015625 0.0484375 0.078125
1 0.209375 0.421875 0.0359375 0.0484375
1 0.05703125 0.1140625 0.0328125 0.0421875
1 0.5953125 0.39921875 0.03125 0.040625
1 0.06171875 0.775 0.0359375 0.046875
1 0.4953125 0.41484375 0.0328125 0.0390625
1 0.1 0.3828125 0.0359375 0.0515625
1 0.1078125 0.83984375 0.0359375 0.0453125
1 0.2296875 0.6953125 0.0328125 0.0421875
1 0.75859375 0.75859375 0.03125 0.0421875
1 0.3015625 0.92578125 0.0359375 0.0421875
0 0.64765625 0.515625 0.0359375 0.0828125
1 0.95625 0.02734375 0.040625 0.0546875
1 0.71171875 0.6375 0.028125 0.0359375
1 0.07265625 0.48046875 0.0359375 0.0453125
1 0.39453125 0.48046875 0.0390625 0.04375
1 0.2875 0.7984375 0.034375 0.0421875
1 0.5796875 0.6296875 0.0359375 0.046875
1 0.315625 0.321875 0.0359375 0.0515625
1 0.5640625 0.25625 0.03125 0.040625
1 0.553125 0.85078125 0.034375 0.04375
1 0.86796875 0.153125 0.0390625 0.05625
1 0.50859375 0.01953125 0.03125 0.0390625
1 0.42578125 0.178125 0.0296875 0.0375
1 0.30390625 0.48046875 0.03125 0.0390625
1 0.73203125 0.234375 0.0359375 0.0453125
1 0.60703125 0.49296875 0.0328125 0.0390625
1 0.7234375 0.16484375 0.03125 0.040625
1 0.8140625 0.6109375 0.0328125 0.04375
1 0.28828125 0.0375 0.03125 0.04375
1 0.5296875 0.61171875 0.034375 0.0390625
0 0.140625 0.2453125 0.046875 0.078125
1 0.7625 0.3078125 0.046875 0.05
1 0.84296875 0.28203125 0.0359375 0.046875
0 0.90390625 0.28203125 0.04375 0.1046875
1 0.0734375 0.8671875 0.0390625 0.046875
1 0.3671875 0.67421875 0.034375 0.040625
1 0.409375 0.5859375 0.03125 0.0359375
1 0.3546875 0.28046875 0.034375 0.0390625
1 0.04140625 0.5390625 0.0328125 0.05
1 0.86328125 0.440625 0.0359375 0.046875
0 0.453125 0.63203125 0.0359375 0.090625
1 0.77265625 0.515625 0.0328125 0.0421875
1 0.84296875 0.890625 0.03125 0.0421875
1 0.80078125 0.928125 0.0328125 0.040625
1 0.0234375 0.22578125 0.0375 0.0390625
1 0.221875 0.60546875 0.0375 0.0375
1 0.1296875 0.990625 0.0359375 0.01875