1 0.8203125 0.40703125 0.040625 0.0515625
1 0.865625 0.56953125 0.04375 0.059375
0 0.51953125 0.346875 0.05 0.06875
1 0.89375 0.7 0.040625 0.0578125
1 0.53046875 0.02421875 0.0421875 0.0484375
1 0.23984375 0.19453125 0.0375 0.0453125
1 0.19609375 0.87421875 0.0375 0.0515625
1 0.67578125 0.53125 0.0359375 0.0515625
1 0.659375 0.66328125 0.0359375 0.0515625
1 0.34453125 0.725 0.0359375 0.04375
0 0.6734375 0.30234375 0.0515625 0.0765625
1 0.4171875 0.33671875 0.0359375 0.04375
1 0.4703125 0.28828125 0.0328125 0.04375
1 0.37421875 0.0890625 0.0359375 0.0453125
1 0.34296875 0.234375 0.0359375 0.046875
1 0.3609375 0.56015625 0.0359375 0.04375
0 0.20703125 0.775 0.065625 0.059375
1 0.5578125 0.7421875 0.0359375 0.04375
1 0.2671875 0.26953125 0.0359375 0.0484375
1 0.04765625 0.12109375 0.0375 0.0421875
1 0.09765625 0.303125 0.0390625 0.04375
1 0.33828125 0.9546875 0.0375 0.05
1 0.45625 0.4421875 0.0328125 0.0375
1 0.0484375 0.8453125 0.04375 0.05625
1 0.4359375 0.903125 0.0359375 0.046875
1 0.90234375 0.25390625 0.034375 0.046875
1 0.5421875 0.615625 0.034375 0.0484375
1 0.56171875 0.91796875 0.034375 0.046875
1 0.41953125 0.96328125 0.0359375 0.0453125
0 0.3046875 0.58359375 0.0359375 0.0640625
1 0.28046875 0.12421875 0.034375 0.04375
1 0.82109375 0.09609375 0.0375 0.0484375
1 0.26953125 0.875 0.0359375 0.0453125
1 0.08828125 0.3703125 0.04375 0.046875
1 0.76171875 0.77109375 0.0328125 0.04375
1 0.07421875 0.6734375 0.0453125 0.046875
1 0.62109375 0.92890625 0.0359375 0.0484375
1 0.65703125 0.4296875 0.03125 0.040625
1 0.5375 0.43828125 0.0328125 0.0421875
1 0.14921875 0.94140625 0.03125 0.040625
1 0.43125 0.73046875 0.034375 0.04375
1 0.18125 0.06953125 0.04375 0.05
1 0.5671875 0.82890625 0.0390625 0.0515625
1 0.69296875 0.71875 0.03125 0.0421875
0 0.62109375 0.35390625 0.053125 0.059375
1 0.1359375 0.77109375 0.034375 0.0421875
1 0.3984375 0.39609375 0.0328125 0.034375
1 0.44375 0.12421875 0.03125 0.04375
1 0.38515625 0.6734375 0.0296875 0.0390625
1 0.5765625 0.165625 0.0328125 0.0421875
1 0.053125 0.034375 0.0390625 0.0421875
0 0.096875 0.62265625 0.06875 0.04375
1 0.4421875 0.6125 0.0390625 0.046875
1 0.4625 0.653125 0.034375 0.0484375
1 0.4234375 0.821875 0.03125 0.0484375
1 0.6921875 0.815625 0.0421875 0.0515625
1 0.63359375 0.79375 0.0359375 0.0421875
1 0.940625 0.759375 0.0359375 0.0515625
1 0.8515625 0.6453125 0.028125 0.04375
1 0.9125 0.0265625 0.0328125 0.0421875
1 0.7265625 0.1328125 0.04375 0.05625
1 0.56796875 0.30625 0.0359375 0.0453125
1 0.33984375 0.50859375 0.0296875 0.0390625
1 0.1015625 0.840625 0.034375 0.040625
1 0.13359375 0.67578125 0.03125 0.0421875
1 0.0453125 0.52421875 0.0375 0.046875
1 0.10078125 0.57890625 0.0359375 0.0390625
1 0.13828125 0.5390625 0.0328125 0.0359375
1 0.02265625 0.60234375 0.0359375 0.0515625
1 0.1484375 0.34609375 0.0390625 0.0484375
1 0.0625 0.1921875 0.0328125 0.04375
1 0.19296875 0.14296875 0.0390625 0.0546875
1 0.340625 0.09375 0.03125 0.0421875
1 0.45546875 0.19140625 0.0328125 0.04375
1 0.50625 0.16796875 0.0296875 0.040625
1 0.78828125 0.3 0.0359375 0.046875
1 0.91328125 0.440625 0.034375 0.046875
1 0.85234375 0.88671875 0.0390625 0.053125
1 0.72578125 0.88203125 0.0359375 0.0390625
1 0.715625 0.64296875 0.0390625 0.04375
1 0.28984375 0.7734375 0.03125 0.0390625
1 0.33671875 0.83515625 0.0359375 0.0390625
1 0.28203125 0.3921875 0.0296875 0.03125
1 0.35703125 0.2953125 0.0296875 0.0421875
1 0.98515625 0.12734375 0.0296875 0.0453125
1 0.990625 0.67421875 0.01875 0.040625