0 0.44140625 0.6 0.065625 0.0671875
1 0.22890625 0.82109375 0.0359375 0.0484375
0 0.9125 0.0578125 0.0578125 0.078125
1 0.2515625 0.29375 0.0328125 0.0421875
1 0.13359375 0.82109375 0.034375 0.04375
1 0.1734375 0.65859375 0.0390625 0.0484375
1 0.51953125 0.415625 0.034375 0.04375
1 0.3484375 0.665625 0.0375 0.0484375
1 0.11796875 0.18359375 0.0375 0.046875
1 0.19921875 0.0671875 0.0390625 0.0421875
1 0.36875 0.16015625 0.0375 0.046875
0 0.59296875 0.7046875 0.0515625 0.065625
0 0.74140625 0.6859375 0.04375 0.040625
0 0.89375 0.2234375 0.0609375 0.078125
1 0.8078125 0.38515625 0.0359375 0.04375
1 0.271875 0.928125 0.0390625 0.0546875
1 0.2390625 0.1546875 0.0375 0.0453125
1 0.428125 0.06484375 0.0359375 0.04375
1 0.11875 0.08671875 0.0390625 0.0484375
1 0.62734375 0.15625 0.0359375 0.053125
1 0.18125 0.3390625 0.0359375 0.0421875
1 0.2 0.53515625 0.0359375 0.0375
1 0.49140625 0.8078125 0.0359375 0.0515625
1 0.425 0.30703125 0.0375 0.0453125
1 0.8609375 0.73515625 0.0359375 0.040625
1 0.9421875 0.35390625 0.0328125 0.040625
1 0.71015625 0.3515625 0.034375 0.046875
1 0.33984375 0.465625 0.028125 0.0359375
1 0.76015625 0.565625 0.0328125 0.034375
1 0.85546875 0.3421875 0.03125 0.0390625
1 0.2734375 0.45546875 0.0265625 0.03125
1 0.18203125 0.21171875 0.0328125 0.0359375
1 0.8046875 0.69453125 0.0328125 0.0359375
1 0.01328125 0.378125 0.0265625 0.0359375
1 0.790625 0.51328125 0.03125 0.034375
1 0.94609375 0.43125 0.0296875 0.0375
1 0.353125 0.328125 0.0359375 0.0421875
1 0.47265625 0.1734375 0.0328125 0.0390625
1 0.2140625 0.740625 0.034375 0.040625
1 0.56640625 0.065625 0.0359375 0.0453125
1 0.078125 0.625 0.034375 0.0421875
1 0.45625 0.71875 0.034375 0.0421875
1 0.5484375 0.3234375 0.040625 0.046875
0 0.81640625 0.93671875 0.05625 0.046875
1 0.6953125 0.23671875 0.0390625 0.0453125
1 0.02421875 0.68359375 0.0390625 0.0453125
1 0.596875 0.39375 0.034375 0.0421875
1 0.23828125 0.62265625 0.0359375 0.046875
1 0.0328125 0.04609375 0.0359375 0.040625
1 0.1078125 0.96171875 0.0359375 0.0453125
1 0.8109375 0.59375 0.0328125 0.0359375
1 0.74921875 0.47578125 0.0296875 0.0390625
1 0.7171875 0.53125 0.025 0.0296875
1 0.51328125 0.109375 0.0296875 0.0390625
1 0.11640625 0.54453125 0.034375 0.0390625
1 0.04453125 0.18203125 0.0359375 0.040625
1 0.4578125 0.53359375 0.0296875 0.034375
1 0.56328125 0.46328125 0.03125 0.040625
1 0.55859375 0.2171875 0.03125 0.0359375
1 0.67421875 0.8453125 0.0296875 0.04375
1 0.0453125 0.2515625 0.0296875 0.0328125
1 0.446875 0.23125 0.0328125 0.0390625
1 0.2578125 0.075 0.0390625 0.0453125
1 0.33046875 0.02734375 0.03125 0.040625
1 0.084375 0.24609375 0.028125 0.040625
1 0.153125 0.26953125 0.0375 0.0453125
1 0.08984375 0.39375 0.0328125 0.0421875
1 0.14140625 0.38984375 0.0296875 0.0390625
1 0.8203125 0.1015625 0.040625 0.0453125
1 0.690625 0.0421875 0.0359375 0.0515625
1 0.896875 0.5328125 0.0328125 0.04375
1 0.95390625 0.70078125 0.03125 0.040625
1 0.97109375 0.6125 0.028125 0.034375
1 0.80859375 0.78203125 0.0296875 0.0390625
1 0.83203125 0.8328125 0.034375 0.0375
1 0.87734375 0.6796875 0.03125 0.0359375
1 0.6765625 0.4953125 0.028125 0.0453125
1 0.696875 0.4234375 0.0296875 0.0375
1 0.740625 0.87109375 0.0359375 0.0375
1 0.63125 0.89375 0.0328125 0.0359375
0 0.45390625 0.94296875 0.034375 0.053125
1 0.29921875 0.83203125 0.0390625 0.053125
1 0.03125 0.83203125 0.0359375 0.0546875
1 0.0890625 0.865625 0.034375 0.0453125
1 0.29921875 0.5234375 0.03125 0.0375
1 0.20859375 0.48046875 0.03125 0.0359375
1 0.4265625 0.5234375 0.0265625 0.034375
1 0.21015625 0.009375 0.0296875 0.01875
1 0.4984375 0.0078125 0.03125 0.015625
1 0.9921875 0.0609375 0.015625 0.040625
1 0.9921875 0.2875 0.015625 0.046875
1 0.97734375 0.12734375 0.0328125 0.040625
1 0.9875 0.9875 0.025 0.025
1 0.0515625 0.9921875 0.03125 0.015625