0 0.36015625 0.12734375 0.0890625 0.075
1 0.41796875 0.6078125 0.04375 0.053125
0 0.10859375 0.75 0.059375 0.1046875
1 0.6546875 0.9671875 0.0421875 0.0515625
1 0.44140625 0.97890625 0.0421875 0.0421875
1 0.28125 0.7796875 0.0453125 0.0546875
1 0.77578125 0.13515625 0.0421875 0.059375
1 0.06796875 0.23828125 0.0421875 0.0546875
1 0.3265625 0.6140625 0.04375 0.0515625
1 0.25859375 0.4453125 0.040625 0.046875
1 0.79453125 0.3765625 0.040625 0.0546875
1 0.25078125 0.96640625 0.04375 0.0546875
1 0.55234375 0.6609375 0.046875 0.0515625
1 0.19609375 0.56953125 0.053125 0.059375
1 0.0578125 0.80390625 0.04375 0.053125
1 0.11953125 0.171875 0.04375 0.053125
1 0.40234375 0.68984375 0.0484375 0.053125
1 0.72734375 0.684375 0.04375 0.053125
1 0.79765625 0.9765625 0.0375 0.0421875
1 0.03359375 0.10625 0.046875 0.05625
1 0.32421875 0.3421875 0.04375 0.05625
1 0.23203125 0.2953125 0.046875 0.053125
1 0.8765625 0.2671875 0.040625 0.053125
1 0.72578125 0.065625 0.04375 0.0578125
1 0.1 0.865625 0.0453125 0.0515625
1 0.2703125 0.3578125 0.0390625 0.0453125
1 0.82578125 0.4921875 0.040625 0.0484375
1 0.3125 0.46875 0.0375 0.0453125
1 0.87109375 0.02109375 0.0421875 0.0421875
1 0.61875 0.1265625 0.040625 0.0484375
1 0.72734375 0.92890625 0.046875 0.053125
1 0.89921875 0.9171875 0.0359375 0.0421875
1 0.37265625 0.42578125 0.04375 0.0515625
1 0.56640625 0.59375 0.0453125 0.053125
1 0.32265625 0.22265625 0.0390625 0.04375
1 0.0875 0.93359375 0.046875 0.05625
1 0.6796875 0.8375 0.04375 0.053125
1 0.5078125 0.97734375 0.0421875 0.0453125
1 0.81328125 0.7203125 0.040625 0.05625
1 0.98203125 0.21640625 0.0359375 0.0578125
0 0.46484375 0.0234375 0.0671875 0.046875
1 0.03515625 0.51484375 0.0453125 0.05625
1 0.58203125 0.76953125 0.040625 0.0515625
1 0.53984375 0.371875 0.040625 0.0515625
1 0.77265625 0.3203125 0.040625 0.046875
1 0.32578125 0.72109375 0.04375 0.0515625
1 0.9640625 0.65546875 0.0359375 0.04375
1 0.55234375 0.22265625 0.040625 0.0484375
1 0.6546875 0.6890625 0.0390625 0.0453125
0 0.65234375 0.07734375 0.053125 0.0765625
1 0.86796875 0.6734375 0.0421875 0.04375
1 0.34765625 0.94609375 0.04375 0.053125
1 0.89375 0.12734375 0.0390625 0.0484375
1 0.09140625 0.53046875 0.046875 0.0578125
1 0.43515625 0.4328125 0.0375 0.0453125
1 0.6953125 0.415625 0.04375 0.053125
1 0.23046875 0.853125 0.04375 0.0578125
1 0.78125 0.5859375 0.0375 0.04375
1 0.18671875 0.45078125 0.046875 0.0546875
1 0.309375 0.05 0.0375 0.0390625
1 0.1578125 0.37109375 0.04375 0.0515625
0 0.70625 0.55546875 0.078125 0.05
1 0.584375 0.9109375 0.0375 0.0453125
1 0.2234375 0.17578125 0.0390625 0.040625
0 0.66953125 0.34609375 0.04375 0.075
1 0.975 0.42421875 0.0421875 0.0546875
1 0.57109375 0.109375 0.04375 0.05
1 0.93671875 0.7734375 0.034375 0.0421875
1 0.553125 0.31953125 0.0359375 0.0421875
1 0.15 0.615625 0.0453125 0.0484375
1 0.38046875 0.76953125 0.0484375 0.05
1 0.84765625 0.12421875 0.05 0.0546875
1 0.22421875 0.653125 0.0453125 0.04375
1 0.23359375 0.009375 0.0265625 0.01875
1 0.53984375 0.01796875 0.0359375 0.0359375
1 0.99375 0.10625 0.0125 0.0453125
1 0.99609375 0.83125 0.0078125 0.0390625
1 0.9109375 0.9875 0.0359375 0.025
1 0.98671875 0.96484375 0.0265625 0.040625
1 0.11328125 0.98203125 0.0375 0.0359375
1 0.59765625 0.4859375 0.03125 0.040625
1 0.084375 0.071875 0.034375 0.0421875