1 0.7671875 0.3109375 0.04375 0.053125
0 0.97421875 0.684375 0.0515625 0.08125
1 0.69375 0.08125 0.04375 0.05
1 0.86796875 0.46171875 0.04375 0.0546875
1 0.16328125 0.9375 0.0359375 0.04375
1 0.36953125 0.54609375 0.0484375 0.0546875
1 0.61796875 0.2765625 0.04375 0.053125
1 0.01875 0.87734375 0.0375 0.0546875
1 0.14609375 0.534375 0.0453125 0.0546875
0 0.1484375 0.78203125 0.0515625 0.0765625
1 0.9296875 0.1046875 0.046875 0.0546875
1 0.640625 0.78671875 0.05 0.0703125
1 0.2578125 0.10625 0.0421875 0.05
1 0.98125 0.359375 0.0375 0.05625
1 0.6328125 0.94921875 0.04375 0.05625
1 0.36171875 0.97890625 0.0421875 0.0421875
1 0.47265625 0.23359375 0.04375 0.0515625
1 0.69609375 0.74296875 0.046875 0.059375
0 0.1203125 0.88125 0.04375 0.0859375
1 0.921875 0.934375 0.0359375 0.0453125
1 0.7671875 0.16953125 0.0421875 0.0453125
1 0.31484375 0.20390625 0.04375 0.0578125
1 0.14921875 0.65 0.040625 0.0453125
1 0.04375 0.38125 0.046875 0.059375
1 0.3765625 0.76484375 0.0390625 0.04375
1 0.9328125 0.2046875 0.0453125 0.0578125
1 0.58671875 0.0515625 0.04375 0.0546875
1 0.196875 0.1078125 0.0453125 0.05
1 0.20234375 0.68671875 0.040625 0.04375
1 0.0890625 0.15078125 0.0453125 0.0546875
1 0.865625 0.7328125 0.0421875 0.053125
1 0.58671875 0.128125 0.0453125 0.05625
1 0.3765625 0.221875 0.04375 0.0609375
1 0.8359375 0.1375 0.0421875 0.05
1 0.0140625 0.73203125 0.028125 0.05625
0 0.69375 0.6203125 0.059375 0.1171875
1 0.80078125 0.73359375 0.0375 0.0421875
1 0.2625 0.51875 0.046875 0.053125
1 0.56640625 0.890625 0.0421875 0.05
1 0.65859375 0.8875 0.0421875 0.0515625
1 0.26640625 0.02265625 0.0515625 0.0453125
1 0.85546875 0.62890625 0.040625 0.0453125
0 0.07734375 0.05625 0.06875 0.1
1 0.79140625 0.39765625 0.0484375 0.05625
1 0.7328125 0.24765625 0.04375 0.05
1 0.02421875 0.62421875 0.0484375 0.0546875
1 0.42421875 0.93984375 0.0453125 0.05625
1 0.16328125 0.42109375 0.04375 0.05625
1 0.9875 0.6125 0.025 0.0546875
1 0.553125 0.284375 0.0390625 0.046875
1 0.9734375 0.93671875 0.0390625 0.0453125
1 0.26640625 0.3578125 0.0515625 0.065625
1 0.2828125 0.97578125 0.0375 0.0453125
1 0.76875 0.04609375 0.046875 0.0609375
1 0.43984375 0.6296875 0.0421875 0.0515625
1 0.53203125 0.8265625 0.046875 0.053125
1 0.07109375 0.82265625 0.0421875 0.0453125
1 0.88359375 0.20234375 0.04375 0.0515625
1 0.67734375 0.17734375 0.0390625 0.040625
0 0.7875 0.54921875 0.05 0.078125
1 0.81796875 0.21953125 0.040625 0.0421875
1 0.1828125 0.20390625 0.0453125 0.0515625
1 0.28828125 0.6 0.0390625 0.046875
1 0.909375 0.5546875 0.046875 0.05625
1 0.32265625 0.68515625 0.0359375 0.040625
1 0.13515625 0.2296875 0.0359375 0.0421875
1 0.778125 0.784375 0.0453125 0.0515625
1 0.059375 0.2578125 0.034375 0.04375
1 0.8390625 0.4078125 0.0375 0.04375
1 0.615625 0.446875 0.0453125 0.05625
0 0.06875 0.9015625 0.0546875 0.0765625
1 0.5609375 0.73828125 0.0421875 0.0453125
1 0.68125 0.30390625 0.040625 0.0421875
1 0.20703125 0.5140625 0.040625 0.04375
1 0.08984375 0.45234375 0.04375 0.0484375
0 0.39921875 0.48125 0.0390625 0.071875
1 0.5171875 0.39453125 0.0453125 0.05
1 0.56328125 0.38515625 0.0453125 0.0546875
1 0.49375 0.43203125 0.0375 0.040625
1 0.4765625 0.603125 0.040625 0.0484375
1 0.51484375 0.571875 0.0421875 0.0515625
1 0.60859375 0.5875 0.046875 0.05
1 0.73515625 0.8734375 0.03125 0.0421875
0 0.3515625 0.834375 0.0578125 0.0421875
1 0.4109375 0.17890625 0.0453125 0.05
1 0.4890625 0.03203125 0.040625 0.053125
1 0.4375 0.103125 0.0390625 0.0484375
1 0.5265625 0.10859375 0.0390625 0.04375
1 0.64375 0.2109375 0.03125 0.04375
1 0.79609375 0.87421875 0.034375 0.0390625