0 0.6078125 0.375 0.053125 0.078125
1 0.05234375 0.0609375 0.04375 0.0578125
1 0.675 0.82109375 0.0421875 0.053125
1 0.79921875 0.86328125 0.040625 0.05625
1 0.075 0.32109375 0.04375 0.0546875
1 0.14921875 0.89375 0.0375 0.05
1 0.4890625 0.83203125 0.04375 0.053125
1 0.93984375 0.2890625 0.0421875 0.05625
1 0.1296875 0.67890625 0.0421875 0.059375
1 0.184375 0.3609375 0.04375 0.0609375
0 0.5453125 0.42890625 0.0703125 0.09375
1 0.7203125 0.65078125 0.0359375 0.046875
1 0.78125 0.96875 0.040625 0.0578125
1 0.47109375 0.71171875 0.046875 0.0546875
1 0.2140625 0.5734375 0.04375 0.0578125
1 0.3109375 0.971875 0.0421875 0.05625
1 0.29609375 0.83671875 0.0421875 0.0578125
1 0.571875 0.1046875 0.0421875 0.05
1 0.465625 0.328125 0.05 0.0625
1 0.54296875 0.65390625 0.0421875 0.0515625
1 0.9578125 0.76953125 0.040625 0.0546875
1 0.2203125 0.70703125 0.0421875 0.0546875
1 0.4890625 0.1953125 0.040625 0.05625
1 0.43046875 0.22265625 0.040625 0.0578125
1 0.096875 0.78828125 0.046875 0.0640625
1 0.58984375 0.26875 0.04375 0.0578125
1 0.978125 0.4890625 0.04375 0.053125
1 0.17265625 0.80078125 0.040625 0.05
1 0.290625 0.21171875 0.04375 0.05625
1 0.38515625 0.10625 0.0421875 0.05625
1 0.86953125 0.8890625 0.040625 0.0546875
1 0.8921875 0.56953125 0.040625 0.0515625
1 0.359375 0.37421875 0.0484375 0.065625
1 0.4078125 0.64453125 0.0421875 0.0546875
1 0.76953125 0.2109375 0.04375 0.0578125
1 0.725 0.9390625 0.04375 0.05625
1 0.05078125 0.65625 0.0421875 0.059375
1 0.7671875 0.75 0.040625 0.0578125
1 0.221875 0.178125 0.0421875 0.05625
1 0.4609375 0.89375 0.04375 0.0546875
1 0.5140625 0.93125 0.04375 0.0546875
1 0.89765625 0.49453125 0.04375 0.05625
0 0.08203125 0.43671875 0.0890625 0.071875
0 0.75234375 0.48125 0.0796875 0.0625
1 0.49921875 0.596875 0.0453125 0.0515625
1 0.4421875 0.5328125 0.0421875 0.05625
1 0.684375 0.74375 0.0421875 0.0515625
1 0.8953125 0.76328125 0.0390625 0.0546875
1 0.065625 0.89609375 0.040625 0.05625
0 0.05703125 0.196875 0.0765625 0.0703125
1 0.3125 0.4703125 0.04375 0.0546875
0 0.67421875 0.47109375 0.0671875 0.0609375
0 0.25 0.1046875 0.05625 0.090625
1 0.2515625 0.97734375 0.0484375 0.0453125
1 0.98046875 0.1828125 0.0390625 0.0515625
1 0.78359375 0.33125 0.0390625 0.05
0 0.54765625 0.1640625 0.075 0.0765625
0 0.865625 0.66171875 0.0734375 0.1203125
1 0.81875 0.7515625 0.0375 0.0515625
1 0.9421875 0.37734375 0.040625 0.05
1 0.61015625 0.7734375 0.04375 0.0515625
1 0.98125 0.6203125 0.0375 0.046875
1 0.94921875 0.8859375 0.0390625 0.05
1 0.8203125 0.05703125 0.034375 0.04375
1 0.028125 0.3734375 0.040625 0.05
1 0.6953125 0.08515625 0.04375 0.0546875
0 0.875 0.35546875 0.059375 0.1203125
1 0.45390625 0.4078125 0.046875 0.053125
1 0.31953125 0.68828125 0.0453125 0.0515625
1 0.92890625 0.01953125 0.0453125 0.0390625
1 0.2671875 0.3734375 0.0375 0.046875
1 0.64765625 0.1359375 0.0390625 0.04375
1 0.015625 0.0171875 0.03125 0.034375
1 0.51171875 0.01875 0.040625 0.0375
1 0.625 0.01640625 0.0453125 0.0328125
1 0.98671875 0.09140625 0.0265625 0.0578125
1 0.9890625 0.903125 0.021875 0.05
1 0.8421875 0.9890625 0.04375 0.021875
1 0.99296875 0.97265625 0.0140625 0.0453125
1 0.54453125 0.98515625 0.0484375 0.0296875
1 0.99296875 0.54296875 0.0140625 0.0421875