0 0.90859375 0.834375 0.0640625 0.1015625
0 0.02421875 0.60703125 0.0484375 0.0859375
1 0.52890625 0.05859375 0.0640625 0.0765625
0 0.553125 0.16796875 0.059375 0.1046875
1 0.4671875 0.4203125 0.0484375 0.0578125
1 0.5015625 0.52421875 0.0484375 0.0546875
0 0.46015625 0.7078125 0.065625 0.0828125
1 0.54453125 0.81328125 0.04375 0.0515625
1 0.04296875 0.70234375 0.040625 0.05
1 0.3421875 0.25859375 0.0546875 0.0671875
1 0.125 0.88984375 0.0421875 0.0546875
0 0.2515625 0.83359375 0.05625 0.08125
1 0.915625 0.52734375 0.0453125 0.0625
1 0.28046875 0.90078125 0.04375 0.05
1 0.05703125 0.31953125 0.04375 0.0578125
1 0.68515625 0.821875 0.046875 0.0640625
1 0.2359375 0.58203125 0.0453125 0.0515625
1 0.63515625 0.03359375 0.046875 0.0609375
0 0.0796875 0.75 0.0546875 0.090625
1 0.59765625 0.23828125 0.046875 0.059375
1 0.81015625 0.1203125 0.04375 0.0625
1 0.35703125 0.68046875 0.040625 0.0421875
1 0.58359375 0.59375 0.04375 0.0546875
1 0.1796875 0.5 0.04375 0.0515625
1 0.82734375 0.6578125 0.0453125 0.0609375
1 0.4 0.1984375 0.0484375 0.05625
1 0.165625 0.16328125 0.0453125 0.05625
1 0.83046875 0.7625 0.046875 0.0578125
1 0.07734375 0.1421875 0.04375 0.059375
1 0.2921875 0.48359375 0.0484375 0.05625
1 0.80234375 0.859375 0.0484375 0.059375
1 0.475 0.22734375 0.04375 0.05625
0 0.26640625 0.74140625 0.0515625 0.075
1 0.5125 0.61640625 0.0453125 0.0515625
1 0.83671875 0.421875 0.0453125 0.0671875
1 0.75703125 0.78515625 0.0390625 0.046875
0 0.3390625 0.5921875 0.0765625 0.0671875
1 0.95703125 0.7359375 0.0421875 0.0546875
1 0.2109375 0.6765625 0.046875 0.0578125
1 0.3578125 0.38671875 0.04375 0.053125
1 0.61015625 0.95546875 0.0421875 0.05
1 0.4078125 0.80546875 0.040625 0.05
0 0.74921875 0.95234375 0.0578125 0.0953125
1 0.221875 0.2828125 0.046875 0.05625
1 0.64609375 0.7578125 0.0421875 0.046875
1 0.18203125 0.946875 0.040625 0.0453125
1 0.5296875 0.378125 0.05 0.0546875
1 0.93984375 0.6140625 0.040625 0.0515625
1 0.53671875 0.434375 0.0359375 0.0421875
1 0.98125 0.87421875 0.0375 0.046875
1 0.17734375 0.8171875 0.04375 0.046875
0 0.678125 0.57734375 0.0484375 0.1046875
1 0.09765625 0.3515625 0.05 0.065625
1 0.740625 0.03515625 0.053125 0.065625
1 0.78828125 0.046875 0.046875 0.05625
1 0.76015625 0.7015625 0.0375 0.0484375
1 0.93828125 0.67421875 0.034375 0.04375
1 0.07578125 0.60078125 0.034375 0.0421875
0 0.25546875 0.39609375 0.0546875 0.09375
1 0.2703125 0.0390625 0.03125 0.0359375
1 0.98515625 0.36796875 0.0296875 0.059375
1 0.94765625 0.2609375 0.03125 0.0421875
1 0.9890625 0.275 0.021875 0.0515625
1 0.98671875 0.2265625 0.0265625 0.05
1 0.98984375 0.7953125 0.0203125 0.0375
1 0.990625 0.93984375 0.01875 0.04375
1 0.90546875 0.98515625 0.0359375 0.0296875