0 0.2390625 0.81015625 0.1078125 0.0671875
0 0.40859375 0.08125 0.084375 0.0796875
1 0.0953125 0.0859375 0.0484375 0.053125
1 0.24453125 0.20234375 0.0453125 0.0578125
0 0.7578125 0.6703125 0.05625 0.09375
0 0.0390625 0.74453125 0.078125 0.0953125
1 0.32578125 0.965625 0.0453125 0.0546875
1 0.7328125 0.46015625 0.0453125 0.0484375
1 0.93671875 0.46328125 0.0421875 0.0453125
1 0.696875 0.34453125 0.0375 0.0453125
1 0.23671875 0.64609375 0.046875 0.0546875
1 0.8703125 0.76875 0.0390625 0.0453125
1 0.91484375 0.54140625 0.040625 0.0453125
1 0.3484375 0.428125 0.046875 0.053125
1 0.66171875 0.5171875 0.040625 0.04375
1 0.7078125 0.13984375 0.0421875 0.0453125
1 0.95625 0.3125 0.0453125 0.059375
1 0.20546875 0.34140625 0.0453125 0.053125
0 0.5015625 0.44296875 0.0765625 0.08125
1 0.06328125 0.22734375 0.04375 0.0578125
1 0.221875 0.5234375 0.0484375 0.0546875
1 0.43203125 0.6578125 0.0390625 0.0421875
1 0.15390625 0.56953125 0.046875 0.0546875
0 0.76640625 0.946875 0.0734375 0.0578125
0 0.77890625 0.2609375 0.065625 0.065625
1 0.2375 0.725 0.046875 0.0546875
1 0.96015625 0.70234375 0.0390625 0.04375
1 0.590625 0.928125 0.046875 0.0515625
1 0.51796875 0.36640625 0.0484375 0.0578125
1 0.34921875 0.2359375 0.04375 0.0484375
1 0.91171875 0.7203125 0.0421875 0.0484375
1 0.05859375 0.31328125 0.0453125 0.05625
1 0.93125 0.2125 0.0390625 0.04375
1 0.7515625 0.19140625 0.0421875 0.0453125
0 0.39296875 0.8390625 0.075 0.10625
0 0.23359375 0.965625 0.053125 0.06875
1 0.7015625 0.825 0.0421875 0.0453125
1 0.16328125 0.47109375 0.0453125 0.0546875
1 0.98203125 0.40625 0.0359375 0.046875
1 0.2515625 0.42109375 0.040625 0.0453125
1 0.87265625 0.36171875 0.0421875 0.0515625
1 0.596875 0.1625 0.0390625 0.0484375
1 0.30625 0.35546875 0.046875 0.05625
1 0.96875 0.628125 0.040625 0.046875
1 0.2859375 0.87890625 0.04375 0.0515625
1 0.83203125 0.171875 0.040625 0.0453125
1 0.859375 0.86796875 0.0390625 0.04375
0 0.5984375 0.59609375 0.0484375 0.08125
1 0.5078125 0.30625 0.046875 0.053125
0 0.46640625 0.76484375 0.075 0.046875
1 0.57890625 0.784375 0.0390625 0.04375
1 0.7328125 0.7765625 0.0390625 0.04375
1 0.75234375 0.10390625 0.0421875 0.0453125
1 0.80625 0.7953125 0.04375 0.0546875
1 0.8328125 0.65390625 0.0359375 0.046875
1 0.39453125 0.31953125 0.0453125 0.0515625
1 0.82265625 0.33359375 0.04375 0.0484375
1 0.65859375 0.88125 0.0421875 0.04375
1 0.1671875 0.665625 0.0421875 0.04375
1 0.67109375 0.62421875 0.04375 0.0546875
1 0.91953125 0.046875 0.04375 0.053125
1 0.80234375 0.02421875 0.040625 0.0421875
1 0.59375 0.3640625 0.0390625 0.046875
1 0.48984375 0.09765625 0.0421875 0.0546875
1 0.10234375 0.6984375 0.040625 0.04375
0 0.19296875 0.1234375 0.0984375 0.06875
1 0.11328125 0.96484375 0.0421875 0.0484375
0 0.89453125 0.10390625 0.0578125 0.059375
0 0.10859375 0.82578125 0.05 0.103125
1 0.6421875 0.171875 0.0390625 0.046875
0 0.3828125 0.5546875 0.08125 0.0609375
1 0.646875 0.2671875 0.04375 0.0484375
1 0.71328125 0.59296875 0.040625 0.04375
1 0.509375 0.98046875 0.0453125 0.0390625
1 0.4390625 0.20234375 0.040625 0.0453125
1 0.06953125 0.584375 0.034375 0.04375
1 0.071875 0.934375 0.040625 0.0453125
1 0.17109375 0.97109375 0.0375 0.046875
0 0.28984375 0.509375 0.0609375 0.0484375
0 0.5734375 0.70625 0.06875 0.0671875
1 0.0515625 0.39375 0.0375 0.04375
1 0.3171875 0.7109375 0.046875 0.0546875
1 0.0765625 0.0171875 0.0421875 0.034375
1 0.24375 0.00859375 0.0359375 0.0171875
1 0.99296875 0.54609375 0.0140625 0.0453125
1 0.953125 0.99296875 0.028125 0.0140625
1 0.0109375 0.96484375 0.021875 0.04375
1 0.01328125 0.63984375 0.0265625 0.0484375
1 0.15625 0.00859375 0.0375 0.0171875