1 0.5125 0.05859375 0.0453125 0.059375
1 0.46953125 0.33828125 0.046875 0.0546875
1 0.1765625 0.26484375 0.0375 0.046875
1 0.87734375 0.3734375 0.0453125 0.0546875
1 0.253125 0.865625 0.04375 0.0609375
1 0.73984375 0.32265625 0.04375 0.0546875
1 0.18359375 0.36796875 0.0453125 0.059375
1 0.1296875 0.88984375 0.04375 0.05625
1 0.55390625 0.55859375 0.046875 0.0546875
1 0.62890625 0.05078125 0.0453125 0.059375
1 0.36640625 0.10234375 0.0421875 0.059375
1 0.028125 0.54140625 0.04375 0.0578125
1 0.6875 0.634375 0.0453125 0.0578125
1 0.6703125 0.43671875 0.04375 0.059375
1 0.81015625 0.28984375 0.0453125 0.059375
1 0.6359375 0.815625 0.040625 0.0515625
1 0.4703125 0.41484375 0.046875 0.0546875
1 0.3984375 0.371875 0.04375 0.0546875
1 0.4390625 0.58828125 0.046875 0.059375
1 0.44765625 0.79140625 0.04375 0.053125
1 0.725 0.71484375 0.04375 0.0546875
1 0.36171875 0.43203125 0.046875 0.0578125
1 0.721875 0.8 0.0421875 0.05
1 0.746875 0.46484375 0.04375 0.0578125
1 0.54765625 0.771875 0.04375 0.0546875
1 0.66796875 0.5359375 0.046875 0.0578125
1 0.63515625 0.11875 0.0453125 0.0546875
1 0.9765625 0.12265625 0.046875 0.0671875
1 0.1734375 0.590625 0.040625 0.05
1 0.18515625 0.93203125 0.04375 0.0546875
1 0.9515625 0.4078125 0.0453125 0.0578125
1 0.79453125 0.19140625 0.04375 0.05625
1 0.85859375 0.096875 0.053125 0.065625
1 0.39765625 0.88828125 0.0421875 0.053125
1 0.11875 0.4296875 0.0453125 0.053125
1 0.078125 0.675 0.04375 0.0546875
1 0.47109375 0.51875 0.046875 0.0578125
0 0.5890625 0.2078125 0.078125 0.084375
1 0.8640625 0.6640625 0.0453125 0.0609375
1 0.2328125 0.053125 0.0421875 0.0578125
0 0.884375 0.4953125 0.0890625 0.0875
1 0.6859375 0.846875 0.04375 0.0546875
1 0.29765625 0.4015625 0.0390625 0.0484375
1 0.45546875 0.15703125 0.0453125 0.05625
1 0.05546875 0.34140625 0.0390625 0.0453125
1 0.9421875 0.3046875 0.040625 0.046875
1 0.36015625 0.803125 0.0421875 0.053125
1 0.56796875 0.4640625 0.04375 0.05625
1 0.8984375 0.20390625 0.04375 0.05625
1 0.553125 0.84296875 0.040625 0.0453125
1 0.190625 0.79765625 0.0453125 0.0578125
1 0.06640625 0.1484375 0.0375 0.046875
1 0.26484375 0.5609375 0.0390625 0.046875
1 0.8234375 0.81171875 0.0453125 0.05625
0 0.10859375 0.08515625 0.0515625 0.0765625
1 0.6078125 0.6015625 0.0453125 0.0546875
1 0.29765625 0.16875 0.0390625 0.046875
1 0.33203125 0.2734375 0.0390625 0.0484375
0 0.01875 0.203125 0.0375 0.0796875
1 0.284375 0.65546875 0.046875 0.059375
1 0.909375 0.83828125 0.0453125 0.05625
1 0.75390625 0.934375 0.0453125 0.05625
0 0.48359375 0.85625 0.0609375 0.0640625
1 0.265625 0.2390625 0.040625 0.046875
1 0.02734375 0.7859375 0.04375 0.0515625
1 0.60078125 0.88671875 0.0390625 0.0484375
1 0.95390625 0.19765625 0.04375 0.053125
1 0.56640625 0.97578125 0.046875 0.0484375
1 0.12578125 0.7328125 0.0421875 0.046875
1 0.02578125 0.27421875 0.0390625 0.0453125
1 0.03671875 0.94140625 0.0390625 0.046875
0 0.71171875 0.1984375 0.078125 0.09375
1 0.10859375 0.54609375 0.04375 0.0515625
1 0.128125 0.31015625 0.0375 0.0421875
1 0.36796875 0.74375 0.0421875 0.046875
1 0.7734375 0.78125 0.034375 0.0421875
1 0.0203125 0.0671875 0.0375 0.046875
1 0.74765625 0.9828125 0.0453125 0.034375
1 0.73984375 0.546875 0.0453125 0.05
1 0.2078125 0.6875 0.0453125 0.0484375
1 0.38046875 0.040625 0.04375 0.0484375
1 0.675 0.74453125 0.046875 0.0546875
1 0.06328125 0.00859375 0.0296875 0.0171875
1 0.97109375 0.01328125 0.0328125 0.0265625
1 0.625 0.2921875 0.0484375 0.05
1 0.9859375 0.78046875 0.028125 0.0640625
1 0.9828125 0.5109375 0.034375 0.0484375
1 0.0609375 0.875 0.0484375 0.0484375
1 0.93046875 0.93046875 0.040625 0.0515625