1 0.2859375 0.18125 0.04375 0.05625
1 0.89140625 0.77734375 0.046875 0.05625
1 0.41015625 0.09921875 0.0484375 0.0671875
1 0.73125 0.85859375 0.04375 0.0515625
1 0.234375 0.809375 0.0453125 0.0578125
1 0.78046875 0.76796875 0.0453125 0.0546875
1 0.7171875 0.309375 0.040625 0.0515625
1 0.5234375 0.52578125 0.0515625 0.065625
1 0.1796875 0.2203125 0.0453125 0.0546875
1 0.0921875 0.4734375 0.0453125 0.059375
1 0.2703125 0.37421875 0.0453125 0.05625
1 0.86640625 0.984375 0.046875 0.03125
1 0.753125 0.10859375 0.04375 0.05625
1 0.890625 0.17265625 0.04375 0.053125
1 0.653125 0.68359375 0.046875 0.0578125
1 0.7328125 0.42421875 0.0390625 0.0546875
1 0.66015625 0.80234375 0.046875 0.05625
1 0.79765625 0.43515625 0.040625 0.0546875
1 0.7828125 0.5734375 0.0421875 0.0546875
1 0.265625 0.2875 0.04375 0.053125
1 0.5046875 0.9015625 0.04375 0.05625
1 0.21640625 0.53125 0.0453125 0.05625
1 0.50859375 0.18046875 0.0390625 0.053125
1 0.434375 0.6015625 0.0453125 0.0578125
1 0.86484375 0.32890625 0.046875 0.053125
1 0.1484375 0.55703125 0.05 0.0640625
1 0.471875 0.671875 0.04375 0.053125
1 0.72265625 0.67578125 0.04375 0.05625
1 0.1828125 0.74140625 0.0421875 0.0515625
1 0.9265625 0.2484375 0.04375 0.053125
1 0.4375 0.87265625 0.05 0.06875
1 0.23359375 0.61171875 0.0421875 0.0578125
1 0.2609375 0.0234375 0.04375 0.046875
1 0.80234375 0.6578125 0.040625 0.0546875
1 0.53046875 0.6078125 0.0484375 0.053125
1 0.64140625 0.96015625 0.04375 0.0578125
1 0.16171875 0.978125 0.0453125 0.04375
1 0.45390625 0.528125 0.0390625 0.05
1 0.40859375 0.48828125 0.04375 0.0515625
1 0.659375 0.42734375 0.040625 0.0578125
1 0.82734375 0.52578125 0.0453125 0.05
1 0.840625 0.16015625 0.0390625 0.046875
1 0.32890625 0.64921875 0.0453125 0.0546875
1 0.6515625 0.2546875 0.04375 0.0546875
1 0.9609375 0.75 0.0484375 0.0546875
1 0.10546875 0.29921875 0.046875 0.0546875
1 0.03515625 0.05234375 0.0453125 0.0546875
1 0.596875 0.80859375 0.046875 0.0546875
1 0.95546875 0.31875 0.0453125 0.053125
1 0.978125 0.65390625 0.04375 0.0453125
1 0.9 0.615625 0.0515625 0.059375
1 0.56796875 0.4125 0.040625 0.053125
1 0.79296875 0.27109375 0.0484375 0.0484375
1 0.54765625 0.79765625 0.046875 0.05
1 0.88046875 0.84140625 0.0484375 0.05625
1 0.39296875 0.15625 0.04375 0.0546875
1 0.43203125 0.196875 0.0453125 0.05625
1 0.09375 0.596875 0.0515625 0.0609375
1 0.2625 0.740625 0.046875 0.0546875
1 0.3171875 0.74765625 0.0484375 0.059375
1 0.05703125 0.24453125 0.0359375 0.046875
1 0.28515625 0.92109375 0.0484375 0.053125
1 0.584375 0.684375 0.04375 0.05
1 0.18359375 0.36328125 0.0421875 0.0484375
1 0.190625 0.3109375 0.0375 0.0390625
1 0.14453125 0.01171875 0.0421875 0.0234375
1 0.98828125 0.45546875 0.0234375 0.05625
1 0.39921875 0.98984375 0.0421875 0.0203125
1 0.053125 0.9859375 0.0421875 0.028125
1 0.01015625 0.9453125 0.0203125 0.0453125
1 0.751375 0.185 0.048499999999999946 0.04109375000000002
1 0.756703125 0.222265625 0.049046874999999976 0.03970312500000004
1 0.865984375 0.06996875 0.03909374999999997 0.043796875
1 0.8710000000000001 0.029562500000000002 0.03742187500000007 0.036671875
1 0.439140625 0.363640625 0.05287500000000005 0.05254687499999999
1 0.458203125 0.40896875 0.04409375000000004 0.04879687500000003
1 0.897546875 0.393296875 0.041921874999999886 0.04487499999999996
1 0.2228125 0.89334375 0.047859374999999996 0.046484375
1 0.23557812500000003 0.9247343750000001 0.04048437500000004 0.04248437500000009