1 0.08828125 0.47421875 0.0515625 0.0703125
1 0.7453125 0.71875 0.0421875 0.053125
1 0.4234375 0.64296875 0.04375 0.05625
1 0.8125 0.29453125 0.0421875 0.0546875
1 0.54296875 0.45390625 0.0375 0.0453125
1 0.11640625 0.06953125 0.04375 0.053125
1 0.72890625 0.17890625 0.040625 0.0546875
1 0.44296875 0.18046875 0.040625 0.0453125
1 0.29140625 0.19140625 0.04375 0.053125
1 0.59609375 0.7515625 0.0453125 0.0546875
1 0.3546875 0.82734375 0.0421875 0.0578125
1 0.67890625 0.86484375 0.0359375 0.04375
1 0.6703125 0.63671875 0.040625 0.0578125
1 0.41796875 0.29609375 0.0375 0.046875
1 0.928125 0.38203125 0.0390625 0.05625
1 0.1609375 0.73671875 0.04375 0.05625
1 0.49453125 0.11328125 0.040625 0.046875
1 0.80859375 0.50625 0.040625 0.0609375
1 0.69609375 0.7859375 0.0390625 0.05
1 0.63515625 0.196875 0.0421875 0.0546875
1 0.384375 0.05 0.0453125 0.05625
1 0.90078125 0.81015625 0.0453125 0.059375
1 0.55546875 0.84765625 0.0421875 0.05
1 0.228125 0.4625 0.046875 0.0578125
1 0.03984375 0.859375 0.04375 0.0578125
1 0.1765625 0.27734375 0.046875 0.059375
1 0.47890625 0.2875 0.034375 0.0453125
1 0.303125 0.703125 0.04375 0.0453125
1 0.36015625 0.96171875 0.04375 0.0546875
1 0.64375 0.9265625 0.0421875 0.0609375
1 0.1109375 0.3796875 0.04375 0.053125
1 0.63359375 0.0203125 0.0390625 0.040625
1 0.86484375 0.44453125 0.0390625 0.0546875
1 0.45390625 0.7328125 0.046875 0.0546875
1 0.1625 0.95 0.0359375 0.0421875
1 0.284375 0.5234375 0.040625 0.0578125
1 0.775 0.78359375 0.0359375 0.0453125
1 0.93515625 0.64375 0.04375 0.053125
1 0.53359375 0.178125 0.0359375 0.046875
1 0.9765625 0.1484375 0.040625 0.053125
1 0.42578125 0.4375 0.040625 0.0453125
1 0.8140625 0.03515625 0.040625 0.053125
1 0.34765625 0.45390625 0.040625 0.0484375
1 0.98671875 0.52109375 0.0265625 0.0421875
1 0.759375 0.3828125 0.0359375 0.04375
1 0.53828125 0.93671875 0.0421875 0.0515625
1 0.01796875 0.93828125 0.0359375 0.05
1 0.75546875 0.05 0.0359375 0.053125
1 0.984375 0.27109375 0.03125 0.040625
1 0.5578125 0.3609375 0.034375 0.0390625
1 0.715625 0.046875 0.0390625 0.0515625
1 0.7671875 0.6171875 0.040625 0.053125
1 0.59375 0.38125 0.034375 0.0484375
1 0.90859375 0.025 0.0359375 0.05
1 0.73125 0.2625 0.03125 0.040625
1 0.86640625 0.31171875 0.034375 0.0453125
1 0.896875 0.24921875 0.034375 0.0421875
1 0.9421875 0.26328125 0.0328125 0.053125
1 0.9671875 0.58359375 0.034375 0.0484375
1 0.53515625 0.540625 0.0453125 0.0546875
1 0.4203125 0.50859375 0.040625 0.05
1 0.18203125 0.07578125 0.034375 0.046875
1 0.24453125 0.06328125 0.0390625 0.0390625
1 0.93359375 0.8734375 0.034375 0.0453125
1 0.9609375 0.81796875 0.0390625 0.0515625
1 0.40078125 0.12734375 0.0359375 0.0515625
1 0.0640625 0.0109375 0.0359375 0.021875
1 0.990625 0.95078125 0.01875 0.05
1 0.12890625 0.8484375 0.0359375 0.034375
1 0.342609375 0.3383125 0.041703124999999994 0.04045312499999998
1 0.31278125 0.36665625 0.041703124999999994 0.041921874999999977
1 0.5905625 0.595796875 0.040000000000000036 0.04943749999999998
1 0.61553125 0.579421875 0.04487500000000004 0.04520312499999992
1 0.226875 0.9477343749999999 0.02776562499999997 0.034375
1 0.243859375 0.9317968750000001 0.031265624999999984 0.03578125000000014
1 0.254828125 0.8817812500000001 0.03795312500000003 0.03690624999999983
1 0.24343750000000003 0.844625 0.03853125000000004 0.03826562500000001
1 0.305546875 0.83690625 0.04018750000000004 0.03831249999999997
1 0.30153125 0.7897187500000001 0.037171875000000035 0.04375000000000009
1 0.40335937499999996 0.883203125 0.036656250000000015 0.04545312499999987
1 0.43326562500000004 0.8696875000000001 0.03682812500000008 0.04320312500000014
1 0.936375 0.7430625 0.03795312499999994 0.03806250000000002
1 0.940453125 0.709765625 0.04237499999999983 0.035812499999999935
1 0.5756875 0.09471874999999999 0.03662500000000009 0.03734374999999999
1 0.5763281250000001 0.066265625 0.037484375000000014 0.03171875