0 0.48671875 0.06171875 0.0734375 0.075
0 0.79453125 0.81484375 0.0734375 0.0859375
0 0.615625 0.6046875 0.0859375 0.0578125
1 0.065625 0.80703125 0.0421875 0.053125
1 0.109375 0.909375 0.053125 0.071875
1 0.78125 0.32890625 0.0453125 0.0578125
1 0.0609375 0.5546875 0.0453125 0.053125
1 0.45703125 0.23046875 0.0421875 0.053125
1 0.10625 0.490625 0.0453125 0.053125
1 0.8671875 0.65390625 0.0453125 0.05625
1 0.66328125 0.103125 0.0453125 0.0546875
1 0.95859375 0.79375 0.04375 0.053125
1 0.2859375 0.71796875 0.040625 0.059375
1 0.30625 0.1140625 0.0484375 0.0546875
1 0.525 0.3625 0.046875 0.0546875
1 0.5953125 0.8078125 0.0421875 0.05
1 0.34140625 0.2 0.0484375 0.053125
1 0.246875 0.51015625 0.046875 0.0578125
1 0.2203125 0.425 0.04375 0.0453125
1 0.68359375 0.69765625 0.0421875 0.053125
1 0.51640625 0.72578125 0.040625 0.0578125
1 0.0609375 0.69765625 0.04375 0.0546875
1 0.3421875 0.93046875 0.0421875 0.053125
1 0.5921875 0.70546875 0.04375 0.0515625
1 0.375 0.43125 0.0453125 0.0578125
1 0.49609375 0.83203125 0.0421875 0.053125
1 0.44375 0.82890625 0.040625 0.05625
1 0.88125 0.2078125 0.04375 0.05625
1 0.39609375 0.6203125 0.0453125 0.0546875
1 0.121875 0.11171875 0.046875 0.05
1 0.27421875 0.27578125 0.04375 0.05625
1 0.58671875 0.5109375 0.0421875 0.0515625
1 0.325 0.7796875 0.0453125 0.0546875
1 0.3953125 0.88828125 0.0390625 0.053125
1 0.69609375 0.1578125 0.0484375 0.0609375
1 0.23984375 0.04765625 0.0484375 0.0546875
1 0.37421875 0.7296875 0.04375 0.0515625
1 0.81015625 0.421875 0.04375 0.0578125
1 0.9546875 0.534375 0.0453125 0.0546875
1 0.69609375 0.31171875 0.0421875 0.05
1 0.08203125 0.025 0.046875 0.05
1 0.95390625 0.87890625 0.0421875 0.05
1 0.22578125 0.209375 0.0453125 0.05
1 0.1484375 0.18125 0.05 0.059375
0 0.56875 0.21796875 0.0890625 0.084375
1 0.4640625 0.3546875 0.0484375 0.059375
1 0.8375 0.978125 0.04375 0.04375
1 0.43203125 0.03046875 0.0453125 0.0546875
1 0.603125 0.0328125 0.046875 0.05
1 0.68203125 0.84921875 0.040625 0.046875
1 0.1765625 0.11875 0.0453125 0.053125
1 0.6859375 0.44609375 0.0421875 0.0453125
1 0.01796875 0.36015625 0.0359375 0.0546875
1 0.49453125 0.58984375 0.0484375 0.0578125
1 0.03046875 0.1359375 0.046875 0.053125
1 0.81640625 0.084375 0.040625 0.0453125
1 0.20390625 0.86171875 0.0453125 0.0546875
1 0.6671875 0.24765625 0.04375 0.0515625
1 0.2734375 0.61484375 0.05 0.0546875
0 0.70234375 0.93828125 0.0859375 0.0671875
1 0.7421875 0.75 0.04375 0.046875
1 0.9578125 0.1140625 0.0421875 0.05
1 0.93515625 0.23359375 0.0375 0.0484375
1 0.73203125 0.68125 0.0390625 0.04375
1 0.1453125 0.58984375 0.0421875 0.0453125
1 0.4421875 0.7 0.0359375 0.053125
1 0.521875 0.9609375 0.0453125 0.053125
1 0.86640625 0.390625 0.040625 0.0546875
1 0.77109375 0.175 0.0453125 0.053125
1 0.57421875 0.3203125 0.034375 0.0453125
1 0.609375 0.42421875 0.0328125 0.0421875
1 0.6515625 0.39296875 0.0359375 0.0421875
1 0.60625 0.353125 0.0359375 0.0421875
1 0.3609375 0.30625 0.04375 0.046875
1 0.84453125 0.2703125 0.0359375 0.0453125
1 0.66015625 0.01328125 0.0390625 0.0265625
1 0.984375 0.14453125 0.03125 0.04375
1 0.63046875 0.9859375 0.04375 0.028125
1 0.00859375 0.87421875 0.0171875 0.0515625
1 0.04609375 0.9796875 0.0375 0.040625