0 0.0546875 0.21171875 0.0828125 0.06875
0 0.58515625 0.15078125 0.053125 0.084375
1 0.61484375 0.4 0.04375 0.053125
1 0.409375 0.771875 0.0453125 0.0546875
1 0.48828125 0.1609375 0.04375 0.05625
1 0.21875 0.32421875 0.0421875 0.0515625
1 0.9640625 0.378125 0.04375 0.0546875
1 0.93046875 0.96640625 0.04375 0.053125
1 0.81484375 0.1015625 0.0390625 0.05
1 0.57734375 0.96640625 0.0453125 0.0546875
1 0.11875 0.2390625 0.046875 0.0546875
1 0.43046875 0.21328125 0.0421875 0.0515625
1 0.56875 0.903125 0.04375 0.0546875
1 0.58203125 0.71875 0.05 0.0640625
1 0.10859375 0.67890625 0.0421875 0.053125
0 0.546875 0.59296875 0.08125 0.0796875
1 0.3234375 0.95234375 0.0453125 0.053125
1 0.55390625 0.24296875 0.04375 0.0515625
1 0.04375 0.43984375 0.0421875 0.053125
1 0.63671875 0.9734375 0.0453125 0.053125
1 0.82578125 0.4890625 0.0453125 0.053125
1 0.95 0.0453125 0.053125 0.0671875
0 0.74609375 0.05390625 0.059375 0.090625
1 0.80703125 0.328125 0.0421875 0.05625
1 0.634375 0.22421875 0.0390625 0.0453125
1 0.1828125 0.39765625 0.0453125 0.05
1 0.06484375 0.13125 0.0453125 0.0546875
1 0.44609375 0.60546875 0.0453125 0.053125
1 0.309375 0.853125 0.0421875 0.05
1 0.21484375 0.19375 0.04375 0.05625
1 0.92265625 0.5578125 0.04375 0.053125
1 0.5453125 0.49296875 0.04375 0.0484375
1 0.853125 0.38359375 0.0453125 0.05625
1 0.35078125 0.7171875 0.05 0.05625
1 0.0859375 0.75703125 0.04375 0.05
1 0.50078125 0.4203125 0.04375 0.053125
1 0.7453125 0.8125 0.0484375 0.0578125
1 0.290625 0.65703125 0.0453125 0.0546875
1 0.628125 0.85546875 0.046875 0.05625
1 0.16953125 0.584375 0.0421875 0.053125
1 0.2 0.4796875 0.04375 0.0515625
1 0.47890625 0.8203125 0.046875 0.0546875
1 0.36015625 0.23046875 0.0421875 0.0546875
1 0.3734375 0.41015625 0.040625 0.0515625
1 0.7953125 0.60546875 0.04375 0.05625
1 0.7109375 0.44375 0.0375 0.0453125
1 0.87890625 0.25390625 0.0421875 0.0515625
1 0.678125 0.5984375 0.04375 0.0515625
1 0.665625 0.74453125 0.04375 0.0515625
1 0.97421875 0.1546875 0.0453125 0.05625
1 0.91640625 0.165625 0.0359375 0.0453125
1 0.94140625 0.65703125 0.0421875 0.05625
1 0.75 0.2203125 0.0484375 0.0578125
0 0.2765625 0.20859375 0.0515625 0.08125
1 0.45234375 0.70390625 0.0484375 0.0515625
1 0.9796875 0.9734375 0.040625 0.053125
1 0.0390625 0.8265625 0.0453125 0.053125
0 0.54765625 0.33125 0.078125 0.046875
0 0.89375 0.475 0.05625 0.0765625
1 0.35546875 0.496875 0.05 0.05625
1 0.4078125 0.375 0.0375 0.04375
1 0.12109375 0.8359375 0.04375 0.0515625
1 0.79765625 0.9359375 0.04375 0.05
1 0.72109375 0.74375 0.04375 0.0515625
0 0.2125 0.8453125 0.0703125 0.0859375
1 0.0703125 0.365625 0.0421875 0.046875
1 0.696875 0.1921875 0.0375 0.0453125
1 0.14375 0.92890625 0.0390625 0.0453125
1 0.15859375 0.725 0.04375 0.05625
1 0.20078125 0.859375 0.04375 0.05625
1 0.14765625 0.4515625 0.0453125 0.0484375
1 0.25859375 0.12578125 0.04375 0.05
1 0.6296875 0.64296875 0.05 0.0546875
1 0.39609375 0.01171875 0.0390625 0.0234375
1 0.9921875 0.659375 0.015625 0.04375
1 0.846875 0.98984375 0.0375 0.0203125
1 0.2625 0.99140625 0.0328125 0.0171875
1 0.1125 0.9875 0.0375 0.025
1 0.0109375 0.9890625 0.021875 0.021875