1 0.86875 0.740625 0.040625 0.0421875
1 0.8484375 0.88984375 0.040625 0.04375
1 0.66875 0.05703125 0.046875 0.0546875
1 0.95546875 0.6125 0.0453125 0.0515625
1 0.16640625 0.81171875 0.04375 0.059375
1 0.55078125 0.70625 0.0421875 0.05625
1 0.0890625 0.96875 0.0484375 0.0578125
1 0.3140625 0.86953125 0.046875 0.0578125
1 0.9265625 0.9578125 0.0421875 0.05
0 0.75859375 0.1109375 0.05 0.10625
1 0.88359375 0.6625 0.0390625 0.04375
1 0.1859375 0.3375 0.040625 0.053125
1 0.40859375 0.39609375 0.0390625 0.0546875
1 0.76171875 0.7125 0.046875 0.05
1 0.07734375 0.721875 0.0484375 0.0515625
1 0.88828125 0.440625 0.04375 0.0484375
1 0.4109375 0.90859375 0.0453125 0.05625
1 0.75859375 0.6515625 0.0390625 0.04375
1 0.2609375 0.10703125 0.046875 0.053125
1 0.7765625 0.5625 0.0390625 0.046875
1 0.97734375 0.33828125 0.0453125 0.0546875
1 0.0234375 0.31796875 0.04375 0.053125
0 0.87421875 0.25078125 0.0734375 0.0546875
1 0.28203125 0.2546875 0.0421875 0.0578125
1 0.85859375 0.81171875 0.0421875 0.0421875
1 0.459375 0.82578125 0.040625 0.0578125
0 0.046875 0.53828125 0.0734375 0.05625
1 0.02890625 0.63984375 0.05 0.059375
1 0.7796875 0.921875 0.0359375 0.040625
1 0.06328125 0.21875 0.0515625 0.0546875
1 0.3359375 0.25234375 0.0390625 0.053125
1 0.25703125 0.81328125 0.046875 0.059375
1 0.51171875 0.54375 0.040625 0.0515625
1 0.8828125 0.35 0.0484375 0.0546875
1 0.725 0.48125 0.046875 0.0546875
1 0.840625 0.05234375 0.0453125 0.053125
1 0.9671875 0.3953125 0.0453125 0.0546875
1 0.51328125 0.83671875 0.0421875 0.05625
1 0.3578125 0.04609375 0.0484375 0.0578125
1 0.475 0.03515625 0.0484375 0.053125
1 0.090625 0.7984375 0.0421875 0.05625
1 0.47578125 0.3125 0.0421875 0.0546875
0 0.61484375 0.74375 0.0546875 0.0859375
1 0.96796875 0.48203125 0.04375 0.05
1 0.6546875 0.9625 0.04375 0.05
1 0.63515625 0.2953125 0.040625 0.053125
1 0.62734375 0.6421875 0.04375 0.05
1 0.11953125 0.3328125 0.04375 0.059375
1 0.2125 0.90078125 0.04375 0.05
1 0.2375 0.58671875 0.0453125 0.0578125
1 0.4484375 0.15703125 0.0421875 0.0484375
1 0.84609375 0.2984375 0.05 0.0546875
1 0.4625 0.09609375 0.040625 0.05
1 0.43671875 0.3109375 0.0375 0.0515625
1 0.46328125 0.41015625 0.04375 0.053125
1 0.8203125 0.40546875 0.040625 0.0515625
1 0.834375 0.478125 0.0421875 0.046875
1 0.86484375 0.2 0.046875 0.0484375
1 0.11328125 0.66640625 0.0453125 0.0484375
1 0.0171875 0.22265625 0.034375 0.05
1 0.43125 0.590625 0.046875 0.0671875
1 0.15859375 0.48125 0.0453125 0.053125
1 0.134375 0.18671875 0.0453125 0.046875
0 0.91640625 0.840625 0.0625 0.05
1 0.1484375 0.53359375 0.046875 0.053125
0 0.70390625 0.8609375 0.0703125 0.053125
0 0.25703125 0.3453125 0.0671875 0.10625
1 0.8171875 0.79296875 0.0375 0.0375
1 0.90625 0.05390625 0.040625 0.046875
1 0.72265625 0.79921875 0.0375 0.046875
1 0.1734375 0.1390625 0.0453125 0.0515625
1 0.28984375 0.53125 0.04375 0.0484375
1 0.30390625 0.75 0.0390625 0.0453125
1 0.38046875 0.67265625 0.04375 0.0515625
1 0.26796875 0.94609375 0.040625 0.0515625
1 0.45625 0.24921875 0.0359375 0.040625
0 0.56953125 0.1609375 0.059375 0.05625
0 0.9765625 0.1953125 0.046875 0.0640625
0 0.2078125 0.459375 0.046875 0.0828125
0 0.321875 0.425 0.059375 0.1
1 0.47109375 0.61875 0.0453125 0.0625
1 0.72265625 0.0296875 0.0484375 0.05
1 0.69140625 0.11796875 0.0421875 0.0453125
1 0.71640625 0.2609375 0.0453125 0.0515625
1 0.96171875 0.71875 0.0328125 0.0453125
1 0.15234375 0.9859375 0.04375 0.028125
1 0.86796875 0.9859375 0.053125 0.028125
1 0.9875 0.69375 0.025 0.046875
1 0.9859375 0.55234375 0.028125 0.053125