1 0.0625 0.46796875 0.0421875 0.0546875
1 0.01953125 0.81640625 0.0390625 0.05
1 0.91875 0.746875 0.04375 0.04375
1 0.90546875 0.20625 0.0453125 0.0546875
1 0.0828125 0.7125 0.046875 0.0578125
1 0.434375 0.94609375 0.0484375 0.0578125
1 0.5671875 0.846875 0.053125 0.0640625
1 0.4796875 0.3015625 0.040625 0.0421875
0 0.7640625 0.6234375 0.0609375 0.1015625
1 0.69453125 0.46328125 0.04375 0.053125
1 0.01875 0.73671875 0.0375 0.0546875
0 0.48984375 0.89375 0.078125 0.0703125
1 0.36796875 0.7078125 0.053125 0.065625
1 0.9703125 0.20625 0.0453125 0.053125
1 0.2453125 0.20078125 0.046875 0.0546875
1 0.66640625 0.09765625 0.040625 0.046875
1 0.3140625 0.265625 0.046875 0.0515625
1 0.2046875 0.6875 0.0453125 0.0546875
1 0.60390625 0.06484375 0.040625 0.04375
1 0.784375 0.98125 0.04375 0.0375
1 0.146875 0.42109375 0.04375 0.05
1 0.7890625 0.14140625 0.04375 0.05625
1 0.19453125 0.871875 0.0546875 0.0609375
1 0.05546875 0.92578125 0.05 0.0625
1 0.94609375 0.865625 0.0375 0.040625
1 0.44140625 0.5046875 0.040625 0.0515625
0 0.54609375 0.4375 0.059375 0.0671875
1 0.1 0.221875 0.0484375 0.0578125
1 0.71328125 0.33203125 0.04375 0.0578125
1 0.46484375 0.203125 0.0359375 0.04375
1 0.14140625 0.54375 0.04375 0.0546875
1 0.7078125 0.55078125 0.04375 0.0515625
1 0.3546875 0.85234375 0.046875 0.0640625
1 0.0328125 0.35703125 0.053125 0.0703125
1 0.6890625 0.1609375 0.04375 0.05625
1 0.371875 0.0984375 0.0390625 0.040625
1 0.92265625 0.26640625 0.0453125 0.053125
1 0.22578125 0.2796875 0.0453125 0.05625
1 0.6390625 0.97578125 0.04375 0.0484375
1 0.978125 0.27421875 0.0421875 0.05
1 0.62421875 0.340625 0.0375 0.046875
1 0.49453125 0.73671875 0.0421875 0.0484375
1 0.23671875 0.91015625 0.04375 0.0515625
1 0.7953125 0.75 0.0453125 0.05
1 0.221875 0.07265625 0.0453125 0.0515625
1 0.346875 0.17421875 0.0453125 0.0515625
1 0.38671875 0.5734375 0.0453125 0.053125
1 0.09375 0.0984375 0.0515625 0.059375
1 0.90390625 0.8140625 0.0390625 0.04375
1 0.54296875 0.359375 0.0390625 0.0421875
0 0.29140625 0.4296875 0.06875 0.071875
1 0.86484375 0.47578125 0.0453125 0.0578125
0 0.49296875 0.53046875 0.05 0.078125
1 0.71953125 0.9046875 0.046875 0.053125
1 0.9578125 0.6359375 0.046875 0.0546875
0 0.475 0.13125 0.0546875 0.05625
1 0.44765625 0.36953125 0.046875 0.0546875
1 0.4125 0.21953125 0.0359375 0.0375
1 0.3546875 0.3578125 0.046875 0.0546875
1 0.57578125 0.4890625 0.0359375 0.040625
1 0.596875 0.65546875 0.040625 0.0484375
1 0.9828125 0.8234375 0.034375 0.0390625
1 0.06796875 0.57890625 0.0421875 0.046875
1 0.128125 0.80546875 0.0453125 0.0484375
1 0.30625 0.1109375 0.0375 0.040625
1 0.29453125 0.525 0.0390625 0.04375
1 0.3421875 0.52421875 0.0375 0.046875
1 0.92265625 0.5765625 0.0421875 0.053125
1 0.88046875 0.66328125 0.0359375 0.04375
0 0.5296875 0.25390625 0.034375 0.0703125
0 0.60078125 0.240625 0.0390625 0.071875
1 0.8859375 0.12421875 0.034375 0.0453125
1 0.8515625 0.16796875 0.0375 0.0421875
1 0.21953125 0.009375 0.0328125 0.01875
1 0.01015625 0.23046875 0.0203125 0.0546875
1 0.98671875 0.0796875 0.0265625 0.059375
1 0.47421875 0.9890625 0.0390625 0.021875
1 0.20390625 0.98203125 0.0453125 0.0359375
1 0.01328125 0.54921875 0.0265625 0.04375
1 0.3421875 0.95703125 0.046875 0.046875