0 0.79921875 0.52578125 0.0875 0.0671875
0 0.484375 0.43359375 0.0734375 0.08125
1 0.2046875 0.93984375 0.0546875 0.06875
0 0.22109375 0.4171875 0.0546875 0.0859375
0 0.1265625 0.10390625 0.0640625 0.071875
1 0.58671875 0.04765625 0.046875 0.0625
0 0.553125 0.459375 0.0484375 0.0796875
1 0.64921875 0.0859375 0.046875 0.065625
1 0.81171875 0.609375 0.04375 0.0578125
0 0.296875 0.63671875 0.084375 0.0578125
1 0.01875 0.19453125 0.0375 0.046875
1 0.696875 0.225 0.04375 0.053125
1 0.3640625 0.3359375 0.0375 0.040625
1 0.18046875 0.29765625 0.040625 0.05
1 0.29453125 0.790625 0.046875 0.0484375
1 0.115625 0.6359375 0.0453125 0.0578125
1 0.07890625 0.2703125 0.0484375 0.053125
1 0.5921875 0.15859375 0.0453125 0.0453125
1 0.8890625 0.74609375 0.040625 0.05
0 0.540625 0.58515625 0.0625 0.0515625
1 0.134375 0.21015625 0.0375 0.040625
1 0.265625 0.5609375 0.040625 0.0484375
0 0.3640625 0.22578125 0.0546875 0.0703125
1 0.3578125 0.83984375 0.04375 0.0484375
1 0.9671875 0.97734375 0.05 0.0453125
1 0.3453125 0.915625 0.046875 0.0515625
1 0.26640625 0.3796875 0.0375 0.0390625
1 0.61484375 0.259375 0.0390625 0.0546875
1 0.24921875 0.7046875 0.046875 0.0484375
1 0.6484375 0.8125 0.040625 0.0453125
1 0.92109375 0.9296875 0.0453125 0.0578125
0 0.3703125 0.40390625 0.046875 0.0859375
1 0.6 0.90546875 0.034375 0.040625
1 0.30390625 0.47265625 0.0421875 0.046875
1 0.28125 0.14765625 0.0390625 0.040625
1 0.42578125 0.546875 0.0375 0.040625
1 0.4359375 0.91328125 0.0421875 0.05
1 0.65625 0.73203125 0.0421875 0.05625
1 0.88359375 0.13046875 0.0453125 0.065625
1 0.7015625 0.59921875 0.04375 0.05625
1 0.70703125 0.7359375 0.040625 0.0546875
1 0.75078125 0.63515625 0.0390625 0.05
1 0.0953125 0.35625 0.0375 0.046875
1 0.10703125 0.4390625 0.0390625 0.0546875
1 0.4296875 0.659375 0.0359375 0.0421875
1 0.80859375 0.45390625 0.0484375 0.053125
1 0.1796875 0.20859375 0.0328125 0.0375
1 0.0828125 0.05859375 0.0375 0.04375
1 0.596875 0.665625 0.040625 0.04375
1 0.6640625 0.27109375 0.040625 0.0515625
1 0.7671875 0.30078125 0.0421875 0.0546875
1 0.71953125 0.8109375 0.04375 0.0515625
1 0.16171875 0.4390625 0.0390625 0.0484375
1 0.07734375 0.87109375 0.046875 0.059375
0 0.48984375 0.60546875 0.0703125 0.0578125
1 0.04296875 0.39921875 0.046875 0.046875
1 0.34453125 0.75078125 0.0390625 0.04375
1 0.25 0.028125 0.0421875 0.0453125
1 0.6140625 0.4671875 0.0375 0.04375
1 0.4578125 0.18984375 0.04375 0.0609375
1 0.2265625 0.328125 0.0375 0.040625
1 0.31171875 0.18984375 0.034375 0.0390625
1 0.79765625 0.8515625 0.0421875 0.046875
0 0.94609375 0.64921875 0.075 0.0640625
1 0.43515625 0.8453125 0.040625 0.0421875
1 0.6859375 0.8953125 0.0359375 0.0375
1 0.5890625 0.8015625 0.0359375 0.0390625
1 0.87890625 0.278125 0.0375 0.0546875
1 0.51953125 0.671875 0.0359375 0.034375
1 0.121875 0.31875 0.040625 0.046875
0 0.36484375 0.64375 0.0640625 0.0578125
0 0.4234375 0.7375 0.0453125 0.0765625
1 0.4625 0.3578125 0.04375 0.0453125
1 0.6046875 0.3875 0.0421875 0.05
1 0.6640625 0.3453125 0.0421875 0.0546875
1 0.75234375 0.58125 0.0390625 0.04375
1 0.9359375 0.7359375 0.0390625 0.0546875
1 0.146875 0.8234375 0.0390625 0.046875
1 0.19296875 0.78359375 0.0390625 0.0515625
1 0.0109375 0.05625 0.021875 0.05625
1 0.72265625 0.9875 0.0546875 0.025
1 0.89375 0.01171875 0.0453125 0.0234375
1 0.44765625 0.01171875 0.0546875 0.0234375
1 0.99140625 0.72109375 0.0171875 0.046875