0 0.14453125 0.28671875 0.0703125 0.09375
1 0.2171875 0.0625 0.0453125 0.053125
0 0.7515625 0.0484375 0.084375 0.0921875
1 0.1984375 0.19140625 0.0484375 0.0515625
1 0.01640625 0.29140625 0.0328125 0.0546875
1 0.36796875 0.6140625 0.0421875 0.053125
1 0.81484375 0.88671875 0.0375 0.04375
1 0.58359375 0.53203125 0.04375 0.053125
1 0.4453125 0.0953125 0.0484375 0.0546875
1 0.3921875 0.74609375 0.04375 0.05625
1 0.09921875 0.609375 0.0421875 0.0515625
1 0.953125 0.31796875 0.046875 0.0578125
1 0.3015625 0.42109375 0.0390625 0.0421875
1 0.15625 0.64921875 0.0421875 0.0546875
0 0.4796875 0.4546875 0.08125 0.0828125
1 0.434375 0.17890625 0.04375 0.05625
1 0.26328125 0.48984375 0.04375 0.053125
1 0.978125 0.50859375 0.04375 0.053125
1 0.3921875 0.2671875 0.05 0.05625
1 0.07890625 0.23125 0.0453125 0.05
1 0.8265625 0.0953125 0.0421875 0.0515625
1 0.63359375 0.96796875 0.04375 0.0578125
1 0.08125 0.73046875 0.040625 0.05
1 0.1203125 0.4203125 0.0453125 0.0546875
1 0.4078125 0.33671875 0.0515625 0.05625
1 0.9015625 0.81015625 0.0421875 0.0546875
1 0.04140625 0.1640625 0.04375 0.053125
1 0.828125 0.4625 0.04375 0.053125
1 0.78046875 0.19609375 0.04375 0.05625
1 0.18359375 0.71484375 0.0453125 0.05625
1 0.87578125 0.1984375 0.0453125 0.05625
1 0.10703125 0.4984375 0.04375 0.053125
1 0.1890625 0.42265625 0.0453125 0.0546875
1 0.29453125 0.021875 0.046875 0.04375
1 0.83203125 0.7921875 0.04375 0.0546875
1 0.5359375 0.66171875 0.046875 0.053125
1 0.66875 0.32578125 0.046875 0.053125
1 0.33359375 0.0875 0.046875 0.059375
1 0.05078125 0.37109375 0.0421875 0.0515625
1 0.78359375 0.746875 0.040625 0.0546875
1 0.28046875 0.33515625 0.040625 0.053125
1 0.30546875 0.55859375 0.0453125 0.0546875
1 0.46328125 0.771875 0.0421875 0.0578125
1 0.5640625 0.0734375 0.046875 0.05625
1 0.9546875 0.14765625 0.0484375 0.0578125
1 0.70546875 0.73984375 0.0421875 0.0515625
1 0.81015625 0.5765625 0.04375 0.05625
1 0.9328125 0.52578125 0.040625 0.05625
1 0.265625 0.775 0.0421875 0.0578125
1 0.92265625 0.02109375 0.0390625 0.0421875
1 0.0390625 0.86953125 0.040625 0.05
1 0.3109375 0.7125 0.040625 0.040625
1 0.67578125 0.5625 0.05 0.053125
0 0.25390625 0.6421875 0.0625 0.0828125
1 0.1046875 0.95078125 0.0453125 0.05
1 0.65546875 0.2109375 0.046875 0.0515625
1 0.61171875 0.771875 0.0359375 0.0453125
1 0.12734375 0.775 0.040625 0.0515625
1 0.93046875 0.93515625 0.0453125 0.0515625
1 0.5921875 0.915625 0.0390625 0.04375
1 0.93359375 0.6984375 0.0375 0.0421875
1 0.7140625 0.6375 0.04375 0.0484375
1 0.7296875 0.5171875 0.046875 0.0546875
1 0.165625 0.12421875 0.0453125 0.0515625
1 0.3171875 0.225 0.0421875 0.053125
1 0.35703125 0.1859375 0.046875 0.0578125
1 0.08515625 0.13203125 0.0421875 0.0453125
1 0.12734375 0.15546875 0.04375 0.05
1 0.4046875 0.51953125 0.04375 0.046875
1 0.521875 0.95703125 0.040625 0.0484375
1 0.46796875 0.67578125 0.0375 0.05
1 0.70234375 0.42578125 0.046875 0.0515625
1 0.60859375 0.39296875 0.046875 0.053125
1 0.665625 0.0921875 0.04375 0.0484375
1 0.7234375 0.2296875 0.0375 0.046875
1 0.7078125 0.16875 0.0390625 0.05
1 0.9609375 0.42734375 0.0453125 0.053125
1 0.60859375 0.61640625 0.0359375 0.046875
1 0.64375 0.65546875 0.0375 0.04375
1 0.55859375 0.82421875 0.0375 0.0453125
1 0.99296875 0.6421875 0.0140625 0.0359375
1 0.88671875 0.98203125 0.0453125 0.0359375
1 0.41640625 0.98203125 0.0421875 0.0359375