1 0.603125 0.9828125 0.04375 0.034375
1 0.56796875 0.796875 0.04375 0.0546875
0 0.91640625 0.609375 0.065625 0.0953125
1 0.29140625 0.77734375 0.046875 0.053125
0 0.7546875 0.6484375 0.059375 0.1015625
1 0.3328125 0.50078125 0.04375 0.053125
1 0.84375 0.48828125 0.040625 0.05
1 0.9109375 0.471875 0.04375 0.0546875
1 0.44375 0.15078125 0.04375 0.053125
1 0.615625 0.37109375 0.0453125 0.05
0 0.6703125 0.9109375 0.0625 0.0875
1 0.50234375 0.3453125 0.04375 0.0546875
1 0.72734375 0.29296875 0.0421875 0.05625
1 0.83203125 0.37890625 0.04375 0.0546875
1 0.09140625 0.98203125 0.0421875 0.0359375
1 0.5078125 0.50859375 0.046875 0.053125
1 0.78125 0.50078125 0.040625 0.0515625
1 0.2734375 0.6234375 0.04375 0.0546875
1 0.89140625 0.05390625 0.040625 0.0421875
0 0.63125 0.82890625 0.0625 0.08125
1 0.303125 0.415625 0.04375 0.053125
1 0.64375 0.2953125 0.04375 0.0546875
1 0.6578125 0.6078125 0.0453125 0.0546875
1 0.83828125 0.5640625 0.04375 0.053125
1 0.13671875 0.71328125 0.046875 0.0546875
1 0.90859375 0.2484375 0.0453125 0.0546875
1 0.55703125 0.634375 0.0546875 0.065625
1 0.696875 0.41640625 0.04375 0.0546875
1 0.1390625 0.1078125 0.040625 0.0515625
0 0.30859375 0.0953125 0.05625 0.0609375
1 0.53046875 0.29296875 0.046875 0.05
1 0.9765625 0.75390625 0.0453125 0.0546875
1 0.42734375 0.6984375 0.053125 0.059375
1 0.79921875 0.08046875 0.0375 0.0421875
1 0.47734375 0.2078125 0.0421875 0.0515625
1 0.54140625 0.42578125 0.046875 0.0546875
1 0.0265625 0.490625 0.0390625 0.0515625
1 0.56484375 0.87890625 0.04375 0.0515625
1 0.2828125 0.2296875 0.04375 0.053125
1 0.540625 0.93828125 0.0421875 0.05625
1 0.553125 0.0859375 0.04375 0.0546875
1 0.87734375 0.6953125 0.0453125 0.05625
1 0.3890625 0.12265625 0.0453125 0.053125
1 0.10546875 0.85 0.04375 0.053125
1 0.59453125 0.5640625 0.05 0.0515625
1 0.16953125 0.8703125 0.0453125 0.05625
1 0.371875 0.79921875 0.0453125 0.0546875
1 0.7078125 0.178125 0.0421875 0.046875
1 0.9375 0.84765625 0.04375 0.0515625
1 0.3296875 0.165625 0.046875 0.0515625
1 0.75 0.74375 0.04375 0.0546875
1 0.95625 0.0703125 0.040625 0.0453125
1 0.659375 0.70859375 0.0421875 0.05
1 0.2265625 0.02109375 0.0421875 0.0421875
1 0.10859375 0.178125 0.0390625 0.0484375
1 0.6078125 0.028125 0.0375 0.04375
1 0.65703125 0.5203125 0.04375 0.05
1 0.98125 0.24765625 0.0375 0.05625
1 0.85859375 0.0984375 0.0375 0.04375
1 0.31328125 0.3328125 0.0390625 0.0453125
1 0.48125 0.76484375 0.0421875 0.0546875
1 0.42265625 0.26875 0.0359375 0.0421875
1 0.9359375 0.18984375 0.0484375 0.0546875
1 0.82890625 0.884375 0.0421875 0.053125
1 0.14453125 0.31484375 0.0421875 0.053125
1 0.81875 0.2296875 0.046875 0.0484375
1 0.41171875 0.9453125 0.0390625 0.0484375
1 0.79140625 0.9703125 0.040625 0.04375
1 0.08515625 0.3328125 0.0375 0.046875
1 0.15546875 0.634375 0.0453125 0.0515625
1 0.78125 0.2765625 0.04375 0.046875
1 0.165625 0.77265625 0.0453125 0.0546875
1 0.31953125 0.909375 0.0453125 0.053125
1 0.025 0.66953125 0.0421875 0.0515625
1 0.184375 0.0625 0.0453125 0.0453125
1 0.37578125 0.62734375 0.05 0.0625
1 0.97890625 0.3953125 0.0421875 0.0546875
1 0.6828125 0.0234375 0.0390625 0.046875
1 0.45 0.434375 0.0453125 0.046875
1 0.3703125 0.32578125 0.0421875 0.04375
1 0.65234375 0.17265625 0.0453125 0.0453125
1 0.109375 0.2640625 0.0421875 0.05625
1 0.140625 0.215625 0.04375 0.0515625
1 0.378125 0.2640625 0.04375 0.053125
1 0.43828125 0.321875 0.0375 0.04375
1 0.41953125 0.578125 0.0453125 0.0546875
1 0.34296875 0.959375 0.0390625 0.040625
1 0.83671875 0.165625 0.040625 0.0484375
1 0.72734375 0.121875 0.034375 0.04375
1 0.75546875 0.2140625 0.0421875 0.05
1 0.02109375 0.27890625 0.0375 0.0484375
1 0.99140625 0.03828125 0.0171875 0.0421875
1 0.85703125 0.98515625 0.0375 0.0296875
1 0.0046875 0.9796875 0.009375 0.040625
1 0.0078125 0.93125 0.015625 0.05
1 0.86640625 0.0140625 0.034375 0.028125