1 0.32578125 0.16796875 0.046875 0.0515625
1 0.21015625 0.9671875 0.0421875 0.05
1 0.375 0.51171875 0.046875 0.053125
1 0.86328125 0.8890625 0.0484375 0.059375
1 0.1375 0.75703125 0.053125 0.05625
0 0.1875 0.5265625 0.078125 0.09375
1 0.9546875 0.97421875 0.0421875 0.0515625
1 0.75234375 0.8375 0.0421875 0.05625
1 0.86953125 0.81875 0.04375 0.05625
1 0.5046875 0.3375 0.053125 0.0609375
0 0.4140625 0.8453125 0.0640625 0.103125
1 0.8546875 0.44765625 0.046875 0.059375
1 0.90390625 0.9390625 0.0390625 0.0484375
1 0.31875 0.53828125 0.053125 0.059375
1 0.1078125 0.6765625 0.0484375 0.0546875
1 0.046875 0.60625 0.0515625 0.059375
1 0.22109375 0.03359375 0.0453125 0.05625
1 0.53515625 0.26875 0.0515625 0.0609375
1 0.4078125 0.75390625 0.0484375 0.0625
1 0.50546875 0.19765625 0.0453125 0.053125
1 0.165625 0.64765625 0.0515625 0.0578125
1 0.5234375 0.77421875 0.0484375 0.0609375
1 0.24765625 0.24296875 0.0421875 0.0546875
1 0.0953125 0.48515625 0.05 0.05
1 0.04375 0.04609375 0.0453125 0.0609375
1 0.2609375 0.90234375 0.05 0.053125
1 0.77890625 0.03359375 0.046875 0.0578125
1 0.44921875 0.2640625 0.040625 0.0484375
1 0.8421875 0.2234375 0.0484375 0.05625
1 0.41640625 0.6 0.0421875 0.0515625
1 0.5953125 0.746875 0.04375 0.0546875
0 0.38203125 0.040625 0.0484375 0.08125
1 0.2921875 0.63828125 0.04375 0.0515625
1 0.8078125 0.73984375 0.04375 0.05625
1 0.040625 0.17421875 0.0453125 0.0546875
1 0.240625 0.58203125 0.0515625 0.059375
1 0.29140625 0.84296875 0.0515625 0.053125
1 0.31484375 0.8984375 0.046875 0.053125
1 0.54375 0.66171875 0.046875 0.0578125
1 0.3578125 0.3390625 0.046875 0.0609375
1 0.81328125 0.57578125 0.046875 0.0578125
1 0.225 0.659375 0.0484375 0.0515625
1 0.56328125 0.56171875 0.05 0.0546875
1 0.9171875 0.44296875 0.0453125 0.05625
1 0.98125 0.134375 0.0375 0.059375
1 0.9546875 0.575 0.0515625 0.065625
1 0.709375 0.53671875 0.040625 0.0515625
1 0.27890625 0.03515625 0.040625 0.0453125
1 0.52890625 0.08671875 0.0484375 0.0546875
0 0.51953125 0.90078125 0.1 0.1125
1 0.1 0.11328125 0.0484375 0.053125
1 0.89609375 0.6765625 0.04375 0.0515625
1 0.6484375 0.58828125 0.046875 0.05625
1 0.05859375 0.96640625 0.053125 0.0609375
0 0.91953125 0.115625 0.078125 0.0859375
1 0.08671875 0.85546875 0.046875 0.053125
1 0.32890625 0.0640625 0.046875 0.0578125
1 0.021875 0.3046875 0.04375 0.0546875
1 0.89375 0.29921875 0.0421875 0.053125
0 0.48359375 0.459375 0.0609375 0.090625
1 0.13359375 0.85 0.0375 0.04375
1 0.41953125 0.45390625 0.04375 0.0484375
0 0.23671875 0.14453125 0.0671875 0.09375
1 0.26484375 0.7 0.046875 0.0484375
1 0.45859375 0.76328125 0.046875 0.0578125
1 0.62421875 0.41953125 0.05 0.0546875
1 0.1359375 0.1609375 0.04375 0.05625
1 0.1078125 0.225 0.04375 0.04375
1 0.1125 0.27421875 0.04375 0.0453125
1 0.3828125 0.1859375 0.0421875 0.0546875
1 0.74765625 0.953125 0.046875 0.05625
1 0.95703125 0.1875 0.0421875 0.046875
1 0.7125 0.30234375 0.046875 0.0546875
1 0.7671875 0.39375 0.04375 0.0484375
1 0.646875 0.11796875 0.0390625 0.046875
1 0.47109375 0.65703125 0.040625 0.046875
1 0.2671875 0.4671875 0.0421875 0.053125
1 0.17421875 0.234375 0.040625 0.0484375
1 0.8484375 0.2765625 0.0390625 0.046875
0 0.7640625 0.54375 0.05 0.0859375
1 0.453125 0.059375 0.0453125 0.0390625
1 0.63828125 0.0140625 0.0546875 0.028125
1 0.7828125 0.990625 0.0515625 0.01875
1 0.28984375 0.96015625 0.046875 0.0421875
1 0.3375 0.740625 0.046875 0.0421875
1 0.0140625 0.38828125 0.028125 0.05625