1 0.1453125 0.14609375 0.0421875 0.05
1 0.20703125 0.16015625 0.0453125 0.046875
1 0.22734375 0.09921875 0.04375 0.05
1 0.2546875 0.27578125 0.05 0.0546875
1 0.33359375 0.215625 0.0546875 0.0578125
1 0.34609375 0.109375 0.046875 0.0546875
1 0.40859375 0.0953125 0.04375 0.05
1 0.47578125 0.08671875 0.0484375 0.0515625
1 0.67421875 0.09765625 0.0421875 0.0484375
1 0.6765625 0.196875 0.04375 0.0578125
1 0.68671875 0.3 0.0421875 0.046875
1 0.72265625 0.05078125 0.0375 0.04375
1 0.79296875 0.07109375 0.046875 0.05625
1 0.73828125 0.209375 0.0453125 0.05625
1 0.76640625 0.34453125 0.046875 0.0578125
1 0.84921875 0.28203125 0.0453125 0.046875
1 0.64609375 0.47265625 0.04375 0.065625
1 0.71171875 0.50234375 0.0484375 0.059375
1 0.7125 0.60625 0.0484375 0.0546875
1 0.6875 0.66796875 0.046875 0.059375
1 0.79296875 0.4296875 0.0484375 0.0453125
1 0.9078125 0.4234375 0.05 0.0515625
1 0.97734375 0.0578125 0.0453125 0.053125
1 0.98359375 0.30234375 0.0328125 0.059375
1 0.94296875 0.3734375 0.04375 0.05625
1 0.609375 0.3 0.04375 0.053125
1 0.89140625 0.64375 0.0546875 0.0625
1 0.8640625 0.521875 0.05 0.04375
1 0.77734375 0.96875 0.053125 0.0546875
1 0.85234375 0.88359375 0.040625 0.0484375
1 0.90078125 0.9265625 0.0390625 0.046875
1 0.7203125 0.84765625 0.0421875 0.046875
1 0.59609375 0.8171875 0.0453125 0.0625
1 0.4765625 0.9765625 0.0515625 0.046875
1 0.53125 0.934375 0.0453125 0.05
1 0.55625 0.8609375 0.0390625 0.0421875
1 0.31796875 0.8640625 0.053125 0.05
1 0.3859375 0.9109375 0.0453125 0.0515625
1 0.165625 0.8078125 0.0453125 0.046875
1 0.1015625 0.840625 0.046875 0.05625
1 0.290625 0.78515625 0.046875 0.053125
1 0.34765625 0.67265625 0.040625 0.0546875
1 0.29921875 0.65 0.046875 0.0484375
1 0.246875 0.61484375 0.04375 0.0421875
1 0.3109375 0.54296875 0.04375 0.0546875
1 0.42109375 0.525 0.0453125 0.059375
1 0.325 0.4078125 0.0421875 0.0453125
1 0.1484375 0.5640625 0.046875 0.0546875
1 0.090625 0.484375 0.046875 0.0515625
1 0.12734375 0.42734375 0.05 0.0640625
1 0.0609375 0.61953125 0.04375 0.0515625
1 0.09453125 0.68671875 0.0421875 0.0578125
1 0.184375 0.37421875 0.046875 0.059375
1 0.21875 0.46328125 0.046875 0.053125
1 0.52578125 0.5796875 0.0484375 0.059375
1 0.58828125 0.57578125 0.04375 0.046875
1 0.55 0.69140625 0.0375 0.0453125
1 0.61015625 0.703125 0.034375 0.0484375
1 0.0671875 0.321875 0.0515625 0.0515625
1 0.1296875 0.2453125 0.04375 0.046875
1 0.14765625 0.95 0.0375 0.046875
1 0.78515625 0.22890625 0.053125 0.0703125
1 0.765625 0.79296875 0.0421875 0.0578125
1 0.67421875 0.36953125 0.04375 0.0546875
1 0.46796875 0.46484375 0.040625 0.05
1 0.4390625 0.875 0.046875 0.065625
1 0.47890625 0.19609375 0.0546875 0.0546875
1 0.11125 0.17828125 0.04907812499999999 0.04289062499999998
1 0.091875 0.199953125 0.044343749999999994 0.046875
1 0.029015625 0.173421875 0.038203125000000004 0.03484375000000002
1 0.4949375 0.2670625 0.037171874999999945 0.041718749999999985
1 0.45315625 0.266796875 0.03571875000000002 0.03925000000000001
1 0.569140625 0.132578125 0.04735937499999991 0.057734374999999984
1 0.616921875 0.12045312500000001 0.04682812500000004 0.048875
1 0.819921875 0.8156874999999999 0.03368749999999991 0.038734374999999946
1 0.8042343750000001 0.77784375 0.03659375000000002 0.03846875000000001
1 0.8744531249999999 0.7506406250000001 0.03532812499999984 0.03212499999999992
1 0.861703125 0.773765625 0.02792187499999983 0.03206249999999997
1 0.79034375 0.638390625 0.03260937500000001 0.03742187500000007
1 0.770515625 0.656265625 0.034937500000000024 0.035218749999999945
1 0.446390625 0.756578125 0.037765624999999935 0.036812499999999915
1 0.411109375 0.764265625 0.03368749999999996 0.03462499999999995
1 0.44810937500000003 0.6401875 0.037453125000000045 0.04081250000000001
1 0.47978125 0.619640625 0.038093749999999996 0.03735937499999995
1 0.032078125 0.773515625 0.035843749999999994 0.034859374999999915
1 0.023578125 0.8022812500000001 0.03935937500000001 0.03235937500000006
1 0.014421875 0.19232812500000002 0.02884375 0.032343749999999984