0 0.50859375 0.83984375 0.0515625 0.084375
0 0.81875 0.6078125 0.075 0.0890625
0 0.71875 0.12421875 0.0734375 0.09375
1 0.23046875 0.3125 0.0453125 0.0578125
1 0.5734375 0.37890625 0.04375 0.05625
0 0.2859375 0.23125 0.0875 0.0859375
1 0.246875 0.1625 0.0421875 0.04375
1 0.13203125 0.92421875 0.0421875 0.0578125
1 0.0171875 0.55703125 0.034375 0.0578125
1 0.5734375 0.14921875 0.0390625 0.04375
0 0.784375 0.33984375 0.0578125 0.0875
0 0.721875 0.41484375 0.0625 0.078125
1 0.0921875 0.5515625 0.040625 0.0546875
1 0.059375 0.9375 0.05 0.06875
0 0.62421875 0.2796875 0.0859375 0.0765625
1 0.16875 0.1015625 0.04375 0.053125
0 0.590625 0.821875 0.0578125 0.1140625
0 0.628125 0.671875 0.065625 0.1171875
1 0.52734375 0.175 0.0421875 0.040625
1 0.88359375 0.2046875 0.0375 0.04375
1 0.29375 0.384375 0.046875 0.0546875
1 0.0875 0.1921875 0.04375 0.053125
1 0.6609375 0.93828125 0.0421875 0.053125
0 0.8703125 0.38046875 0.0453125 0.0921875
1 0.48046875 0.73046875 0.0484375 0.0609375
1 0.35 0.47890625 0.0453125 0.0578125
1 0.41640625 0.6234375 0.046875 0.0546875
1 0.83125 0.821875 0.0375 0.0421875
1 0.646875 0.04921875 0.0359375 0.04375
1 0.3625 0.13984375 0.0390625 0.0484375
1 0.82734375 0.44296875 0.0375 0.046875
1 0.65078125 0.5640625 0.04375 0.05625
0 0.84375 0.31015625 0.053125 0.071875
1 0.82109375 0.1703125 0.040625 0.04375
1 0.1484375 0.4953125 0.0453125 0.053125
1 0.9734375 0.3578125 0.04375 0.05
1 0.7375 0.28046875 0.0421875 0.0546875
1 0.28203125 0.63046875 0.0421875 0.0578125
1 0.77109375 0.459375 0.0390625 0.04375
1 0.478125 0.10625 0.040625 0.04375
1 0.01953125 0.41953125 0.0375 0.0453125
1 0.046875 0.33515625 0.0390625 0.0453125
1 0.46875 0.23984375 0.0453125 0.046875
1 0.021875 0.79921875 0.04375 0.05625
1 0.115625 0.27578125 0.0375 0.0453125
1 0.6296875 0.4015625 0.04375 0.053125
1 0.81328125 0.9359375 0.04375 0.0546875
0 0.7 0.50625 0.0859375 0.0796875
1 0.74765625 0.95625 0.040625 0.0515625
1 0.59921875 0.95703125 0.04375 0.05
1 0.9125 0.52734375 0.0390625 0.05
1 0.7375 0.64921875 0.0421875 0.0515625
1 0.50625 0.02578125 0.04375 0.0453125
1 0.75078125 0.77734375 0.04375 0.0515625
1 0.64296875 0.19296875 0.046875 0.053125
1 0.328125 0.54296875 0.0484375 0.053125
1 0.27109375 0.053125 0.040625 0.0484375
1 0.11875 0.8015625 0.0484375 0.0703125
1 0.11328125 0.7234375 0.046875 0.0546875
0 0.20078125 0.61015625 0.0609375 0.065625
1 0.93515625 0.8453125 0.0375 0.046875
1 0.08359375 0.6640625 0.0453125 0.05
1 0.0984375 0.10390625 0.040625 0.0390625
0 0.9453125 0.621875 0.065625 0.0828125
1 0.21015625 0.015625 0.0390625 0.03125
1 0.99140625 0.2125 0.0171875 0.05
1 0.46328125 0.98984375 0.0328125 0.0203125
1 0.37109375 0.98984375 0.0359375 0.0203125
1 0.009375 0.325 0.01875 0.0421875
1 0.67109375 0.8375 0.0390625 0.0453125
1 0.35 0.37421875 0.0390625 0.0453125
1 0.278125 0.453125 0.040625 0.0484375
1 0.42578125 0.52109375 0.0390625 0.04375
1 0.128125 0.39765625 0.0296875 0.0328125
1 0.4828125 0.36328125 0.0375 0.0421875
1 0.59921875 0.46953125 0.0359375 0.0359375