1 0.30546875 0.05625 0.0421875 0.0515625
1 0.353125 0.05625 0.04375 0.0515625
1 0.434375 0.02109375 0.0375 0.0421875
1 0.2671875 0.13359375 0.0421875 0.04375
1 0.32734375 0.184375 0.0390625 0.0453125
1 0.3390625 0.25546875 0.0453125 0.0625
1 0.40078125 0.2328125 0.046875 0.0453125
1 0.48671875 0.1171875 0.046875 0.059375
1 0.41640625 0.14765625 0.0375 0.053125
1 0.6734375 0.178125 0.0375 0.0484375
1 0.73984375 0.4515625 0.0484375 0.0578125
1 0.5328125 0.3921875 0.046875 0.059375
1 0.8296875 0.26875 0.0390625 0.0421875
1 0.89296875 0.38203125 0.0453125 0.0609375
1 0.959375 0.3734375 0.0484375 0.059375
1 0.89765625 0.4671875 0.05 0.0546875
1 0.94140625 0.578125 0.040625 0.0515625
1 0.846875 0.515625 0.04375 0.053125
1 0.928125 0.753125 0.0421875 0.04375
1 0.9796875 0.75390625 0.040625 0.040625
1 0.79140625 0.7328125 0.040625 0.059375
1 0.7265625 0.78046875 0.0421875 0.05
1 0.72109375 0.6703125 0.0421875 0.0578125
1 0.86015625 0.93828125 0.0453125 0.0515625
1 0.659375 0.790625 0.046875 0.0515625
1 0.65078125 0.64140625 0.04375 0.059375
1 0.58828125 0.55390625 0.0453125 0.0640625
1 0.6671875 0.54609375 0.0390625 0.0515625
1 0.78046875 0.6453125 0.046875 0.05625
1 0.35703125 0.97109375 0.0609375 0.0578125
1 0.36484375 0.85078125 0.0515625 0.0671875
1 0.40625 0.76328125 0.04375 0.059375
1 0.4734375 0.815625 0.04375 0.05
1 0.340625 0.76953125 0.04375 0.0578125
1 0.346875 0.665625 0.0359375 0.046875
1 0.27265625 0.6390625 0.0453125 0.053125
1 0.20546875 0.60078125 0.05625 0.0546875
1 0.2578125 0.5171875 0.0484375 0.0515625
1 0.19140625 0.54375 0.0453125 0.0546875
1 0.2703125 0.425 0.0421875 0.05
1 0.37734375 0.40078125 0.04375 0.0515625
1 0.41796875 0.509375 0.0390625 0.046875
1 0.46640625 0.50625 0.040625 0.0484375
1 0.4515625 0.5484375 0.0359375 0.040625
1 0.4515625 0.59140625 0.040625 0.0390625
1 0.54609375 0.71875 0.0421875 0.0484375
1 0.50234375 0.67734375 0.034375 0.040625
1 0.459375 0.7 0.0421875 0.046875
1 0.08046875 0.9578125 0.0453125 0.05625
1 0.0453125 0.89765625 0.0453125 0.059375
1 0.109375 0.528125 0.0484375 0.05625
1 0.071875 0.5796875 0.0359375 0.0578125
1 0.09140625 0.41171875 0.0453125 0.053125
1 0.18515625 0.46171875 0.0515625 0.0453125
1 0.68515625 0.94765625 0.0421875 0.0453125
1 0.113390625 0.078953125 0.034406250000000006 0.03204687500000001
1 0.090546875 0.071515625 0.03332812500000001 0.033499999999999995
1 0.016781250000000004 0.037031249999999995 0.030203124999999997 0.039328125
1 0.049578125 0.028578125 0.037 0.03678125
1 0.08825 0.320828125 0.04039062500000001 0.04460937500000002
1 0.087484375 0.27140624999999996 0.038843749999999996 0.04325000000000001
1 0.47106250000000005 0.31657812500000004 0.04651562499999997 0.04623437499999996
1 0.48253124999999997 0.36124999999999996 0.04010937499999993 0.03643749999999999
1 0.6705 0.254921875 0.03279687500000002 0.04662499999999996
1 0.68703125 0.28900000000000003 0.03742187500000007 0.04217187500000001
1 0.777859375 0.33690625 0.03734374999999997 0.040953124999999965
1 0.80275 0.36593749999999997 0.03692187500000008 0.04020312500000003
1 0.856109375 0.440828125 0.03848437500000017 0.03857812500000009
1 0.8303593749999999 0.4463125 0.0321406249999999 0.04192187500000007
1 0.864484375 0.595328125 0.04595312500000013 0.04600000000000008
1 0.8819687500000001 0.640921875 0.047531250000000115 0.04245312499999994
1 0.63428125 0.684421875 0.03518749999999997 0.03856249999999992
1 0.63740625 0.72403125 0.037093750000000016 0.042390624999999994
1 0.577859375 0.947859375 0.031671874999999974 0.03304687500000014
1 0.5918125 0.97771875 0.03532812500000002 0.03631250000000001
1 0.024546875000000003 0.6515 0.040859374999999996 0.04731249999999996
1 0.010890625 0.6698906250000001 0.02178125 0.04332812500000003
1 0.725984375 0.0213125 0.03279687500000002 0.037171875
1 0.72425 0.059875 0.034296875000000074 0.036453124999999996
1 0.743375 0.116921875 0.03464062499999994 0.04121874999999999
1 0.7660312499999999 0.15478125 0.04117187500000004 0.04234374999999999
1 0.83709375 0.10873437500000001 0.038046874999999855 0.04801562499999999
1 0.852125 0.14825 0.04256250000000002 0.04496875
1 0.8953125 0.133046875 0.034906249999999875 0.046453124999999984
1 0.9416249999999999 0.137484375 0.032906249999999915 0.032343749999999984