1 0.6171875 0.98046875 0.0421875 0.0390625
0 0.3734375 0.2375 0.0640625 0.0859375
1 0.7 0.2875 0.0453125 0.05625
0 0.7953125 0.3453125 0.06875 0.0921875
1 0.890625 0.0640625 0.0421875 0.0484375
0 0.86953125 0.49609375 0.0484375 0.0796875
0 0.56875 0.0734375 0.0640625 0.0796875
0 0.55234375 0.8390625 0.05625 0.1109375
1 0.08359375 0.93671875 0.040625 0.0546875
1 0.23671875 0.0296875 0.04375 0.0578125
0 0.51328125 0.57890625 0.078125 0.065625
0 0.08046875 0.7125 0.075 0.059375
1 0.8609375 0.871875 0.04375 0.0578125
1 0.4390625 0.92578125 0.046875 0.05625
0 0.4484375 0.771875 0.071875 0.0578125
1 0.184375 0.3828125 0.0484375 0.0609375
1 0.4640625 0.53125 0.040625 0.05
0 0.621875 0.5296875 0.065625 0.059375
1 0.5171875 0.38515625 0.040625 0.059375
1 0.684375 0.6921875 0.0390625 0.05
0 0.72890625 0.4046875 0.08125 0.0796875
1 0.74765625 0.7390625 0.0375 0.046875
1 0.6109375 0.1703125 0.0421875 0.0546875
1 0.56015625 0.1625 0.0421875 0.0515625
1 0.246875 0.4828125 0.040625 0.0515625
1 0.24921875 0.6765625 0.0375 0.0546875
1 0.8 0.8671875 0.0421875 0.05625
1 0.41875 0.34296875 0.0484375 0.0578125
1 0.46953125 0.09140625 0.0390625 0.053125
1 0.5046875 0.2921875 0.0375 0.046875
1 0.86328125 0.79609375 0.0453125 0.05625
1 0.67109375 0.38984375 0.034375 0.04375
1 0.56015625 0.9484375 0.040625 0.05625
1 0.17890625 0.0875 0.04375 0.0625
1 0.96953125 0.2 0.0375 0.0515625
1 0.05390625 0.3421875 0.04375 0.0515625
1 0.70625 0.76015625 0.0421875 0.0546875
1 0.615625 0.03046875 0.04375 0.0546875
0 0.8515625 0.0921875 0.0609375 0.0734375
1 0.70859375 0.16875 0.0359375 0.0453125
0 0.39453125 0.8484375 0.0703125 0.053125
1 0.79375 0.65 0.0390625 0.046875
1 0.49140625 0.64296875 0.040625 0.05
1 0.834375 0.73125 0.046875 0.046875
1 0.2953125 0.9734375 0.0453125 0.05
0 0.54375 0.47421875 0.059375 0.0515625
1 0.0859375 0.81484375 0.040625 0.05
0 0.40390625 0.07890625 0.0703125 0.0953125
1 0.0921875 0.25546875 0.046875 0.053125
0 0.29296875 0.4359375 0.084375 0.059375
1 0.13515625 0.93125 0.040625 0.05625
1 0.634375 0.45078125 0.0359375 0.0453125
0 0.98046875 0.07578125 0.0390625 0.084375
1 0.390625 0.978125 0.0453125 0.04375
1 0.26484375 0.315625 0.0390625 0.046875
1 0.13671875 0.55546875 0.04375 0.053125
1 0.796875 0.8 0.040625 0.0421875
0 0.32734375 0.70546875 0.046875 0.1015625
1 0.28203125 0.62734375 0.0359375 0.046875
1 0.61328125 0.7109375 0.0359375 0.0421875
1 0.50234375 0.03828125 0.0390625 0.046875
1 0.559375 0.3953125 0.0375 0.0546875
0 0.6546875 0.12421875 0.0640625 0.078125
1 0.95625 0.8234375 0.04375 0.0546875
0 0.3375 0.39296875 0.0515625 0.08125
1 0.5015625 0.84765625 0.034375 0.04375
1 0.1296875 0.809375 0.0375 0.04375
1 0.34921875 0.059375 0.0390625 0.053125
1 0.63359375 0.37890625 0.0390625 0.046875
1 0.43203125 0.68125 0.034375 0.05625
1 0.01875 0.9328125 0.0375 0.053125
1 0.12578125 0.1015625 0.0421875 0.0703125
1 0.73515625 0.13046875 0.0375 0.046875
1 0.69765625 0.6375 0.0375 0.046875
1 0.83984375 0.0203125 0.0515625 0.040625
1 0.44296875 0.29765625 0.046875 0.0578125
1 0.109375 0.3109375 0.040625 0.0515625
1 0.2296875 0.21640625 0.0453125 0.0578125
1 0.17890625 0.5453125 0.0390625 0.0546875
1 0.14453125 0.66484375 0.040625 0.0578125
1 0.178125 0.671875 0.046875 0.0515625
1 0.14765625 0.71953125 0.0453125 0.059375
0 0.38828125 0.69453125 0.0484375 0.075
1 0.36640625 0.91875 0.03125 0.04375
1 0.60703125 0.9203125 0.0390625 0.0546875
1 0.69296875 0.853125 0.0390625 0.05
1 0.8140625 0.9296875 0.0375 0.0453125
1 0.83515625 0.6796875 0.040625 0.0484375
1 0.92578125 0.415625 0.0390625 0.046875
1 0.9328125 0.65390625 0.0359375 0.04375
1 0.2890625 0.046875 0.0390625 0.0515625
1 0.53359375 0.23203125 0.0359375 0.0390625
1 0.6375 0.2859375 0.0359375 0.0390625
1 0.53828125 0.31015625 0.03125 0.0375
1 0.53203125 0.984375 0.040625 0.03125
1 0.0578125 0.14609375 0.04375 0.0453125
1 0.8078125 0.9859375 0.04375 0.028125