0 0.95703125 0.3484375 0.0859375 0.0703125
1 0.64140625 0.696875 0.04375 0.0578125
0 0.69453125 0.8734375 0.065625 0.08125
1 0.54140625 0.5390625 0.04375 0.059375
1 0.0953125 0.35234375 0.0453125 0.0578125
1 0.14921875 0.74609375 0.0453125 0.05
1 0.08828125 0.46640625 0.046875 0.0578125
0 0.10625 0.07421875 0.05625 0.0921875
0 0.6671875 0.4484375 0.0890625 0.0703125
1 0.89375 0.2640625 0.05625 0.071875
1 0.26015625 0.80859375 0.0421875 0.0515625
1 0.02265625 0.6609375 0.0453125 0.0671875
1 0.51796875 0.21484375 0.0375 0.04375
1 0.796875 0.3671875 0.05 0.0546875
1 0.61171875 0.7765625 0.04375 0.0546875
1 0.1921875 0.1671875 0.0453125 0.05625
1 0.54296875 0.27421875 0.04375 0.0578125
1 0.37578125 0.940625 0.046875 0.05625
0 0.41328125 0.53203125 0.06875 0.0671875
1 0.23125 0.465625 0.0484375 0.0578125
1 0.48046875 0.7828125 0.0453125 0.0578125
0 0.709375 0.1578125 0.08125 0.0703125
1 0.40546875 0.11328125 0.040625 0.0453125
1 0.82734375 0.88828125 0.0421875 0.0578125
1 0.728125 0.703125 0.0453125 0.0609375
1 0.83203125 0.71328125 0.0453125 0.0578125
1 0.2453125 0.6375 0.046875 0.0546875
1 0.04765625 0.9828125 0.0421875 0.034375
1 0.765625 0.79921875 0.046875 0.05625
1 0.0953125 0.8328125 0.0453125 0.053125
1 0.21171875 0.90234375 0.040625 0.0515625
1 0.33046875 0.390625 0.0453125 0.05625
1 0.3 0.11875 0.046875 0.0578125
1 0.53046875 0.62578125 0.0453125 0.0578125
1 0.3203125 0.553125 0.0453125 0.05625
1 0.27890625 0.88671875 0.0375 0.0421875
1 0.03828125 0.559375 0.046875 0.0515625
0 0.80234375 0.490625 0.08125 0.078125
1 0.596875 0.325 0.04375 0.0546875
1 0.640625 0.8640625 0.040625 0.0578125
1 0.71875 0.55078125 0.04375 0.05625
1 0.4296875 0.41640625 0.04375 0.05
1 0.4875 0.15078125 0.0359375 0.0421875
1 0.51171875 0.0609375 0.046875 0.05625
0 0.8 0.11953125 0.0703125 0.053125
1 0.09765625 0.20625 0.05 0.05625
1 0.78828125 0.19296875 0.0421875 0.05
1 0.19296875 0.52421875 0.0484375 0.05625
1 0.91015625 0.98203125 0.0453125 0.0359375
1 0.17890625 0.325 0.053125 0.0703125
1 0.115625 0.8859375 0.040625 0.0453125
1 0.24921875 0.1015625 0.0453125 0.053125
1 0.87578125 0.6234375 0.0453125 0.0515625
1 0.64453125 0.1890625 0.0375 0.046875
1 0.43359375 0.0203125 0.0390625 0.040625
1 0.2890625 0.04765625 0.046875 0.0546875
0 0.4125 0.190625 0.0640625 0.0484375
1 0.42578125 0.97578125 0.046875 0.046875
1 0.6625 0.53984375 0.0453125 0.0515625
1 0.2 0.0625 0.0421875 0.0484375
1 0.97265625 0.68125 0.040625 0.0515625
1 0.61171875 0.93515625 0.040625 0.053125
0 0.6390625 0.07890625 0.05625 0.084375
1 0.37265625 0.81171875 0.0375 0.05
1 0.38203125 0.6421875 0.046875 0.0515625
1 0.40234375 0.26484375 0.0328125 0.046875
1 0.046875 0.0171875 0.034375 0.034375
1 0.0125 0.17109375 0.025 0.0546875
1 0.7484375 0.01328125 0.034375 0.0265625
1 0.86328125 0.17734375 0.03125 0.034375
1 0.6453125 0.9875 0.04375 0.025