1 0.13203125 0.23828125 0.0453125 0.0578125
1 0.278125 0.34296875 0.0515625 0.0640625
1 0.66171875 0.19140625 0.0390625 0.0421875
1 0.4703125 0.871875 0.04375 0.05
1 0.08125 0.03984375 0.0453125 0.0546875
1 0.41953125 0.5453125 0.040625 0.0515625
1 0.59296875 0.5421875 0.04375 0.0515625
1 0.92890625 0.6859375 0.04375 0.0515625
1 0.47265625 0.08359375 0.04375 0.05
1 0.659375 0.940625 0.046875 0.05
1 0.55625 0.73203125 0.04375 0.0515625
1 0.90859375 0.61875 0.0421875 0.0515625
1 0.28125 0.859375 0.0453125 0.0421875
1 0.84140625 0.73984375 0.0421875 0.053125
1 0.05703125 0.35859375 0.04375 0.0546875
1 0.47109375 0.54375 0.040625 0.05
1 0.24765625 0.234375 0.0484375 0.0546875
1 0.76796875 0.9546875 0.046875 0.0546875
1 0.984375 0.38671875 0.03125 0.0421875
1 0.746875 0.2171875 0.0375 0.040625
1 0.3171875 0.2578125 0.04375 0.053125
1 0.1609375 0.0203125 0.040625 0.040625
1 0.69921875 0.15546875 0.0421875 0.0421875
1 0.3390625 0.1703125 0.05 0.0546875
1 0.3109375 0.7328125 0.0390625 0.0421875
1 0.2625 0.93359375 0.0390625 0.040625
1 0.02421875 0.8234375 0.046875 0.053125
1 0.5953125 0.79375 0.0421875 0.04375
1 0.803125 0.021875 0.0359375 0.04375
1 0.02578125 0.49140625 0.0453125 0.053125
1 0.8875 0.37578125 0.0375 0.0421875
1 0.7625 0.14609375 0.0359375 0.0375
1 0.03515625 0.6828125 0.0421875 0.0515625
1 0.7140625 0.34140625 0.0390625 0.04375
1 0.21875 0.66953125 0.04375 0.0484375
1 0.51953125 0.0203125 0.040625 0.040625
1 0.35078125 0.02265625 0.0453125 0.0453125
1 0.3421875 0.653125 0.04375 0.046875
1 0.25625 0.06796875 0.046875 0.053125
1 0.64609375 0.64765625 0.0359375 0.04375
1 0.51015625 0.79296875 0.0453125 0.05
1 0.71171875 0.52890625 0.0390625 0.0390625
1 0.4390625 0.73203125 0.0453125 0.0546875
1 0.18046875 0.5609375 0.046875 0.05625
1 0.9546875 0.5609375 0.0453125 0.05
1 0.275 0.68046875 0.0359375 0.04375
1 0.20546875 0.2921875 0.0453125 0.0578125
1 0.70859375 0.6328125 0.0359375 0.04375
1 0.48359375 0.3046875 0.04375 0.0515625
1 0.96328125 0.76875 0.0421875 0.0453125
1 0.696875 0.0609375 0.0359375 0.0375
1 0.91640625 0.03984375 0.0359375 0.0421875
1 0.11484375 0.09296875 0.0453125 0.046875
1 0.98359375 0.83515625 0.0328125 0.05
1 0.4703125 0.2453125 0.0453125 0.0484375
1 0.8609375 0.28203125 0.034375 0.0390625
1 0.85078125 0.89375 0.0421875 0.046875
1 0.640625 0.29296875 0.04375 0.0515625
1 0.3 0.79765625 0.0390625 0.040625
1 0.2921875 0.55546875 0.0359375 0.0390625
1 0.96875 0.03515625 0.034375 0.0375
1 0.87109375 0.5 0.03125 0.0421875
1 0.7640625 0.09609375 0.0390625 0.04375
1 0.63828125 0.403125 0.0359375 0.0453125
1 0.3203125 0.48984375 0.034375 0.05
1 0.16875 0.6375 0.0375 0.0453125
1 0.21953125 0.7953125 0.040625 0.0453125
1 0.54609375 0.23515625 0.0359375 0.0421875
1 0.5296875 0.3046875 0.0390625 0.0484375
1 0.84765625 0.33125 0.0359375 0.046875
1 0.809375 0.36796875 0.0390625 0.046875
1 0.140625 0.47109375 0.0421875 0.0453125
1 0.01015625 0.09140625 0.0203125 0.0421875
1 0.8078125 0.4734375 0.04375 0.0359375
1 0.0390625 0.98828125 0.0359375 0.0234375
1 0.22734375 0.96875 0.0421875 0.0421875
1 0.468265625 0.41712499999999997 0.044937499999999984 0.048828125
1 0.4970625 0.387171875 0.040953125000000055 0.041359374999999955
1 0.52496875 0.486796875 0.038078125000000004 0.04224999999999994
1 0.55184375 0.455796875 0.04579687499999992 0.05453124999999996
1 0.7615000000000001 0.596890625 0.03351562500000007 0.03701562500000009
1 0.746015625 0.5682031249999999 0.03996875000000007 0.03925000000000001
1 0.788921875 0.73971875 0.03854687499999994 0.0359375
1 0.7868125000000001 0.71065625 0.03595312500000007 0.03142187500000002
1 0.6960625 0.8366093749999999 0.03546875000000007 0.04193749999999987
1 0.6745 0.873609375 0.036421874999999916 0.033984375
1 0.570453125 0.942484375 0.03656249999999996 0.041796875
1 0.5456562500000001 0.9199375 0.03920312500000005 0.04198437499999983
1 0.15990625 0.827296875 0.03675000000000002 0.03435937500000001
1 0.165625 0.7916875000000001 0.0375 0.03753125000000006
1 0.38043750000000004 0.7601875 0.039843750000000046 0.035890625000000044
1 0.39365625 0.786328125 0.04065624999999997 0.04198437499999992
1 0.923203125 0.3314375 0.03651562499999983 0.036171874999999964
1 0.94196875 0.3108125 0.0391718749999999 0.037796874999999994
1 0.964078125 0.15746875 0.0313593749999999 0.040484374999999996
1 0.984046875 0.1658125 0.02870312499999983 0.04140625