0 0.19765625 0.03515625 0.0765625 0.0703125
0 0.31953125 0.50625 0.0703125 0.08125
0 0.7015625 0.440625 0.0890625 0.0640625
0 0.35078125 0.38671875 0.075 0.084375
0 0.1546875 0.14296875 0.0734375 0.071875
1 0.54453125 0.55078125 0.046875 0.0546875
1 0.5015625 0.7171875 0.0453125 0.0546875
1 0.325 0.971875 0.0453125 0.0546875
0 0.034375 0.171875 0.046875 0.0875
1 0.3671875 0.75234375 0.05 0.065625
1 0.8390625 0.346875 0.0421875 0.0578125
1 0.78203125 0.0328125 0.0421875 0.0546875
1 0.4421875 0.190625 0.0421875 0.0546875
1 0.76328125 0.91015625 0.04375 0.0578125
1 0.04296875 0.025 0.04375 0.05
1 0.90625 0.91875 0.040625 0.0515625
1 0.2171875 0.90234375 0.046875 0.05625
1 0.25390625 0.97421875 0.04375 0.0515625
1 0.44921875 0.065625 0.0375 0.0453125
1 0.2515625 0.790625 0.0453125 0.0546875
1 0.42578125 0.91484375 0.0421875 0.05
1 0.7421875 0.53515625 0.0421875 0.0578125
1 0.79765625 0.25703125 0.04375 0.0609375
0 0.10078125 0.28203125 0.0546875 0.0984375
1 0.6828125 0.23125 0.0421875 0.0546875
1 0.146875 0.41953125 0.0390625 0.04375
1 0.84375 0.74140625 0.04375 0.0609375
1 0.75 0.1046875 0.04375 0.05625
1 0.24609375 0.1359375 0.0421875 0.0546875
1 0.5390625 0.9375 0.0453125 0.0546875
0 0.12109375 0.92890625 0.059375 0.109375
1 0.6 0.8421875 0.0484375 0.0625
1 0.85390625 0.24765625 0.0484375 0.06875
0 0.06328125 0.5015625 0.0515625 0.0859375
1 0.66796875 0.54921875 0.04375 0.05
1 0.3875 0.23828125 0.0375 0.0453125
1 0.91796875 0.6546875 0.04375 0.0484375
1 0.93984375 0.33828125 0.04375 0.0578125
1 0.359375 0.109375 0.0359375 0.0453125
1 0.59921875 0.71015625 0.0421875 0.0546875
1 0.6734375 0.7 0.04375 0.059375
1 0.971875 0.4828125 0.040625 0.059375
0 0.23359375 0.22265625 0.046875 0.075
0 0.025 0.58125 0.05 0.06875
1 0.41796875 0.82421875 0.04375 0.05625
1 0.64453125 0.36640625 0.04375 0.053125
1 0.0265625 0.846875 0.04375 0.0578125
1 0.53671875 0.19609375 0.040625 0.0546875
0 0.6 0.59296875 0.0546875 0.078125
1 0.1046875 0.565625 0.0390625 0.0453125
1 0.22265625 0.63203125 0.0375 0.0421875
1 0.11796875 0.72578125 0.040625 0.04375
1 0.95625 0.7109375 0.0421875 0.0515625
1 0.17109375 0.740625 0.0375 0.04375
1 0.784375 0.6265625 0.0421875 0.0546875
0 0.30390625 0.2765625 0.059375 0.0796875
1 0.29140625 0.07890625 0.040625 0.0515625
0 0.40234375 0.60390625 0.08125 0.0859375
1 0.93125 0.56953125 0.0421875 0.0515625
0 0.92421875 0.79453125 0.0546875 0.05625
1 0.18125 0.8421875 0.0375 0.0453125
1 0.52734375 0.36484375 0.0421875 0.0484375
1 0.01328125 0.39609375 0.0265625 0.0453125
1 0.70078125 0.04921875 0.0421875 0.0515625
0 0.4953125 0.49453125 0.05 0.109375
1 0.23359375 0.37265625 0.0390625 0.0390625
1 0.54609375 0.74765625 0.0375 0.0421875
0 0.5796875 0.36171875 0.05625 0.0703125
0 0.0984375 0.66015625 0.0453125 0.0640625
1 0.07578125 0.89375 0.0390625 0.053125
1 0.28359375 0.62890625 0.0453125 0.0515625
1 0.784375 0.74921875 0.040625 0.0515625
1 0.5890625 0.25390625 0.0421875 0.0515625
1 0.1140625 0.0125 0.0375 0.025
1 0.11171875 0.05390625 0.0328125 0.0484375
1 0.33203125 0.015625 0.0390625 0.03125
1 0.57890625 0.01328125 0.0390625 0.0265625
1 0.6546875 0.01328125 0.040625 0.0265625
1 0.4765625 0.9921875 0.0375 0.015625
1 0.01328125 0.99140625 0.0265625 0.0171875
1 0.00703125 0.9203125 0.0140625 0.05625
1 0.01171875 0.75859375 0.0234375 0.0625
1 0.18671875 0.5015625 0.0421875 0.053125
1 0.21796875 0.55234375 0.0375 0.0484375