1 0.48984375 0.43984375 0.0421875 0.05
1 0.37734375 0.36640625 0.0453125 0.0546875
1 0.22578125 0.37421875 0.04375 0.05625
1 0.8296875 0.703125 0.040625 0.0515625
1 0.66328125 0.17421875 0.0421875 0.0515625
0 0.9453125 0.83125 0.0640625 0.09375
1 0.74453125 0.27734375 0.0421875 0.05
1 0.1828125 0.325 0.040625 0.0515625
1 0.35078125 0.77109375 0.040625 0.0546875
1 0.11640625 0.02734375 0.0421875 0.053125
1 0.2890625 0.24375 0.0421875 0.0546875
1 0.87421875 0.5359375 0.0515625 0.065625
1 0.1796875 0.4171875 0.04375 0.0546875
1 0.7640625 0.43984375 0.0421875 0.0484375
1 0.27890625 0.759375 0.0390625 0.053125
1 0.021875 0.3359375 0.0421875 0.05625
1 0.234375 0.55703125 0.04375 0.05625
1 0.19921875 0.7 0.04375 0.0546875
1 0.90703125 0.2546875 0.04375 0.0609375
1 0.65390625 0.41171875 0.04375 0.0484375
1 0.715625 0.36875 0.04375 0.0546875
1 0.296875 0.09140625 0.040625 0.0546875
1 0.04921875 0.453125 0.0421875 0.0546875
1 0.225 0.80234375 0.0453125 0.0546875
1 0.43828125 0.52265625 0.04375 0.053125
1 0.6515625 0.91171875 0.0421875 0.053125
1 0.340625 0.97265625 0.046875 0.0546875
1 0.8875 0.89140625 0.0390625 0.0484375
1 0.10703125 0.31640625 0.0359375 0.046875
1 0.83125 0.1234375 0.04375 0.05625
1 0.084375 0.09921875 0.04375 0.05625
1 0.5765625 0.48515625 0.04375 0.0515625
1 0.55546875 0.17734375 0.040625 0.053125
1 0.78671875 0.89765625 0.0515625 0.0671875
1 0.67421875 0.63984375 0.04375 0.0546875
1 0.49296875 0.08828125 0.0421875 0.0546875
1 0.77265625 0.34609375 0.0390625 0.0484375
1 0.6140625 0.03046875 0.0328125 0.0421875
1 0.81484375 0.40078125 0.0390625 0.0484375
1 0.59453125 0.27109375 0.040625 0.05625
1 0.88046875 0.7625 0.040625 0.05
1 0.07578125 0.65234375 0.040625 0.05
1 0.7625 0.746875 0.0515625 0.075
1 0.3859375 0.7015625 0.04375 0.0578125
1 0.546875 0.55625 0.040625 0.0546875
1 0.9359375 0.44453125 0.04375 0.0578125
1 0.275 0.340625 0.040625 0.05
0 0.37890625 0.25234375 0.06875 0.0546875
1 0.98125 0.1046875 0.0375 0.0703125
1 0.434375 0.4078125 0.0421875 0.05
1 0.05546875 0.20859375 0.040625 0.0546875
1 0.51953125 0.28671875 0.0421875 0.046875
1 0.32109375 0.71171875 0.053125 0.065625
1 0.6421875 0.265625 0.040625 0.053125
1 0.59609375 0.85703125 0.040625 0.0515625
1 0.59296875 0.41171875 0.04375 0.0515625
1 0.52109375 0.8296875 0.04375 0.0609375
1 0.403125 0.1828125 0.04375 0.0546875
1 0.3421875 0.903125 0.0453125 0.053125
1 0.3390625 0.05625 0.0421875 0.05625
1 0.54921875 0.05 0.0421875 0.0515625
1 0.0609375 0.7625 0.053125 0.0734375
1 0.7390625 0.05390625 0.0390625 0.046875
1 0.70234375 0.978125 0.04375 0.04375
1 0.021875 0.51640625 0.04375 0.059375
1 0.7203125 0.6859375 0.04375 0.0515625
1 0.0234375 0.88359375 0.04375 0.053125
1 0.2296875 0.14296875 0.046875 0.0578125
1 0.759375 0.50859375 0.0421875 0.0484375
1 0.87890625 0.37578125 0.04375 0.053125
1 0.23125 0.92109375 0.046875 0.0546875
1 0.98046875 0.93046875 0.0390625 0.0546875
1 0.01484375 0.0828125 0.0296875 0.05625
1 0.1625 0.596875 0.040625 0.05
1 0.690625 0.08671875 0.0421875 0.053125
1 0.4484375 0.93125 0.0515625 0.065625
1 0.79140625 0.02734375 0.0421875 0.05
1 0.46484375 0.65859375 0.0421875 0.053125
1 0.115625 0.43359375 0.04375 0.053125
1 0.89765625 0.61640625 0.046875 0.0546875
1 0.7484375 0.2 0.0359375 0.0421875
1 0.1765625 0.9265625 0.0375 0.0453125
1 0.91875 0.9703125 0.0421875 0.05
1 0.83828125 0.95234375 0.0375 0.0453125
1 0.75390625 0.58984375 0.040625 0.05
0 0.27890625 0.43671875 0.04375 0.0703125
1 0.80546875 0.5328125 0.0515625 0.059375
1 0.39140625 0.8046875 0.04375 0.0546875
1 0.3109375 0.15859375 0.04375 0.059375
1 0.5375 0.009375 0.0390625 0.01875
1 0.01171875 0.96640625 0.0234375 0.0609375
1 0.01484375 0.66953125 0.0296875 0.059375
1 0.99296875 0.5953125 0.0140625 0.0453125