1 0.04375 0.41484375 0.0515625 0.0640625
1 0.81796875 0.06015625 0.04375 0.0484375
0 0.88671875 0.4046875 0.0515625 0.109375
1 0.7515625 0.11484375 0.04375 0.05
1 0.04296875 0.95859375 0.0390625 0.0421875
1 0.75234375 0.18984375 0.04375 0.0515625
1 0.53125 0.9171875 0.040625 0.0515625
1 0.60390625 0.0921875 0.0359375 0.040625
1 0.3296875 0.58984375 0.0453125 0.05
1 0.8875 0.784375 0.04375 0.0546875
1 0.86640625 0.13515625 0.0453125 0.0484375
1 0.29296875 0.209375 0.046875 0.0484375
1 0.83671875 0.31953125 0.0484375 0.053125
1 0.16171875 0.29609375 0.04375 0.0515625
1 0.396875 0.83984375 0.0375 0.04375
1 0.21484375 0.7234375 0.046875 0.05625
1 0.3171875 0.51953125 0.04375 0.0484375
1 0.10390625 0.90625 0.04375 0.0546875
1 0.77578125 0.509375 0.0390625 0.046875
1 0.13046875 0.18359375 0.0484375 0.0640625
1 0.3828125 0.49140625 0.0453125 0.05
1 0.82734375 0.8953125 0.0453125 0.0484375
1 0.8828125 0.06484375 0.0421875 0.0453125
0 0.41953125 0.02421875 0.0640625 0.0484375
1 0.79375 0.38359375 0.046875 0.053125
1 0.19921875 0.15703125 0.0421875 0.0515625
1 0.61328125 0.9171875 0.0390625 0.046875
0 0.89375 0.6625 0.0625 0.090625
1 0.9765625 0.74609375 0.0453125 0.05
1 0.51484375 0.709375 0.040625 0.0484375
1 0.43671875 0.4359375 0.0453125 0.053125
1 0.52734375 0.171875 0.0421875 0.0421875
1 0.73125 0.90078125 0.04375 0.05625
1 0.51328125 0.58671875 0.046875 0.0546875
1 0.28125 0.1265625 0.046875 0.0515625
1 0.234375 0.86875 0.0421875 0.05
1 0.2671875 0.93203125 0.034375 0.0390625
1 0.78828125 0.771875 0.04375 0.0578125
1 0.6734375 0.390625 0.046875 0.0515625
1 0.2796875 0.053125 0.04375 0.0484375
1 0.42421875 0.225 0.0453125 0.053125
1 0.96171875 0.06875 0.0421875 0.0484375
1 0.796875 0.62578125 0.0453125 0.0546875
1 0.68515625 0.22890625 0.0453125 0.05
1 0.3109375 0.66328125 0.04375 0.05
1 0.3296875 0.803125 0.0421875 0.05
1 0.95 0.5265625 0.0421875 0.0546875
1 0.790625 0.26875 0.0421875 0.04375
1 0.596875 0.31640625 0.040625 0.0453125
1 0.38046875 0.68125 0.0421875 0.046875
1 0.8296875 0.55859375 0.04375 0.05
0 0.68359375 0.06796875 0.0640625 0.05
1 0.96171875 0.82265625 0.04375 0.0546875
1 0.8453125 0.20625 0.0515625 0.0515625
1 0.0640625 0.309375 0.040625 0.04375
1 0.13203125 0.78203125 0.040625 0.046875
1 0.26953125 0.35 0.040625 0.04375
1 0.68515625 0.946875 0.0359375 0.0390625
1 0.98203125 0.2953125 0.0359375 0.046875
1 0.1734375 0.94296875 0.040625 0.0421875
1 0.53046875 0.46953125 0.0421875 0.046875
1 0.9890625 0.63984375 0.021875 0.046875
1 0.69296875 0.81640625 0.0375 0.0421875
1 0.0578125 0.06640625 0.0421875 0.046875
1 0.28125 0.7296875 0.040625 0.0453125
1 0.32265625 0.29765625 0.0421875 0.0453125
1 0.61015625 0.7625 0.0359375 0.040625
1 0.60546875 0.82421875 0.0375 0.040625
1 0.4796875 0.03984375 0.03125 0.034375
1 0.54140625 0.01328125 0.0328125 0.0265625
1 0.98515625 0.12421875 0.0296875 0.0359375
1 0.4890625 0.9859375 0.040625 0.028125
1 0.3671875 0.98828125 0.03125 0.0234375
1 0.0109375 0.66953125 0.021875 0.059375
1 0.22421875 0.9859375 0.0296875 0.028125