0 0.11015625 0.53203125 0.0640625 0.0765625
1 0.9546875 0.42890625 0.046875 0.0578125
1 0.475 0.57421875 0.04375 0.0578125
1 0.740625 0.0421875 0.0453125 0.05625
1 0.66640625 0.23828125 0.05 0.0609375
1 0.16875 0.6640625 0.0453125 0.0515625
1 0.55703125 0.25546875 0.046875 0.0578125
1 0.47421875 0.69609375 0.0484375 0.059375
1 0.90234375 0.39140625 0.0453125 0.059375
1 0.81171875 0.615625 0.04375 0.0578125
1 0.76484375 0.35078125 0.046875 0.0578125
1 0.29140625 0.0390625 0.0453125 0.0578125
1 0.17890625 0.78828125 0.046875 0.059375
1 0.21328125 0.25859375 0.046875 0.0578125
1 0.34921875 0.2640625 0.0453125 0.05625
1 0.84296875 0.79140625 0.04375 0.0578125
1 0.790625 0.44609375 0.05 0.0578125
1 0.98046875 0.5375 0.0375 0.0484375
1 0.1140625 0.2625 0.040625 0.0484375
1 0.7640625 0.80859375 0.04375 0.05625
1 0.43671875 0.23671875 0.0484375 0.059375
1 0.86015625 0.20625 0.0453125 0.0515625
1 0.3734375 0.078125 0.0484375 0.0578125
1 0.7375 0.93203125 0.046875 0.0609375
0 0.29296875 0.20390625 0.05625 0.0828125
1 0.5234375 0.4046875 0.046875 0.059375
0 0.871875 0.10234375 0.0515625 0.0890625
0 0.278125 0.40859375 0.0734375 0.0625
1 0.20078125 0.89140625 0.0453125 0.0546875
1 0.1875 0.43046875 0.040625 0.046875
1 0.29609375 0.9140625 0.05 0.0578125
0 0.5859375 0.67890625 0.0546875 0.0890625
1 0.82265625 0.27734375 0.0453125 0.053125
1 0.73203125 0.47734375 0.0484375 0.05625
1 0.0796875 0.0734375 0.0390625 0.046875
1 0.5515625 0.0625 0.05 0.0609375
1 0.4109375 0.9078125 0.0453125 0.05625
1 0.903125 0.26875 0.0484375 0.0578125
1 0.9828125 0.81875 0.034375 0.0625
1 0.65078125 0.09453125 0.0453125 0.0578125
1 0.5921875 0.971875 0.040625 0.05
1 0.15703125 0.184375 0.040625 0.046875
1 0.3640625 0.18515625 0.0390625 0.046875
1 0.171875 0.59765625 0.0390625 0.046875
0 0.7578125 0.1859375 0.065625 0.08125
1 0.53828125 0.4890625 0.046875 0.05625
1 0.98515625 0.20546875 0.0296875 0.05625
1 0.0578125 0.74609375 0.046875 0.05625
0 0.359375 0.396875 0.05625 0.0859375
1 0.18203125 0.10703125 0.0484375 0.053125
0 0.7265625 0.6171875 0.0875 0.06875
1 0.2859375 0.48984375 0.0390625 0.046875
0 0.7171875 0.11875 0.0734375 0.0671875
1 0.296875 0.7171875 0.0375 0.046875
1 0.66171875 0.5375 0.04375 0.0546875
1 0.6546875 0.35 0.0484375 0.0515625
1 0.06015625 0.33984375 0.0375 0.0453125
0 0.634375 0.7625 0.04375 0.0859375
1 0.19765625 0.72578125 0.0390625 0.0421875
1 0.2546875 0.83046875 0.0484375 0.0546875
1 0.75703125 0.70390625 0.04375 0.046875
1 0.4796875 0.9546875 0.040625 0.0453125
0 0.02421875 0.11328125 0.0484375 0.071875
1 0.87421875 0.5046875 0.04375 0.0546875
0 0.37109375 0.7890625 0.0390625 0.0796875
1 0.39453125 0.97109375 0.0453125 0.0515625
1 0.64453125 0.41640625 0.04375 0.0484375
0 0.4265625 0.79140625 0.0375 0.0828125
1 0.12890625 0.3359375 0.0359375 0.05625
1 0.4140625 0.54765625 0.05 0.0546875
1 0.07734375 0.01171875 0.0359375 0.0234375
1 0.8359375 0.01796875 0.046875 0.0359375
1 0.98671875 0.07734375 0.0265625 0.0515625
1 0.29765625 0.9859375 0.0390625 0.028125
1 0.00859375 0.7609375 0.0171875 0.05
1 0.0078125 0.6421875 0.015625 0.053125
1 0.0078125 0.52734375 0.015625 0.0578125
1 0.79609375 0.10859375 0.0296875 0.0359375