0 0.434375 0.7921875 0.0921875 0.0671875
1 0.78359375 0.48828125 0.053125 0.0609375
0 0.95 0.2796875 0.084375 0.1015625
0 0.58984375 0.3484375 0.0640625 0.0875
0 0.25 0.26171875 0.053125 0.0828125
1 0.51328125 0.0671875 0.04375 0.0578125
0 0.60546875 0.1734375 0.0734375 0.075
0 0.18359375 0.60859375 0.078125 0.10625
1 0.1234375 0.41953125 0.05 0.0546875
1 0.76796875 0.57578125 0.053125 0.059375
1 0.8203125 0.109375 0.04375 0.05625
1 0.69765625 0.2859375 0.0484375 0.0515625
1 0.7734375 0.2171875 0.046875 0.0515625
1 0.84375 0.8078125 0.0515625 0.059375
1 0.16875 0.0953125 0.0453125 0.0578125
0 0.72421875 0.85 0.071875 0.0734375
1 0.4125 0.715625 0.0484375 0.0546875
1 0.5484375 0.9296875 0.04375 0.0515625
0 0.92734375 0.85234375 0.0625 0.109375
1 0.08125 0.31796875 0.046875 0.0546875
1 0.43203125 0.93984375 0.04375 0.0515625
1 0.59375 0.43515625 0.05 0.0515625
0 0.89140625 0.94921875 0.075 0.0859375
1 0.71171875 0.92734375 0.046875 0.0546875
1 0.28203125 0.175 0.0453125 0.0546875
1 0.21171875 0.140625 0.04375 0.0484375
1 0.6890625 0.1671875 0.04375 0.05
1 0.68125 0.49453125 0.04375 0.0515625
1 0.6125 0.10625 0.0484375 0.0578125
1 0.56875 0.740625 0.0453125 0.05625
0 0.90390625 0.34609375 0.0609375 0.0828125
1 0.79453125 0.70859375 0.05 0.0546875
1 0.57578125 0.02109375 0.0453125 0.0421875
1 0.98359375 0.04921875 0.0328125 0.0609375
1 0.49609375 0.5640625 0.0453125 0.0484375
1 0.46015625 0.43046875 0.05 0.0546875
0 0.203125 0.32734375 0.0640625 0.1140625
1 0.76328125 0.6515625 0.0421875 0.046875
1 0.3390625 0.128125 0.0421875 0.0453125
1 0.6078125 0.69609375 0.04375 0.0515625
1 0.2359375 0.0703125 0.046875 0.0515625
1 0.4890625 0.934375 0.04375 0.059375
1 0.5890625 0.89375 0.04375 0.05625
1 0.6484375 0.628125 0.0453125 0.0515625
1 0.3265625 0.85625 0.05 0.0546875
1 0.04140625 0.06171875 0.046875 0.0515625
1 0.3578125 0.6609375 0.04375 0.0515625
1 0.459375 0.88203125 0.0484375 0.046875
0 0.5859375 0.25703125 0.0671875 0.078125
1 0.33203125 0.58828125 0.0453125 0.0515625
0 0.8375 0.89609375 0.0828125 0.06875
1 0.746875 0.753125 0.046875 0.0515625
1 0.84765625 0.39765625 0.0453125 0.053125
1 0.08203125 0.815625 0.0453125 0.0546875
1 0.02265625 0.8234375 0.0453125 0.059375
1 0.040625 0.484375 0.05 0.059375
1 0.7171875 0.70859375 0.0453125 0.046875
1 0.8046875 0.34453125 0.04375 0.0546875
1 0.6296875 0.9234375 0.05 0.0578125
1 0.1890625 0.8375 0.0453125 0.0546875
1 0.3390625 0.49453125 0.046875 0.053125
1 0.49296875 0.38359375 0.0421875 0.046875
1 0.01640625 0.94609375 0.0328125 0.0546875
0 0.10625 0.49609375 0.075 0.0828125
1 0.0390625 0.69609375 0.0375 0.04375
1 0.08828125 0.93984375 0.04375 0.05
1 0.690625 0.4234375 0.0453125 0.0484375
1 0.80390625 0.97578125 0.0453125 0.0484375
1 0.9703125 0.66953125 0.0421875 0.0546875
1 0.653125 0.728125 0.046875 0.0515625
1 0.8578125 0.23125 0.04375 0.0515625
1 0.25859375 0.86484375 0.046875 0.059375
1 0.940625 0.61484375 0.0453125 0.0515625
1 0.771875 0.93515625 0.04375 0.05
1 0.871875 0.596875 0.0390625 0.0515625
1 0.86015625 0.678125 0.040625 0.05
1 0.91484375 0.66875 0.040625 0.05
1 0.06640625 0.76171875 0.0359375 0.0421875
1 0.14453125 0.73828125 0.040625 0.0453125
1 0.1828125 0.709375 0.0390625 0.040625
1 0.15625 0.87734375 0.040625 0.0515625
1 0.021875 0.146875 0.0390625 0.053125
1 0.19140625 0.21953125 0.0484375 0.0609375
1 0.5265625 0.27734375 0.0390625 0.05
1 0.4734375 0.15078125 0.04375 0.05
1 0.76953125 0.375 0.0421875 0.0453125
1 0.428125 0.48046875 0.0390625 0.0453125
1 0.39921875 0.34765625 0.0421875 0.05625
1 0.459375 0.5328125 0.0390625 0.0484375
1 0.3140625 0.0140625 0.0390625 0.028125
1 0.0078125 0.70234375 0.015625 0.0515625
1 0.61015625 0.98515625 0.053125 0.0296875
1 0.98359375 0.825 0.0328125 0.04375
1 0.72109375 0.0125 0.0421875 0.025