1 0.11640625 0.3140625 0.0453125 0.05625
1 0.08046875 0.2109375 0.05 0.05625
1 0.33828125 0.41953125 0.046875 0.05625
1 0.7421875 0.540625 0.04375 0.053125
1 0.6953125 0.63828125 0.04375 0.0515625
1 0.6453125 0.609375 0.0515625 0.065625
1 0.2796875 0.79296875 0.040625 0.0546875
1 0.4390625 0.27890625 0.0453125 0.059375
1 0.42109375 0.36171875 0.0453125 0.053125
1 0.18203125 0.9265625 0.040625 0.0453125
1 0.07578125 0.48984375 0.0484375 0.0671875
1 0.7015625 0.45 0.04375 0.05625
1 0.3171875 0.1109375 0.0453125 0.05625
1 0.2640625 0.29453125 0.0515625 0.05625
1 0.209375 0.19296875 0.046875 0.053125
1 0.1296875 0.88125 0.04375 0.0515625
1 0.146875 0.57890625 0.0453125 0.0515625
1 0.81328125 0.28046875 0.0453125 0.0578125
1 0.3015625 0.90625 0.0421875 0.0515625
0 0.4640625 0.88203125 0.05 0.09375
0 0.02578125 0.29609375 0.0515625 0.109375
0 0.57578125 0.9390625 0.0515625 0.1046875
1 0.6796875 0.13203125 0.0484375 0.0609375
1 0.4046875 0.85859375 0.040625 0.0515625
1 0.63359375 0.9375 0.0421875 0.0546875
1 0.21171875 0.52109375 0.040625 0.05625
1 0.02421875 0.96875 0.04375 0.053125
1 0.7484375 0.37109375 0.0484375 0.05625
1 0.5265625 0.42421875 0.04375 0.0609375
1 0.53515625 0.1625 0.046875 0.0609375
1 0.140625 0.9796875 0.04375 0.040625
1 0.94453125 0.40078125 0.0453125 0.0578125
1 0.3640625 0.92734375 0.040625 0.053125
1 0.93671875 0.0890625 0.046875 0.053125
1 0.715625 0.96015625 0.040625 0.05
1 0.53671875 0.56484375 0.046875 0.0578125
1 0.02265625 0.584375 0.0453125 0.0546875
1 0.94296875 0.29765625 0.046875 0.0578125
1 0.534375 0.0640625 0.046875 0.05625
1 0.3953125 0.23515625 0.04375 0.05
1 0.64140625 0.353125 0.05 0.0546875
1 0.3515625 0.19921875 0.0453125 0.0546875
1 0.56328125 0.47109375 0.04375 0.05625
1 0.0453125 0.6875 0.04375 0.0546875
1 0.1296875 0.46171875 0.04375 0.05625
1 0.178125 0.65390625 0.046875 0.053125
1 0.58046875 0.228125 0.04375 0.05625
1 0.98125 0.86875 0.0375 0.059375
1 0.41875 0.62421875 0.0484375 0.059375
1 0.92265625 0.8 0.0421875 0.05
1 0.8296875 0.98125 0.04375 0.0375
1 0.9359375 0.6515625 0.0421875 0.05
1 0.7828125 0.1984375 0.046875 0.05625
1 0.5828125 0.80078125 0.040625 0.0515625
1 0.16484375 0.76640625 0.040625 0.04375
1 0.88984375 0.3984375 0.04375 0.053125
1 0.090625 0.73828125 0.0453125 0.05625
1 0.77890625 0.76484375 0.040625 0.046875
1 0.8765625 0.15703125 0.0421875 0.05625
1 0.11875 0.68828125 0.040625 0.053125
1 0.8875 0.74609375 0.04375 0.0546875
1 0.76484375 0.2859375 0.0421875 0.046875
1 0.3359375 0.68125 0.0421875 0.046875
1 0.84609375 0.21640625 0.046875 0.0578125
1 0.65 0.778125 0.04375 0.059375
1 0.21953125 0.7890625 0.0375 0.0484375
1 0.2390625 0.3671875 0.04375 0.05
1 0.2453125 0.065625 0.046875 0.053125
1 0.50390625 0.834375 0.0421875 0.0515625
1 0.84765625 0.80859375 0.0390625 0.0515625
1 0.30390625 0.32734375 0.0453125 0.0515625
1 0.0078125 0.04375 0.015625 0.0390625
1 0.74609375 0.01875 0.046875 0.0375
1 0.45546875 0.98828125 0.03125 0.0234375
1 0.009375 0.721875 0.01875 0.0484375
1 0.15703125 0.515625 0.0375 0.046875