1 0.753125 0.33046875 0.04375 0.053125
0 0.2875 0.3515625 0.0859375 0.0578125
1 0.18359375 0.90546875 0.046875 0.0578125
0 0.41953125 0.253125 0.0640625 0.05
1 0.43984375 0.95078125 0.0453125 0.05625
1 0.94296875 0.38515625 0.04375 0.0515625
1 0.66875 0.68046875 0.04375 0.0546875
1 0.29765625 0.93046875 0.04375 0.0546875
1 0.14375 0.53125 0.0515625 0.0671875
1 0.61796875 0.44609375 0.0421875 0.0578125
0 0.0703125 0.75625 0.059375 0.0765625
1 0.48359375 0.84375 0.0453125 0.0484375
1 0.39453125 0.81953125 0.04375 0.0515625
1 0.0203125 0.1875 0.040625 0.059375
1 0.0421875 0.446875 0.04375 0.0515625
1 0.52734375 0.25078125 0.0421875 0.0515625
1 0.78203125 0.44375 0.04375 0.0515625
1 0.715625 0.74140625 0.0390625 0.04375
1 0.9359375 0.8046875 0.0453125 0.0546875
1 0.09375 0.49921875 0.046875 0.05625
1 0.9 0.69609375 0.046875 0.0546875
1 0.7640625 0.76328125 0.046875 0.0515625
1 0.615625 0.6015625 0.04375 0.05625
1 0.775 0.671875 0.0453125 0.05625
1 0.465625 0.6671875 0.0515625 0.059375
1 0.33359375 0.471875 0.046875 0.0578125
1 0.37421875 0.19609375 0.0390625 0.0453125
1 0.96484375 0.13125 0.0453125 0.05625
1 0.903125 0.940625 0.0453125 0.0546875
1 0.56171875 0.93828125 0.04375 0.053125
1 0.72734375 0.4234375 0.0421875 0.053125
1 0.63046875 0.08125 0.046875 0.053125
1 0.2859375 0.4125 0.046875 0.0546875
1 0.0875 0.86796875 0.04375 0.0484375
1 0.63046875 0.89609375 0.0453125 0.05625
1 0.59765625 0.28046875 0.0359375 0.0421875
1 0.03046875 0.56875 0.040625 0.04375
1 0.08984375 0.6234375 0.046875 0.0546875
1 0.81796875 0.13984375 0.046875 0.059375
1 0.82578125 0.94140625 0.0453125 0.053125
1 0.034375 0.67734375 0.04375 0.0484375
1 0.16640625 0.80546875 0.0453125 0.0515625
1 0.53984375 0.32109375 0.04375 0.046875
1 0.73359375 0.91796875 0.04375 0.0515625
1 0.98515625 0.1828125 0.0296875 0.053125
1 0.98671875 0.425 0.0265625 0.053125
1 0.41953125 0.44453125 0.0484375 0.053125
1 0.12265625 0.346875 0.046875 0.0546875
1 0.471875 0.128125 0.0375 0.0421875
0 0.5953125 0.72109375 0.0609375 0.0890625
1 0.528125 0.73203125 0.0359375 0.04375
1 0.10546875 0.18046875 0.0453125 0.053125
1 0.6921875 0.81953125 0.046875 0.0484375
1 0.2203125 0.32421875 0.040625 0.0421875
1 0.50390625 0.1828125 0.0375 0.0421875
1 0.39453125 0.33359375 0.046875 0.0484375
0 0.4125 0.50703125 0.0734375 0.0609375
1 0.48984375 0.41953125 0.0515625 0.053125
1 0.7125 0.546875 0.0453125 0.0515625
0 0.48671875 0.571875 0.0984375 0.0734375
0 0.35703125 0.1265625 0.05625 0.071875
1 0.2140625 0.1546875 0.0390625 0.046875
0 0.21328125 0.24609375 0.0484375 0.065625
1 0.965625 0.55390625 0.0453125 0.0515625
1 0.1078125 0.94140625 0.040625 0.046875
1 0.8671875 0.75703125 0.04375 0.046875
1 0.28671875 0.2359375 0.0453125 0.0484375
1 0.0203125 0.10390625 0.040625 0.0484375
1 0.05859375 0.265625 0.040625 0.0515625
1 0.0984375 0.27734375 0.046875 0.053125
1 0.234375 0.103125 0.040625 0.05
1 0.25859375 0.15234375 0.05625 0.0546875
1 0.7546875 0.03984375 0.0390625 0.0453125
1 0.89921875 0.1078125 0.040625 0.053125
1 0.84375 0.61328125 0.046875 0.046875
1 0.803125 0.72109375 0.0375 0.046875
1 0.434375 0.31796875 0.0484375 0.0546875
1 0.26171875 0.8421875 0.0421875 0.0546875
1 0.378125 0.71875 0.040625 0.05
1 0.39296875 0.65625 0.0375 0.0453125
1 0.31953125 0.8484375 0.0421875 0.046875
1 0.5546875 0.80390625 0.0359375 0.0453125
1 0.58046875 0.85078125 0.034375 0.0390625
0 0.753125 0.1265625 0.059375 0.0546875
1 0.78359375 0.584375 0.040625 0.0515625
1 0.6890625 0.01171875 0.046875 0.0234375
1 0.57734375 0.02265625 0.0578125 0.0453125
1 0.834375 0.01171875 0.0453125 0.0234375
1 0.85 0.98515625 0.04375 0.0296875
1 0.37265625 0.921875 0.0484375 0.0453125
1 0.403125 0.00859375 0.0375 0.0171875