0 0.79921875 0.5125 0.05 0.0984375
1 0.41640625 0.04609375 0.04375 0.05
0 0.10546875 0.0828125 0.0703125 0.103125
1 0.4546875 0.46953125 0.0453125 0.0515625
1 0.81875 0.71328125 0.0421875 0.05625
1 0.71328125 0.93984375 0.0390625 0.046875
1 0.6421875 0.584375 0.040625 0.0515625
1 0.14453125 0.19296875 0.046875 0.05625
1 0.8421875 0.57265625 0.0421875 0.0546875
1 0.4328125 0.93359375 0.0453125 0.05
1 0.04765625 0.4203125 0.046875 0.05625
1 0.56875 0.11875 0.0453125 0.053125
1 0.2875 0.421875 0.0453125 0.0546875
1 0.79765625 0.3890625 0.0453125 0.053125
1 0.20625 0.26171875 0.0453125 0.0546875
1 0.3640625 0.67890625 0.0421875 0.0515625
1 0.3046875 0.85390625 0.04375 0.0515625
0 0.97421875 0.91328125 0.0515625 0.0671875
1 0.640625 0.44375 0.0453125 0.053125
0 0.84140625 0.915625 0.05 0.0953125
1 0.61484375 0.234375 0.0515625 0.0671875
1 0.29140625 0.090625 0.0453125 0.053125
1 0.621875 0.34375 0.04375 0.0546875
1 0.09921875 0.67265625 0.04375 0.0546875
1 0.571875 0.471875 0.0484375 0.0578125
1 0.27421875 0.96484375 0.0453125 0.0515625
1 0.17109375 0.80390625 0.0421875 0.05625
1 0.1125 0.596875 0.04375 0.0546875
1 0.47578125 0.23046875 0.0546875 0.065625
1 0.72890625 0.7515625 0.0453125 0.05
0 0.22734375 0.4390625 0.0546875 0.0890625
1 0.18984375 0.66640625 0.0390625 0.05
1 0.61328125 0.890625 0.0421875 0.0515625
1 0.4046875 0.2546875 0.0453125 0.05625
1 0.409375 0.75625 0.04375 0.0515625
1 0.07578125 0.35390625 0.0453125 0.05625
1 0.2265625 0.925 0.0453125 0.0515625
1 0.42890625 0.8515625 0.046875 0.05625
1 0.0203125 0.08125 0.040625 0.053125
1 0.37265625 0.9796875 0.0453125 0.040625
0 0.24609375 0.71171875 0.05 0.09375
1 0.3140625 0.240625 0.0453125 0.059375
1 0.225 0.15 0.0453125 0.0484375
1 0.75234375 0.5203125 0.04375 0.053125
1 0.8515625 0.23828125 0.046875 0.059375
1 0.47734375 0.55078125 0.0421875 0.053125
1 0.709375 0.56484375 0.04375 0.0546875
1 0.80546875 0.0453125 0.040625 0.05
1 0.4859375 0.8734375 0.0453125 0.05625
0 0.3796875 0.546875 0.046875 0.096875
1 0.5421875 0.171875 0.0484375 0.0546875
1 0.5484375 0.7953125 0.046875 0.0515625
1 0.16953125 0.5421875 0.0484375 0.05625
1 0.69765625 0.0546875 0.0421875 0.046875
1 0.28046875 0.0203125 0.04375 0.040625
1 0.98203125 0.29140625 0.0359375 0.0609375
1 0.490625 0.10078125 0.0453125 0.0515625
0 0.615625 0.7609375 0.046875 0.0578125
1 0.4625 0.025 0.04375 0.0484375
1 0.28828125 0.74453125 0.0421875 0.0484375
1 0.69453125 0.33359375 0.04375 0.053125
1 0.93125 0.52265625 0.04375 0.0546875
1 0.23671875 0.86796875 0.04375 0.0453125
1 0.86953125 0.44609375 0.040625 0.05
1 0.39921875 0.36328125 0.04375 0.0546875
1 0.7296875 0.12109375 0.046875 0.05
1 0.96640625 0.56484375 0.0421875 0.046875
1 0.034375 0.890625 0.0390625 0.0453125
0 0.89609375 0.71875 0.0640625 0.075
1 0.10234375 0.9109375 0.0390625 0.04375
1 0.375 0.42734375 0.05 0.05625
1 0.9859375 0.796875 0.028125 0.0421875
1 0.703125 0.8328125 0.0421875 0.05625
1 0.75234375 0.8546875 0.0359375 0.0390625
1 0.553125 0.5875 0.04375 0.0515625
1 0.51875 0.29375 0.05 0.0546875
1 0.18828125 0.07421875 0.040625 0.059375
1 0.8859375 0.01640625 0.04375 0.0328125
1 0.99140625 0.07265625 0.0171875 0.0421875
1 0.92890625 0.98671875 0.03125 0.0265625
1 0.73515625 0.990625 0.0359375 0.01875
1 0.50703125 0.984375 0.0421875 0.03125
1 0.08046875 0.98984375 0.0328125 0.0203125
1 0.02109375 0.32734375 0.0375 0.0453125