1 0.0390625 0.16171875 0.0421875 0.0484375
1 0.0734375 0.26171875 0.040625 0.0609375
1 0.0671875 0.403125 0.046875 0.05
1 0.02734375 0.35 0.0421875 0.05
1 0.09921875 0.4640625 0.0453125 0.05625
1 0.02421875 0.4421875 0.0453125 0.059375
1 0.20390625 0.025 0.0484375 0.05
1 0.2953125 0.21640625 0.0390625 0.046875
1 0.24375 0.24609375 0.046875 0.053125
1 0.321875 0.284375 0.04375 0.0484375
1 0.2453125 0.3421875 0.0390625 0.0546875
1 0.32421875 0.36015625 0.0453125 0.0515625
1 0.403125 0.06015625 0.0421875 0.05
1 0.44453125 0.1578125 0.04375 0.046875
1 0.5234375 0.12578125 0.0390625 0.04375
1 0.56796875 0.11328125 0.0390625 0.05
1 0.64921875 0.11484375 0.040625 0.0421875
1 0.71328125 0.13125 0.040625 0.053125
1 0.86171875 0.13671875 0.0453125 0.05625
1 0.9296875 0.0328125 0.0484375 0.0609375
1 0.909375 0.2328125 0.040625 0.0625
1 0.9734375 0.2671875 0.0484375 0.0546875
1 0.8890625 0.434375 0.0421875 0.0484375
1 0.76796875 0.3015625 0.0546875 0.0640625
1 0.82265625 0.39296875 0.0359375 0.046875
1 0.96796875 0.4046875 0.046875 0.0546875
1 0.978125 0.34140625 0.04375 0.059375
1 0.85859375 0.52109375 0.0453125 0.059375
1 0.88359375 0.60625 0.0453125 0.0546875
1 0.85625 0.66484375 0.0453125 0.065625
1 0.9765625 0.65078125 0.046875 0.0640625
1 0.98671875 0.77578125 0.0265625 0.0515625
1 0.90859375 0.81171875 0.0578125 0.0625
1 0.79609375 0.7859375 0.0390625 0.0484375
1 0.78203125 0.93984375 0.04375 0.0515625
1 0.56953125 0.8765625 0.04375 0.05
1 0.57265625 0.8125 0.0359375 0.053125
1 0.615625 0.8296875 0.040625 0.0484375
1 0.56640625 0.740625 0.0390625 0.04375
1 0.6578125 0.73984375 0.0390625 0.05
1 0.6484375 0.6734375 0.0359375 0.0484375
1 0.69140625 0.62109375 0.0375 0.0515625
1 0.73984375 0.609375 0.034375 0.0421875
1 0.74140625 0.46953125 0.0390625 0.046875
1 0.790625 0.44375 0.046875 0.0546875
1 0.63203125 0.3703125 0.040625 0.05
1 0.57109375 0.5078125 0.0375 0.0515625
1 0.5140625 0.6765625 0.04375 0.0546875
1 0.55546875 0.6515625 0.04375 0.0546875
1 0.4828125 0.553125 0.040625 0.05625
1 0.3703125 0.6203125 0.046875 0.05
1 0.33984375 0.7734375 0.0390625 0.04375
1 0.29296875 0.76796875 0.034375 0.0390625
1 0.04375 0.7453125 0.0453125 0.05
1 0.13359375 0.79765625 0.05 0.0609375
1 0.19609375 0.71875 0.04375 0.0453125
1 0.2578125 0.7296875 0.040625 0.0578125
1 0.42578125 0.4 0.0359375 0.0515625
1 0.4109375 0.4625 0.0453125 0.05
1 0.5703125 0.209375 0.040625 0.05
1 0.6046875 0.24921875 0.0421875 0.05
1 0.215625 0.5828125 0.040625 0.0515625
1 0.24453125 0.534375 0.0359375 0.0515625
1 0.47265625 0.8296875 0.0375 0.0453125
1 0.309375 0.89921875 0.0375 0.0484375
1 0.3484375 0.9546875 0.0421875 0.046875
1 0.36953125 0.91953125 0.04375 0.0453125
1 0.415625 0.20546875 0.046875 0.05
1 0.41439062499999996 0.27284375 0.04242187499999996 0.05118749999999998
1 0.41168750000000004 0.31820312500000003 0.05260937499999998 0.04810937500000003
1 0.198875 0.24870312499999997 0.047296874999999995 0.04921875
1 0.20001562499999997 0.20495312499999999 0.04417187499999999 0.045890625000000004
1 0.28453125 0.05421875 0.03760937499999999 0.04396875
1 0.28885937500000003 0.023281249999999996 0.04081250000000001 0.041921875
1 0.128296875 0.522953125 0.03718750000000002 0.034812499999999955
1 0.11168750000000001 0.5491875 0.04309375000000001 0.03953124999999993
1 0.45928125 0.72434375 0.03654687499999998 0.04632812499999996
1 0.48117187499999997 0.7235625 0.031984375000000044 0.04871874999999992
1 0.33440625 0.8270312499999999 0.028328124999999992 0.031640625
1 0.30346875 0.8233124999999999 0.03587499999999997 0.034499999999999885
1 0.780265625 0.05378125 0.03396875000000001 0.043078124999999995
1 0.8034531250000001 0.045125 0.038374999999999916 0.043984375