0 0.26015625 0.15625 0.046875 0.053125
0 0.30859375 0.5296875 0.075 0.096875
0 0.04375 0.56328125 0.065625 0.071875
0 0.3890625 0.63515625 0.06875 0.0546875
0 0.31640625 0.66796875 0.0625 0.0765625
0 0.7328125 0.66171875 0.090625 0.0734375
0 0.79375 0.81640625 0.0765625 0.0671875
0 0.8859375 0.821875 0.0796875 0.059375
0 0.334375 0.2921875 0.0484375 0.0984375
0 0.97421875 0.1 0.0515625 0.10625
1 0.13125 0.30703125 0.046875 0.0640625
1 0.06328125 0.2609375 0.040625 0.0515625
1 0.10859375 0.0359375 0.0390625 0.05
1 0.071875 0.1421875 0.040625 0.0453125
1 0.1109375 0.54375 0.0421875 0.0578125
1 0.15390625 0.60625 0.0484375 0.046875
1 0.1890625 0.45078125 0.0375 0.0421875
1 0.21484375 0.39296875 0.034375 0.046875
1 0.2390625 0.4234375 0.0359375 0.040625
1 0.3046875 0.43046875 0.0421875 0.05625
1 0.15703125 0.19765625 0.040625 0.04375
1 0.428125 0.97734375 0.040625 0.0453125
1 0.475 0.95625 0.040625 0.053125
1 0.51875 0.8921875 0.0421875 0.0515625
1 0.52734375 0.7265625 0.0421875 0.046875
1 0.57265625 0.6703125 0.0375 0.04375
1 0.12734375 0.9 0.0328125 0.0484375
1 0.109375 0.83125 0.0359375 0.0515625
1 0.03125 0.8359375 0.040625 0.05
1 0.07265625 0.734375 0.040625 0.0515625
1 0.18515625 0.71796875 0.0390625 0.0515625
1 0.23359375 0.86640625 0.04375 0.053125
1 0.16484375 0.1234375 0.0421875 0.04375
1 0.3 0.06796875 0.0484375 0.0484375
1 0.47265625 0.15546875 0.0453125 0.05625
1 0.53671875 0.121875 0.0375 0.046875
1 0.45 0.0625 0.040625 0.0484375
1 0.471875 0.346875 0.0421875 0.0546875
1 0.39921875 0.3328125 0.0421875 0.04375
1 0.39765625 0.4265625 0.0390625 0.059375
1 0.403125 0.51328125 0.0375 0.05
1 0.51015625 0.41484375 0.0359375 0.053125
1 0.59609375 0.3328125 0.040625 0.0546875
1 0.5984375 0.2015625 0.040625 0.0484375
1 0.48828125 0.575 0.04375 0.053125
1 0.44921875 0.60859375 0.0359375 0.04375
1 0.6390625 0.396875 0.0375 0.0484375
1 0.671875 0.36015625 0.046875 0.0546875
1 0.7171875 0.3203125 0.0484375 0.053125
1 0.70390625 0.228125 0.046875 0.0484375
1 0.59453125 0.06796875 0.05 0.05625
1 0.6796875 0.075 0.05 0.0453125
1 0.77265625 0.3546875 0.04375 0.0515625
1 0.865625 0.375 0.0453125 0.05
1 0.8234375 0.4765625 0.0421875 0.05
1 0.82265625 0.55390625 0.0453125 0.0546875
1 0.9234375 0.15 0.04375 0.05625
1 0.85078125 0.14140625 0.0453125 0.053125
1 0.85859375 0.075 0.0375 0.05
1 0.89453125 0.20546875 0.040625 0.0515625
1 0.9703125 0.32578125 0.0453125 0.0484375
1 0.9828125 0.72734375 0.034375 0.0453125
1 0.87578125 0.728125 0.046875 0.0484375
1 0.80703125 0.70703125 0.04375 0.05625
1 0.7765625 0.9375 0.04375 0.0515625
1 0.66640625 0.978125 0.0390625 0.04375
1 0.71328125 0.796875 0.0453125 0.05
1 0.62421875 0.76875 0.04375 0.0484375
1 0.61796875 0.8484375 0.0328125 0.0421875
1 0.66328125 0.85078125 0.0359375 0.0453125
1 0.33515625 0.8796875 0.0421875 0.05
1 0.39375 0.7734375 0.0453125 0.05625
1 0.46796875 0.76328125 0.0390625 0.0546875
1 0.5421875 0.553125 0.04375 0.0421875
1 0.6125 0.46484375 0.0375 0.0484375
1 0.6890625 0.1578125 0.0359375 0.046875