0 0.4328125 0.67734375 0.090625 0.0875
0 0.38203125 0.1109375 0.0734375 0.0984375
0 0.209375 0.79453125 0.0609375 0.0875
1 0.73671875 0.32265625 0.0546875 0.0625
1 0.91875 0.48359375 0.040625 0.05
1 0.640625 0.73671875 0.046875 0.059375
0 0.0328125 0.70390625 0.0515625 0.1015625
1 0.65859375 0.56953125 0.04375 0.0578125
1 0.50390625 0.91015625 0.05 0.05625
1 0.1875 0.2234375 0.0546875 0.0671875
1 0.8234375 0.08125 0.046875 0.0546875
1 0.93828125 0.69296875 0.0453125 0.0578125
0 0.103125 0.0328125 0.0765625 0.065625
1 0.64375 0.17265625 0.04375 0.053125
1 0.26328125 0.50546875 0.0453125 0.0578125
1 0.7953125 0.48515625 0.046875 0.0515625
1 0.9765625 0.5765625 0.046875 0.05625
1 0.81640625 0.56484375 0.046875 0.053125
1 0.8796875 0.36015625 0.04375 0.0546875
1 0.06796875 0.62890625 0.04375 0.05
1 0.30390625 0.16015625 0.05 0.05625
1 0.7625 0.23515625 0.0484375 0.059375
1 0.0296875 0.93359375 0.040625 0.0453125
1 0.684375 0.2390625 0.0484375 0.05625
1 0.01953125 0.1703125 0.0390625 0.0609375
1 0.57109375 0.178125 0.0421875 0.059375
1 0.10390625 0.37265625 0.0453125 0.059375
1 0.1578125 0.715625 0.040625 0.0453125
1 0.128125 0.975 0.0453125 0.05
1 0.728125 0.14765625 0.0515625 0.059375
1 0.48984375 0.021875 0.0453125 0.04375
1 0.73984375 0.4859375 0.046875 0.0578125
1 0.3546875 0.38046875 0.0453125 0.053125
1 0.50078125 0.14453125 0.0453125 0.0578125
1 0.49375 0.53125 0.0484375 0.05625
1 0.36171875 0.20625 0.0484375 0.05625
1 0.27890625 0.34609375 0.046875 0.0546875
1 0.12109375 0.56171875 0.04375 0.046875
1 0.0390625 0.2515625 0.05 0.059375
1 0.03984375 0.49453125 0.0453125 0.0546875
1 0.2375 0.0265625 0.046875 0.053125
0 0.5234375 0.76640625 0.0484375 0.0625
1 0.7265625 0.66796875 0.05 0.0546875
1 0.571875 0.02421875 0.046875 0.0484375
1 0.2265625 0.709375 0.040625 0.04375
0 0.9 0.86328125 0.053125 0.0828125
1 0.8328125 0.409375 0.0453125 0.0484375
1 0.625 0.9390625 0.0453125 0.05
1 0.9828125 0.74765625 0.034375 0.0578125
1 0.8984375 0.63359375 0.053125 0.053125
1 0.5359375 0.3328125 0.046875 0.053125
1 0.34140625 0.94609375 0.0484375 0.0546875
0 0.13515625 0.64296875 0.0453125 0.0578125
1 0.21875 0.89375 0.0484375 0.0609375
1 0.76640625 0.775 0.046875 0.0546875
1 0.3640625 0.51171875 0.0421875 0.0546875
1 0.9203125 0.10234375 0.04375 0.0546875
1 0.1265625 0.20703125 0.0515625 0.0578125
1 0.7578125 0.0484375 0.040625 0.05
1 0.62734375 0.31953125 0.046875 0.053125
1 0.78515625 0.8828125 0.0421875 0.05
1 0.51953125 0.6125 0.040625 0.046875
1 0.509375 0.69609375 0.0421875 0.0515625
1 0.340625 0.853125 0.0390625 0.0421875
1 0.1828125 0.32890625 0.0421875 0.05
1 0.1359375 0.44609375 0.0375 0.05
1 0.61953125 0.4453125 0.05 0.053125
1 0.328125 0.0109375 0.046875 0.021875
1 0.8984375 0.04375 0.040625 0.0359375
1 0.98984375 0.07109375 0.0203125 0.04375
1 0.98828125 0.65234375 0.0234375 0.0515625
1 0.7203125 0.9859375 0.046875 0.028125
1 0.2390625 0.27578125 0.0421875 0.053125