1 0.4203125 0.359375 0.05 0.06875
1 0.2671875 0.7328125 0.040625 0.0546875
1 0.25703125 0.59140625 0.04375 0.05
1 0.19375 0.034375 0.040625 0.0515625
1 0.95703125 0.06796875 0.053125 0.0703125
1 0.48984375 0.69140625 0.04375 0.05
1 0.33515625 0.209375 0.0453125 0.053125
1 0.26875 0.15 0.05 0.0609375
1 0.53203125 0.846875 0.0421875 0.053125
1 0.08828125 0.86015625 0.0453125 0.0703125
1 0.39140625 0.7640625 0.0421875 0.0515625
1 0.27890625 0.8671875 0.0453125 0.05625
1 0.89375 0.7328125 0.0484375 0.0609375
1 0.5046875 0.02421875 0.0484375 0.0484375
1 0.5921875 0.88515625 0.0453125 0.05625
1 0.1828125 0.2609375 0.0453125 0.0546875
1 0.8390625 0.6625 0.0484375 0.0625
1 0.76328125 0.115625 0.04375 0.0578125
1 0.88515625 0.36640625 0.0453125 0.0546875
1 0.1953125 0.72578125 0.04375 0.0578125
1 0.65234375 0.8265625 0.04375 0.05
1 0.76640625 0.85625 0.04375 0.05
1 0.95 0.79296875 0.040625 0.0515625
1 0.09609375 0.43828125 0.0375 0.0421875
1 0.42109375 0.825 0.04375 0.0546875
1 0.64375 0.0234375 0.04375 0.046875
1 0.4375 0.515625 0.0421875 0.053125
1 0.64765625 0.73046875 0.040625 0.0515625
1 0.471875 0.39453125 0.0453125 0.059375
1 0.30390625 0.27578125 0.0421875 0.05625
1 0.575 0.071875 0.0390625 0.05
1 0.80390625 0.9296875 0.0421875 0.0484375
1 0.8140625 0.14609375 0.04375 0.0546875
1 0.575 0.63828125 0.0421875 0.0515625
1 0.16171875 0.13828125 0.0421875 0.0546875
1 0.52734375 0.30546875 0.0421875 0.0546875
1 0.3359375 0.55078125 0.0453125 0.053125
1 0.1296875 0.7765625 0.05 0.0671875
1 0.08828125 0.49765625 0.040625 0.0453125
1 0.88515625 0.57578125 0.0453125 0.0546875
1 0.084375 0.2421875 0.040625 0.053125
1 0.1625 0.5421875 0.040625 0.0515625
1 0.79609375 0.31796875 0.0421875 0.0515625
1 0.51875 0.5171875 0.0375 0.0484375
1 0.6703125 0.4234375 0.04375 0.0546875
1 0.6375 0.315625 0.04375 0.0546875
1 0.484375 0.9234375 0.0390625 0.0484375
1 0.96640625 0.59453125 0.04375 0.0546875
1 0.49765625 0.603125 0.0421875 0.0515625
1 0.5390625 0.7203125 0.040625 0.05
1 0.75390625 0.6078125 0.0421875 0.0515625
1 0.6375 0.63125 0.040625 0.05
1 0.01796875 0.36953125 0.0359375 0.053125
1 0.09375 0.33125 0.04375 0.053125
1 0.06796875 0.15078125 0.04375 0.05625
1 0.41171875 0.05546875 0.0453125 0.0515625
1 0.22578125 0.36875 0.0421875 0.0515625
1 0.74609375 0.7359375 0.0421875 0.0515625
1 0.3421875 0.7296875 0.0390625 0.046875
1 0.84921875 0.21640625 0.0421875 0.0515625
1 0.71171875 0.290625 0.0390625 0.046875
1 0.675 0.2421875 0.0359375 0.04375
1 0.421875 0.91484375 0.040625 0.05
1 0.9578125 0.946875 0.0390625 0.05
1 0.409375 0.14375 0.046875 0.0484375
1 0.328125 0.39609375 0.040625 0.05
1 0.3328125 0.0421875 0.0390625 0.0421875
1 0.8625 0.97578125 0.040625 0.0453125
1 0.290625 0.953125 0.046875 0.059375
1 0.121875 0.3828125 0.034375 0.046875
1 0.98984375 0.33046875 0.0203125 0.0515625
1 0.9890625 0.44765625 0.021875 0.05
1 0.9921875 0.75078125 0.015625 0.05
1 0.73984375 0.9890625 0.0375 0.021875
1 0.00859375 0.47890625 0.0171875 0.05
1 0.8059531249999999 0.493484375 0.03659375000000002 0.04181249999999999
1 0.7848437500000001 0.47645312500000003 0.030625000000000034 0.03607812500000005
1 0.5840468750000001 0.48392187499999995 0.03757812499999993 0.04410937500000003
1 0.586375 0.525828125 0.036687500000000026 0.048890624999999945
1 0.47018750000000004 0.18553124999999998 0.04757812500000007 0.054671874999999995
1 0.9054375 0.143828125 0.04479687500000011 0.057624999999999996
1 0.879484375 0.097609375 0.05015624999999986 0.049843750000000006
1 0.49621875 0.1579375 0.04631249999999998 0.04775