0 0.678125 0.615625 0.05625 0.0875
1 0.44140625 0.734375 0.046875 0.053125
0 0.16640625 0.40078125 0.078125 0.0609375
0 0.884375 0.7265625 0.071875 0.0796875
1 0.64296875 0.7578125 0.04375 0.0515625
1 0.14140625 0.58984375 0.046875 0.05
1 0.64140625 0.05234375 0.04375 0.053125
0 0.765625 0.69453125 0.0625 0.109375
0 0.86328125 0.26015625 0.0546875 0.109375
1 0.51875 0.84140625 0.04375 0.0515625
1 0.09609375 0.28671875 0.04375 0.046875
1 0.1875 0.22421875 0.0421875 0.0515625
1 0.14609375 0.06328125 0.0453125 0.0515625
1 0.35703125 0.5828125 0.04375 0.053125
1 0.33359375 0.5203125 0.04375 0.053125
1 0.12265625 0.215625 0.04375 0.0484375
1 0.97578125 0.503125 0.0421875 0.0515625
1 0.52421875 0.484375 0.046875 0.0515625
0 0.478125 0.35 0.059375 0.0859375
1 0.0734375 0.54296875 0.0453125 0.05
1 0.24453125 0.31875 0.04375 0.0515625
1 0.50625 0.18125 0.0453125 0.0546875
1 0.7671875 0.4765625 0.04375 0.053125
1 0.66484375 0.24375 0.0421875 0.05
1 0.06484375 0.62265625 0.04375 0.05
0 0.23515625 0.19921875 0.05 0.0609375
1 0.3703125 0.23203125 0.046875 0.0578125
1 0.7046875 0.02890625 0.0421875 0.0546875
1 0.46328125 0.43671875 0.04375 0.0515625
1 0.315625 0.675 0.0421875 0.0515625
1 0.27421875 0.61171875 0.04375 0.05
1 0.54921875 0.11328125 0.0390625 0.0453125
1 0.83359375 0.1125 0.0421875 0.053125
1 0.6078125 0.85078125 0.04375 0.053125
1 0.4734375 0.590625 0.04375 0.0484375
1 0.55234375 0.34296875 0.0484375 0.053125
1 0.51875 0.7515625 0.0421875 0.05
1 0.82734375 0.040625 0.0453125 0.0484375
1 0.32578125 0.3875 0.0390625 0.0515625
1 0.9828125 0.10234375 0.034375 0.0578125
1 0.94921875 0.6234375 0.046875 0.0625
1 0.765625 0.296875 0.04375 0.0515625
1 0.67734375 0.92421875 0.040625 0.0546875
1 0.03515625 0.6890625 0.04375 0.0515625
1 0.63203125 0.43671875 0.04375 0.053125
1 0.20390625 0.76171875 0.0484375 0.0578125
1 0.81953125 0.57109375 0.040625 0.0453125
1 0.8625 0.42890625 0.0421875 0.0546875
1 0.01875 0.1953125 0.0375 0.05
1 0.32734375 0.02734375 0.046875 0.0546875
1 0.42734375 0.91171875 0.0453125 0.053125
1 0.01640625 0.7875 0.0328125 0.053125
1 0.1828125 0.12734375 0.0453125 0.05
1 0.565625 0.9078125 0.0390625 0.05
1 0.7171875 0.40078125 0.04375 0.0515625
1 0.83046875 0.90078125 0.0453125 0.0515625
1 0.55234375 0.42421875 0.046875 0.053125
1 0.9859375 0.81328125 0.028125 0.0546875
1 0.56640625 0.19140625 0.04375 0.0546875
1 0.76328125 0.02734375 0.04375 0.0546875
1 0.240625 0.5265625 0.0453125 0.046875
1 0.26015625 0.378125 0.0328125 0.0421875
1 0.84765625 0.97421875 0.0484375 0.0515625
1 0.24921875 0.025 0.04375 0.05
1 0.6921875 0.3078125 0.04375 0.05
1 0.859375 0.5078125 0.040625 0.046875
1 0.74765625 0.20625 0.04375 0.0484375
0 0.22109375 0.6875 0.0703125 0.071875
1 0.08671875 0.86484375 0.0390625 0.04375
1 0.9203125 0.85078125 0.046875 0.05625
1 0.58046875 0.709375 0.046875 0.05
1 0.0875 0.15859375 0.0359375 0.0375
1 0.46796875 0.01953125 0.0453125 0.0390625
1 0.37421875 0.93671875 0.0453125 0.0546875
1 0.3 0.9375 0.046875 0.05625
1 0.1171875 0.94453125 0.04375 0.05625
1 0.14921875 0.86484375 0.0375 0.0390625
1 0.34140625 0.78515625 0.0390625 0.0546875
1 0.9125 0.46015625 0.040625 0.046875
1 0.5125 0.91875 0.04375 0.04375
1 0.46171875 0.65625 0.0484375 0.05
1 0.4015625 0.63515625 0.040625 0.05
1 0.3921875 0.32578125 0.0484375 0.046875
1 0.6125 0.53046875 0.0453125 0.0546875
1 0.6078125 0.1296875 0.04375 0.05
1 0.00625 0.8953125 0.0125 0.046875
1 0.75078125 0.5578125 0.040625 0.0484375