1 0.24453125 0.36328125 0.0421875 0.05
1 0.2875 0.54296875 0.0453125 0.0546875
1 0.4859375 0.24296875 0.0453125 0.053125
1 0.86328125 0.59765625 0.046875 0.0671875
1 0.43125 0.85625 0.0421875 0.0546875
1 0.9421875 0.37265625 0.0421875 0.0546875
1 0.178125 0.26328125 0.04375 0.0546875
1 0.565625 0.9296875 0.04375 0.053125
1 0.42109375 0.07265625 0.0390625 0.04375
1 0.67265625 0.58828125 0.0453125 0.0515625
1 0.69921875 0.28203125 0.046875 0.0578125
1 0.359375 0.809375 0.0421875 0.0484375
1 0.05 0.5375 0.04375 0.0515625
1 0.8765625 0.71171875 0.0421875 0.0515625
1 0.428125 0.53671875 0.046875 0.05625
1 0.79609375 0.1875 0.0515625 0.0671875
1 0.41796875 0.94765625 0.0421875 0.053125
1 0.8140625 0.51796875 0.04375 0.05625
1 0.98203125 0.91796875 0.0359375 0.0546875
1 0.09609375 0.6671875 0.040625 0.05
1 0.97578125 0.7390625 0.040625 0.05
1 0.4046875 0.2859375 0.0453125 0.0546875
1 0.88046875 0.8 0.040625 0.05625
1 0.11015625 0.34296875 0.04375 0.053125
1 0.66171875 0.98203125 0.0421875 0.0359375
1 0.8125 0.978125 0.0453125 0.04375
1 0.2296875 0.9140625 0.040625 0.04375
1 0.765625 0.74609375 0.040625 0.0546875
1 0.58359375 0.32109375 0.04375 0.0546875
1 0.29765625 0.43828125 0.0453125 0.05
1 0.18203125 0.66875 0.04375 0.0515625
1 0.4046875 0.7328125 0.04375 0.053125
1 0.190625 0.77734375 0.0375 0.053125
1 0.13203125 0.4875 0.04375 0.0515625
1 0.3203125 0.359375 0.0453125 0.053125
1 0.5375 0.528125 0.046875 0.0515625
1 0.5390625 0.42265625 0.05 0.0609375
1 0.2296875 0.85 0.040625 0.0515625
1 0.8890625 0.90078125 0.0421875 0.05
1 0.553125 0.15546875 0.04375 0.053125
1 0.54453125 0.0640625 0.04375 0.05625
1 0.1265625 0.75546875 0.040625 0.05
1 0.98515625 0.3875 0.0296875 0.059375
1 0.16640625 0.53203125 0.046875 0.0546875
1 0.2484375 0.28046875 0.040625 0.053125
1 0.76875 0.89140625 0.04375 0.053125
1 0.4140625 0.36484375 0.040625 0.0453125
1 0.578125 0.7765625 0.0421875 0.0546875
1 0.1046875 0.0296875 0.04375 0.0578125
1 0.6828125 0.43359375 0.04375 0.046875
1 0.72421875 0.35703125 0.046875 0.0484375
1 0.07578125 0.1765625 0.040625 0.0453125
1 0.5015625 0.31484375 0.0453125 0.0515625
1 0.515625 0.853125 0.0375 0.046875
1 0.73828125 0.49375 0.0453125 0.05
1 0.48203125 0.59140625 0.0453125 0.05
1 0.6390625 0.509375 0.046875 0.0515625
1 0.940625 0.8 0.0390625 0.046875
1 0.45703125 0.184375 0.0390625 0.0484375
1 0.64296875 0.16640625 0.040625 0.053125
1 0.678125 0.7828125 0.0421875 0.0515625
1 0.20078125 0.01953125 0.0453125 0.0390625
1 0.16015625 0.42890625 0.04375 0.0484375
1 0.38203125 0.6421875 0.053125 0.0625
1 0.87109375 0.0328125 0.0484375 0.053125
1 0.3390625 0.9125 0.0328125 0.0453125
1 0.43359375 0.01171875 0.0390625 0.0234375
1 0.9921875 0.78671875 0.015625 0.0484375
1 0.5171875 0.975 0.0359375 0.040625
1 0.00703125 0.859375 0.0140625 0.04375
1 0.00859375 0.1625 0.0171875 0.053125
1 0.9319062499999999 0.146921875 0.04239062500000017 0.04703124999999999
1 0.86 0.385921875 0.03679687499999993 0.04728124999999998
1 0.840640625 0.42071875 0.044312499999999845 0.045906249999999996
1 0.9076875 0.15609375 0.03275000000000006 0.040046874999999996
1 0.27723437500000003 0.8896875 0.03096874999999999 0.03937500000000007
1 0.293890625 0.862296875 0.035062499999999996 0.03762499999999989
1 0.1405 0.9519375 0.03495312500000001 0.03835937499999993
1 0.11667187500000001 0.964328125 0.030437499999999985 0.03184375000000017