1 0.6671875 0.0578125 0.0421875 0.0453125
1 0.8171875 0.10859375 0.0453125 0.0515625
1 0.34140625 0.51015625 0.04375 0.0484375
1 0.5671875 0.83671875 0.0453125 0.0453125
1 0.4703125 0.5453125 0.0484375 0.053125
0 0.309375 0.8140625 0.0765625 0.0875
0 0.81484375 0.184375 0.0484375 0.075
1 0.05859375 0.971875 0.04375 0.0546875
1 0.38984375 0.6078125 0.046875 0.0515625
0 0.66328125 0.14296875 0.065625 0.065625
1 0.86796875 0.840625 0.0453125 0.05625
1 0.88203125 0.39765625 0.0421875 0.05
1 0.23828125 0.60703125 0.0453125 0.05
1 0.16953125 0.628125 0.040625 0.0484375
1 0.64140625 0.76171875 0.046875 0.0546875
1 0.89140625 0.91796875 0.0359375 0.05
0 0.259375 0.25546875 0.078125 0.0796875
1 0.48125 0.03203125 0.0421875 0.0515625
1 0.48046875 0.4640625 0.046875 0.053125
1 0.1671875 0.20078125 0.0453125 0.0546875
1 0.35234375 0.40546875 0.0421875 0.05625
1 0.15390625 0.35625 0.053125 0.0671875
1 0.69609375 0.31796875 0.04375 0.053125
1 0.6875 0.83359375 0.0453125 0.053125
1 0.4578125 0.95625 0.04375 0.05
1 0.453125 0.8265625 0.0390625 0.04375
1 0.3609375 0.74140625 0.04375 0.05
1 0.975 0.9703125 0.0453125 0.05625
1 0.41640625 0.4 0.0453125 0.0546875
1 0.6484375 0.6109375 0.0453125 0.0515625
1 0.07734375 0.7859375 0.0453125 0.05
1 0.8046875 0.33125 0.040625 0.05
1 0.190625 0.92265625 0.0421875 0.0515625
1 0.3515625 0.153125 0.046875 0.0515625
1 0.80390625 0.40859375 0.04375 0.05625
1 0.89296875 0.14453125 0.0421875 0.05
1 0.01796875 0.64765625 0.0359375 0.0484375
1 0.7765625 0.56484375 0.046875 0.05625
1 0.1578125 0.7046875 0.0453125 0.0515625
1 0.3921875 0.83203125 0.0390625 0.0515625
1 0.384375 0.67265625 0.0453125 0.0515625
1 0.54921875 0.08125 0.0421875 0.05
1 0.26171875 0.89453125 0.04375 0.053125
1 0.5984375 0.02265625 0.04375 0.0453125
1 0.35625 0.3046875 0.0453125 0.053125
1 0.9671875 0.2359375 0.0453125 0.05
1 0.97890625 0.4515625 0.0421875 0.0578125
1 0.98359375 0.80859375 0.0328125 0.0578125
1 0.66640625 0.9234375 0.0390625 0.040625
1 0.5234375 0.78046875 0.04375 0.053125
1 0.0609375 0.2578125 0.0453125 0.05
1 0.7 0.68125 0.04375 0.05
1 0.7296875 0.1875 0.0375 0.0390625
1 0.571875 0.671875 0.04375 0.05
1 0.47109375 0.39765625 0.0484375 0.053125
1 0.41796875 0.49765625 0.0453125 0.05
1 0.50703125 0.18203125 0.0390625 0.046875
1 0.17890625 0.0453125 0.04375 0.0515625
1 0.11796875 0.14296875 0.04375 0.05
1 0.26171875 0.07421875 0.04375 0.05
1 0.60390625 0.96171875 0.0421875 0.046875
1 0.834375 0.67578125 0.0453125 0.05
1 0.86953125 0.46953125 0.0390625 0.0421875
0 0.665625 0.4875 0.0578125 0.10625
1 0.94921875 0.05546875 0.0453125 0.0515625
1 0.98125 0.65703125 0.0375 0.0578125
1 0.83125 0.90078125 0.04375 0.0546875
1 0.27734375 0.409375 0.0421875 0.0484375
1 0.0171875 0.08984375 0.034375 0.0484375
1 0.628125 0.390625 0.0390625 0.04375
0 0.92734375 0.5890625 0.0484375 0.0828125
1 0.86796875 0.553125 0.0421875 0.05
1 0.53828125 0.33984375 0.034375 0.0453125
1 0.5140625 0.2921875 0.03125 0.0359375
1 0.9640625 0.3546875 0.04375 0.053125
1 0.20078125 0.80703125 0.028125 0.0390625
1 0.1953125 0.72734375 0.0359375 0.0390625
1 0.6703125 0.2453125 0.0375 0.04375
1 0.86796875 0.6171875 0.046875 0.05
1 0.88125 0.78125 0.0421875 0.0546875
1 0.9390625 0.91328125 0.040625 0.05625
1 0.2625 0.9875 0.040625 0.025
1 0.01328125 0.30859375 0.0265625 0.05