0 0.3828125 0.703125 0.0875 0.0828125
1 0.41328125 0.9140625 0.0453125 0.0546875
1 0.50859375 0.4296875 0.04375 0.0546875
1 0.4984375 0.55234375 0.04375 0.0546875
1 0.07109375 0.69375 0.046875 0.0546875
0 0.64609375 0.596875 0.0546875 0.090625
1 0.309375 0.7703125 0.04375 0.0515625
1 0.4390625 0.196875 0.04375 0.05625
1 0.3625 0.9640625 0.0453125 0.053125
1 0.55703125 0.7765625 0.0453125 0.0546875
0 0.43671875 0.578125 0.0609375 0.075
1 0.20078125 0.46875 0.04375 0.053125
1 0.4921875 0.3046875 0.0421875 0.053125
1 0.09296875 0.11484375 0.04375 0.0546875
1 0.4265625 0.11171875 0.0453125 0.0546875
1 0.03671875 0.7609375 0.0453125 0.0578125
0 0.70703125 0.403125 0.0859375 0.0796875
1 0.72734375 0.0921875 0.04375 0.059375
0 0.20546875 0.7140625 0.1046875 0.0859375
1 0.16953125 0.85 0.0484375 0.0578125
0 0.30703125 0.36171875 0.0703125 0.0828125
1 0.71484375 0.59765625 0.0421875 0.05625
1 0.6375 0.96953125 0.04375 0.05625
1 0.03203125 0.4671875 0.0453125 0.05625
1 0.12109375 0.796875 0.0453125 0.053125
1 0.659375 0.13515625 0.0453125 0.05625
1 0.5296875 0.2078125 0.0453125 0.05625
1 0.375 0.25 0.05 0.059375
1 0.04765625 0.26953125 0.05 0.05625
0 0.28984375 0.53671875 0.065625 0.0859375
1 0.66875 0.8328125 0.0515625 0.0703125
1 0.53828125 0.9625 0.04375 0.0515625
1 0.78125 0.1890625 0.04375 0.0578125
1 0.21171875 0.109375 0.0453125 0.05625
1 0.94453125 0.115625 0.0515625 0.075
1 0.621875 0.05703125 0.04375 0.0609375
1 0.084375 0.9328125 0.04375 0.0578125
1 0.8734375 0.15 0.046875 0.0609375
1 0.98203125 0.6703125 0.0359375 0.0546875
1 0.59765625 0.26328125 0.0421875 0.05
1 0.33671875 0.64375 0.0453125 0.053125
1 0.2328125 0.521875 0.04375 0.0484375
1 0.13125 0.54921875 0.046875 0.0546875
1 0.29375 0.97890625 0.04375 0.0421875
1 0.90859375 0.5484375 0.0421875 0.05625
1 0.36796875 0.028125 0.0453125 0.053125
0 0.796875 0.47421875 0.059375 0.11875
1 0.21328125 0.6203125 0.0453125 0.0515625
1 0.37421875 0.52734375 0.0390625 0.04375
0 0.31796875 0.45703125 0.0625 0.0609375
1 0.68984375 0.22890625 0.04375 0.053125
1 0.1625 0.16171875 0.04375 0.05
1 0.8015625 0.90703125 0.0515625 0.0640625
1 0.525 0.640625 0.046875 0.0515625
1 0.834375 0.77734375 0.0546875 0.075
1 0.83671875 0.975 0.0515625 0.0484375
1 0.79140625 0.07578125 0.0453125 0.0578125
1 0.83203125 0.0296875 0.0453125 0.059375
1 0.215625 0.39140625 0.040625 0.046875
1 0.43203125 0.49453125 0.0390625 0.04375
1 0.95 0.72421875 0.046875 0.05625
1 0.96953125 0.39453125 0.0421875 0.05
1 0.15546875 0.38359375 0.0453125 0.0546875
1 0.97265625 0.02265625 0.05 0.0453125
1 0.71484375 0.3171875 0.0390625 0.046875
1 0.97890625 0.45546875 0.0421875 0.053125
1 0.44375 0.9734375 0.04375 0.05
0 0.51484375 0.84921875 0.0609375 0.0984375
1 0.4421875 0.421875 0.0390625 0.0453125
1 0.12265625 0.0109375 0.0390625 0.021875
1 0.2265625 0.0140625 0.04375 0.028125
1 0.32265625 0.01328125 0.040625 0.0265625
1 0.48515625 0.9890625 0.0375 0.021875
1 0.01015625 0.59921875 0.0203125 0.0640625
1 0.01640625 0.9578125 0.0328125 0.0515625
1 0.00859375 0.31484375 0.0171875 0.0609375