1 0.203125 0.79140625 0.0421875 0.053125
1 0.2875 0.5765625 0.04375 0.0546875
1 0.10234375 0.6984375 0.040625 0.0515625
1 0.7578125 0.45234375 0.0453125 0.0546875
1 0.16328125 0.753125 0.0421875 0.0546875
1 0.88359375 0.15234375 0.0421875 0.05625
1 0.26328125 0.8671875 0.0421875 0.053125
1 0.9203125 0.228125 0.0421875 0.053125
1 0.31796875 0.809375 0.0515625 0.06875
1 0.71875 0.21328125 0.04375 0.0546875
1 0.909375 0.91953125 0.040625 0.053125
1 0.165625 0.40078125 0.0421875 0.05625
1 0.35859375 0.5265625 0.04375 0.0546875
1 0.08515625 0.80703125 0.04375 0.053125
1 0.446875 0.59375 0.04375 0.0578125
1 0.24609375 0.07421875 0.04375 0.0546875
1 0.11796875 0.5984375 0.0421875 0.0546875
1 0.52265625 0.82890625 0.0421875 0.0578125
1 0.7125 0.7125 0.0421875 0.0546875
1 0.57890625 0.4875 0.0421875 0.0546875
1 0.69609375 0.521875 0.0421875 0.0546875
1 0.4390625 0.228125 0.0421875 0.05
1 0.75078125 0.89140625 0.0390625 0.0546875
1 0.571875 0.29765625 0.0421875 0.0546875
1 0.81640625 0.08515625 0.0453125 0.05625
1 0.8265625 0.39296875 0.0421875 0.0515625
1 0.29765625 0.6890625 0.0453125 0.05625
1 0.94140625 0.09453125 0.0484375 0.0546875
1 0.26796875 0.21953125 0.0421875 0.0515625
1 0.0546875 0.2203125 0.0421875 0.05625
1 0.159375 0.29296875 0.0421875 0.05625
1 0.85234375 0.27265625 0.0421875 0.0515625
1 0.05390625 0.85390625 0.0390625 0.046875
1 0.4734375 0.92734375 0.0453125 0.05
1 0.8640625 0.9703125 0.0453125 0.05625
1 0.5375 0.11015625 0.05 0.0734375
0 0.9484375 0.3109375 0.06875 0.0515625
1 0.4375 0.41875 0.0421875 0.0515625
1 0.38984375 0.93515625 0.04375 0.05625
1 0.7890625 0.28125 0.0421875 0.0546875
1 0.53828125 0.54140625 0.0484375 0.065625
1 0.38359375 0.26328125 0.04375 0.053125
1 0.4234375 0.14453125 0.040625 0.0484375
1 0.98515625 0.77578125 0.0296875 0.0578125
1 0.9203125 0.62734375 0.040625 0.0515625
1 0.97578125 0.196875 0.04375 0.0546875
1 0.3953125 0.7859375 0.0421875 0.053125
1 0.94765625 0.58046875 0.0421875 0.05
1 0.740625 0.765625 0.046875 0.0578125
1 0.01640625 0.57734375 0.0328125 0.0546875
1 0.1484375 0.9078125 0.040625 0.053125
1 0.6765625 0.915625 0.0390625 0.0515625
1 0.4671875 0.33359375 0.04375 0.0546875
0 0.21171875 0.93046875 0.06875 0.0640625
1 0.19453125 0.57890625 0.0484375 0.0671875
1 0.640625 0.7546875 0.040625 0.05
1 0.68828125 0.11484375 0.05 0.0640625
1 0.015625 0.88125 0.03125 0.053125
1 0.796875 0.16015625 0.04375 0.053125
1 0.72265625 0.65078125 0.0359375 0.0421875
1 0.49609375 0.98046875 0.0453125 0.0390625
1 0.4546875 0.50859375 0.046875 0.0515625
1 0.33359375 0.93828125 0.04375 0.05
1 0.82578125 0.703125 0.0421875 0.053125
1 0.221875 0.18359375 0.04375 0.0546875
1 0.40703125 0.053125 0.04375 0.0578125
1 0.03359375 0.9359375 0.040625 0.04375
1 0.52265625 0.6078125 0.04375 0.0515625
1 0.921875 0.35546875 0.0328125 0.0375
1 0.6109375 0.71953125 0.0421875 0.0546875
1 0.09296875 0.10625 0.0421875 0.053125
1 0.08203125 0.34765625 0.0421875 0.053125
1 0.58671875 0.9 0.0375 0.046875
1 0.93046875 0.8140625 0.0390625 0.04375
1 0.83515625 0.33515625 0.040625 0.046875
1 0.63515625 0.27890625 0.0421875 0.0453125
1 0.678125 0.3171875 0.040625 0.053125
1 0.62578125 0.09921875 0.046875 0.053125
1 0.2109375 0.68984375 0.0390625 0.0515625
1 0.3890625 0.66171875 0.04375 0.0515625
1 0.03359375 0.0171875 0.0515625 0.034375
1 0.01328125 0.11171875 0.0265625 0.059375
1 0.43359375 0.0140625 0.04375 0.028125
1 0.35 0.01015625 0.04375 0.0203125
1 0.9875 0.41328125 0.025 0.0515625
1 0.0140625 0.50546875 0.028125 0.059375
1 0.03984375 0.75078125 0.034375 0.046875
0 0.56640625 0.99296875 0.0671875 0.0140625
1 0.9921875 0.47734375 0.015625 0.0640625
1 0.14140625 0.04453125 0.04375 0.0578125