1 0.35703125 0.39140625 0.04375 0.059375
1 0.37890625 0.9375 0.04375 0.05625
1 0.5234375 0.87421875 0.0421875 0.0578125
1 0.18828125 0.9625 0.04375 0.0546875
1 0.86640625 0.11640625 0.0421875 0.05625
1 0.93828125 0.534375 0.04375 0.0578125
1 0.890625 0.82265625 0.040625 0.053125
1 0.24765625 0.1 0.04375 0.05625
1 0.47890625 0.09296875 0.0421875 0.0578125
1 0.253125 0.4046875 0.0421875 0.0609375
1 0.1015625 0.82421875 0.0421875 0.0578125
1 0.65 0.26953125 0.0359375 0.046875
1 0.940625 0.75546875 0.04375 0.0578125
1 0.95 0.86875 0.0453125 0.0578125
1 0.8015625 0.75703125 0.05 0.0703125
1 0.10078125 0.38203125 0.0421875 0.0578125
1 0.54140625 0.5578125 0.04375 0.0625
1 0.4734375 0.3703125 0.04375 0.0578125
1 0.29453125 0.5109375 0.040625 0.0578125
1 0.3390625 0.53984375 0.04375 0.053125
1 0.396875 0.16171875 0.04375 0.05625
1 0.353125 0.20234375 0.04375 0.0609375
1 0.4109375 0.32578125 0.0421875 0.059375
1 0.81484375 0.0828125 0.04375 0.05625
1 0.7140625 0.20625 0.0359375 0.0453125
1 0.3765625 0.6078125 0.040625 0.0578125
1 0.32265625 0.61953125 0.0421875 0.0515625
1 0.91484375 0.43828125 0.0453125 0.059375
1 0.7203125 0.29140625 0.05 0.0703125
1 0.696875 0.60234375 0.04375 0.05625
1 0.54609375 0.7078125 0.0421875 0.059375
1 0.02734375 0.59609375 0.0453125 0.0546875
1 0.10703125 0.1828125 0.0390625 0.0453125
1 0.18828125 0.86015625 0.04375 0.0546875
1 0.22734375 0.7578125 0.046875 0.053125
1 0.4609375 0.8421875 0.0421875 0.059375
1 0.24609375 0.634375 0.0421875 0.0546875
1 0.446875 0.62890625 0.040625 0.0578125
1 0.05703125 0.971875 0.0453125 0.0546875
1 0.84609375 0.2125 0.0453125 0.059375
1 0.6375 0.86875 0.046875 0.059375
1 0.76640625 0.1375 0.0375 0.046875
1 0.9390625 0.35703125 0.0453125 0.0578125
1 0.959375 0.17265625 0.040625 0.05
1 0.6828125 0.428125 0.04375 0.0515625
1 0.7625 0.04375 0.04375 0.0546875
1 0.39765625 0.4546875 0.0421875 0.053125
1 0.2078125 0.5109375 0.04375 0.0609375
0 0.09453125 0.67578125 0.059375 0.0734375
1 0.9125 0.20859375 0.0421875 0.0546875
1 0.71640625 0.775 0.0421875 0.05625
1 0.803125 0.18203125 0.0375 0.046875
1 0.14921875 0.253125 0.0375 0.04375
1 0.19140625 0.38203125 0.04375 0.0546875
1 0.97578125 0.0484375 0.0453125 0.059375
1 0.54609375 0.246875 0.0390625 0.05
1 0.14609375 0.11328125 0.040625 0.0515625
1 0.7921875 0.4953125 0.04375 0.053125
1 0.58515625 0.58515625 0.040625 0.0515625
0 0.5484375 0.09765625 0.059375 0.121875
1 0.634375 0.49609375 0.0421875 0.0515625
1 0.2015625 0.315625 0.0390625 0.05
1 0.39453125 0.8171875 0.0390625 0.0484375
1 0.86875 0.5171875 0.0359375 0.04375
1 0.0171875 0.3390625 0.034375 0.0515625
1 0.58828125 0.978125 0.0390625 0.0421875
1 0.4109375 0.2484375 0.0359375 0.0421875
1 0.66484375 0.18984375 0.0421875 0.0484375
1 0.85078125 0.03515625 0.040625 0.05
0 0.0796875 0.0921875 0.0546875 0.0515625
0 0.85546875 0.6109375 0.053125 0.0515625
1 0.8984375 0.64375 0.0359375 0.0453125
1 0.3328125 0.7734375 0.04375 0.053125
0 0.68984375 0.078125 0.078125 0.06875
1 0.89453125 0.91171875 0.040625 0.0578125
1 0.02421875 0.01796875 0.040625 0.0359375
1 0.4921875 0.01015625 0.0390625 0.0203125