0 0.96171875 0.85390625 0.071875 0.0640625
1 0.40234375 0.79765625 0.04375 0.0578125
1 0.365625 0.5421875 0.0453125 0.0546875
1 0.39453125 0.28984375 0.04375 0.0578125
1 0.128125 0.58828125 0.0453125 0.0546875
1 0.6171875 0.26875 0.05 0.0640625
1 0.51015625 0.515625 0.0375 0.046875
1 0.33828125 0.0625 0.046875 0.0578125
0 0.76953125 0.6890625 0.084375 0.059375
1 0.63359375 0.92890625 0.0390625 0.0453125
1 0.3703125 0.42421875 0.0453125 0.0578125
1 0.5734375 0.1515625 0.046875 0.05625
1 0.859375 0.23203125 0.0453125 0.0546875
1 0.94921875 0.5109375 0.046875 0.0578125
1 0.20703125 0.86328125 0.04375 0.0578125
1 0.103125 0.50390625 0.0453125 0.059375
1 0.1921875 0.65703125 0.040625 0.0546875
1 0.31875 0.265625 0.04375 0.059375
1 0.74375 0.97734375 0.0375 0.0453125
1 0.0328125 0.70859375 0.0453125 0.05625
1 0.17421875 0.47421875 0.053125 0.071875
1 0.94375 0.11640625 0.0453125 0.053125
1 0.38359375 0.1765625 0.0421875 0.053125
1 0.46328125 0.425 0.0375 0.0453125
1 0.59296875 0.72578125 0.0390625 0.05
1 0.41640625 0.5875 0.04375 0.0578125
0 0.91328125 0.31171875 0.0828125 0.0578125
0 0.43515625 0.04140625 0.0765625 0.0671875
1 0.48828125 0.75703125 0.0421875 0.0578125
1 0.55703125 0.684375 0.0453125 0.0546875
1 0.834375 0.48125 0.046875 0.059375
1 0.9171875 0.034375 0.046875 0.05625
1 0.2265625 0.52890625 0.0453125 0.0515625
1 0.1078125 0.4046875 0.0546875 0.06875
0 0.65 0.59453125 0.059375 0.078125
1 0.2609375 0.25078125 0.0421875 0.0546875
1 0.28359375 0.9640625 0.0453125 0.0515625
1 0.2703125 0.78671875 0.053125 0.0671875
1 0.73203125 0.53828125 0.0375 0.0453125
0 0.25546875 0.334375 0.065625 0.0625
1 0.37890625 0.70625 0.0484375 0.0609375
0 0.2015625 0.75859375 0.0640625 0.0578125
1 0.1078125 0.92109375 0.0453125 0.05625
1 0.771875 0.88828125 0.04375 0.0515625
1 0.10625 0.109375 0.0453125 0.0578125
1 0.53984375 0.0546875 0.0453125 0.059375
1 0.6765625 0.23359375 0.04375 0.059375
1 0.18828125 0.1171875 0.0453125 0.059375
1 0.09375 0.7984375 0.0375 0.0484375
1 0.73359375 0.3953125 0.0390625 0.05
1 0.0328125 0.52578125 0.04375 0.0515625
1 0.9734375 0.584375 0.040625 0.0484375
0 0.953125 0.6734375 0.0875 0.0546875
1 0.8140625 0.97890625 0.0421875 0.0421875
1 0.1796875 0.28359375 0.0421875 0.0515625
0 0.63125 0.4546875 0.0625 0.109375
1 0.10234375 0.69140625 0.0359375 0.04375
0 0.9625 0.1828125 0.0671875 0.065625
1 0.95078125 0.9375 0.040625 0.0453125
1 0.92265625 0.23515625 0.040625 0.0484375
1 0.8921875 0.82578125 0.0390625 0.0484375
1 0.296875 0.11171875 0.040625 0.0484375
1 0.57265625 0.90625 0.040625 0.046875
1 0.77734375 0.49453125 0.0390625 0.046875
1 0.8734375 0.9390625 0.0359375 0.04375
1 0.421875 0.21875 0.04375 0.0484375
1 0.52890625 0.796875 0.05 0.0578125
1 0.4609375 0.1453125 0.0359375 0.0421875
1 0.79921875 0.5671875 0.0421875 0.0515625
1 0.71171875 0.82578125 0.0421875 0.0515625
0 0.88046875 0.5890625 0.0609375 0.0828125
0 0.12265625 0.19140625 0.0453125 0.0859375
1 0.58359375 0.590625 0.040625 0.046875
1 0.6640625 0.75625 0.0421875 0.0515625
0 0.053125 0.8765625 0.0703125 0.075
1 0.82734375 0.1734375 0.0421875 0.0546875
1 0.81640625 0.8171875 0.034375 0.046875
1 0.78828125 0.75390625 0.0453125 0.05
1 0.709375 0.11171875 0.046875 0.059375
1 0.2703125 0.5765625 0.0421875 0.05
1 0.3484375 0.6140625 0.046875 0.046875
1 0.02890625 0.59375 0.0390625 0.053125
1 0.2171875 0.009375 0.034375 0.01875
1 0.990625 0.25390625 0.01875 0.0453125
1 0.32734375 0.98203125 0.0421875 0.0359375
1 0.2234375 0.984375 0.0453125 0.03125
1 0.02265625 0.9859375 0.0421875 0.028125