0 0.81015625 0.1078125 0.0828125 0.06875
0 0.12109375 0.4109375 0.0640625 0.096875
1 0.95546875 0.21171875 0.05 0.053125
1 0.70703125 0.8375 0.04375 0.053125
1 0.365625 0.38984375 0.04375 0.046875
1 0.49453125 0.72734375 0.04375 0.0515625
1 0.615625 0.8484375 0.04375 0.05625
1 0.5296875 0.98671875 0.04375 0.0265625
1 0.1265625 0.81171875 0.0484375 0.053125
1 0.32109375 0.76484375 0.05 0.0546875
1 0.178125 0.6515625 0.04375 0.0515625
1 0.7875 0.684375 0.04375 0.0515625
1 0.47421875 0.46875 0.04375 0.05
1 0.440625 0.55546875 0.0453125 0.0515625
1 0.846875 0.44921875 0.0453125 0.0546875
1 0.18046875 0.51328125 0.04375 0.0546875
1 0.09765625 0.078125 0.046875 0.05
1 0.51171875 0.36328125 0.04375 0.0484375
1 0.34375 0.63515625 0.046875 0.053125
1 0.390625 0.91640625 0.0484375 0.0515625
1 0.540625 0.51328125 0.04375 0.053125
1 0.903125 0.56015625 0.0453125 0.0546875
1 0.38984375 0.4859375 0.0421875 0.0484375
1 0.753125 0.01953125 0.04375 0.0390625
1 0.51328125 0.2015625 0.0453125 0.0515625
1 0.05859375 0.02578125 0.0453125 0.0515625
1 0.921875 0.4328125 0.0484375 0.0546875
0 0.26953125 0.56640625 0.075 0.0578125
1 0.39609375 0.29609375 0.04375 0.0515625
1 0.0375 0.78203125 0.04375 0.0484375
1 0.12265625 0.25625 0.046875 0.0546875
1 0.7171875 0.92578125 0.046875 0.0546875
1 0.01796875 0.58203125 0.0359375 0.0515625
0 0.02265625 0.7171875 0.0453125 0.05625
1 0.5859375 0.0328125 0.04375 0.0515625
1 0.9765625 0.4 0.046875 0.0515625
1 0.75234375 0.55078125 0.04375 0.05625
1 0.9828125 0.31953125 0.034375 0.05
1 0.571875 0.44765625 0.04375 0.0515625
1 0.815625 0.90546875 0.040625 0.0453125
1 0.9859375 0.11171875 0.028125 0.04375
1 0.45859375 0.6390625 0.0390625 0.0421875
0 0.971875 0.9234375 0.046875 0.0796875
1 0.19296875 0.34375 0.0421875 0.0484375
1 0.46015625 0.32734375 0.0421875 0.0515625
1 0.75625 0.34296875 0.046875 0.053125
1 0.79765625 0.796875 0.05 0.0546875
1 0.98359375 0.7203125 0.0328125 0.0515625
0 0.6390625 0.1046875 0.075 0.065625
1 0.1453125 0.17578125 0.04375 0.05
1 0.32890625 0.23125 0.0421875 0.0484375
0 0.5921875 0.65625 0.075 0.05625
1 0.6765625 0.27109375 0.0484375 0.0515625
1 0.74921875 0.28046875 0.0421875 0.0453125
0 0.109375 0.58203125 0.0453125 0.0734375
1 0.053125 0.5046875 0.0375 0.04375
1 0.88984375 0.91796875 0.0421875 0.0484375
0 0.86796875 0.3640625 0.0828125 0.0546875
1 0.86796875 0.83828125 0.0421875 0.046875
1 0.7 0.203125 0.040625 0.0484375
1 0.61328125 0.17578125 0.0453125 0.05
1 0.28359375 0.32421875 0.0421875 0.0515625
1 0.4171875 0.19609375 0.0421875 0.0421875
1 0.66015625 0.48984375 0.0390625 0.0421875
1 0.91796875 0.27578125 0.0453125 0.04375
1 0.1671875 0.01015625 0.040625 0.0203125
1 0.9765625 0.009375 0.0328125 0.01875
1 0.9875 0.465625 0.025 0.0515625
1 0.009375 0.925 0.01875 0.053125
1 0.0078125 0.840625 0.015625 0.046875
1 0.046875 0.19453125 0.0359375 0.04375