1 0.25859375 0.6421875 0.04375 0.0484375
1 0.2234375 0.8765625 0.046875 0.0515625
1 0.72890625 0.253125 0.04375 0.0546875
1 0.0453125 0.15 0.0421875 0.05625
1 0.01640625 0.05703125 0.0328125 0.053125
1 0.79375 0.62890625 0.0453125 0.053125
1 0.08671875 0.35546875 0.05 0.0546875
1 0.42578125 0.1921875 0.04375 0.05625
1 0.134375 0.27109375 0.0515625 0.0609375
1 0.77265625 0.69375 0.04375 0.0515625
1 0.9203125 0.69609375 0.0421875 0.05625
1 0.178125 0.13515625 0.0421875 0.0515625
1 0.54765625 0.31875 0.046875 0.0546875
1 0.93359375 0.36484375 0.0421875 0.0546875
1 0.56640625 0.0671875 0.04375 0.0515625
1 0.12890625 0.51640625 0.04375 0.0484375
1 0.89140625 0.55390625 0.0453125 0.04375
1 0.4265625 0.03671875 0.04375 0.053125
1 0.8203125 0.5109375 0.040625 0.0421875
1 0.21484375 0.55 0.04375 0.053125
1 0.1484375 0.6046875 0.0421875 0.053125
1 0.5484375 0.9390625 0.0484375 0.05625
1 0.496875 0.06640625 0.04375 0.05
1 0.88125 0.92578125 0.0421875 0.0515625
1 0.225 0.1 0.04375 0.0515625
1 0.1859375 0.3921875 0.040625 0.0421875
1 0.684375 0.3734375 0.0421875 0.05625
1 0.92265625 0.95390625 0.046875 0.053125
1 0.1109375 0.0359375 0.0453125 0.053125
1 0.828125 0.39765625 0.04375 0.0484375
1 0.45078125 0.98359375 0.04375 0.0328125
1 0.10859375 0.64453125 0.040625 0.0546875
1 0.36875 0.89296875 0.0421875 0.0484375
1 0.85859375 0.14765625 0.046875 0.0609375
1 0.98203125 0.565625 0.0359375 0.05625
1 0.6640625 0.72265625 0.04375 0.053125
1 0.92265625 0.82890625 0.0390625 0.0421875
1 0.8578125 0.47265625 0.046875 0.0484375
1 0.2171875 0.29140625 0.040625 0.053125
1 0.87734375 0.60390625 0.040625 0.04375
1 0.9078125 0.128125 0.04375 0.04375
1 0.76875 0.90078125 0.0484375 0.053125
1 0.4765625 0.7734375 0.04375 0.0578125
1 0.04765625 0.45625 0.0390625 0.0390625
1 0.021875 0.38125 0.04375 0.053125
1 0.25234375 0.434375 0.04375 0.0453125
1 0.61484375 0.5546875 0.040625 0.0515625
1 0.80234375 0.86171875 0.0421875 0.046875
1 0.27109375 0.54296875 0.0453125 0.046875
1 0.98515625 0.4671875 0.0296875 0.040625
1 0.03359375 0.54921875 0.0421875 0.0546875
1 0.4734375 0.8890625 0.0375 0.0390625
1 0.2140625 0.94453125 0.0484375 0.0515625
1 0.9171875 0.07578125 0.040625 0.0484375
1 0.88671875 0.034375 0.034375 0.0453125
1 0.77265625 0.42890625 0.040625 0.053125
1 0.55 0.4265625 0.0390625 0.046875
1 0.42734375 0.66171875 0.05625 0.0546875
1 0.296875 0.75703125 0.040625 0.0484375
1 0.53828125 0.56640625 0.0375 0.0453125
1 0.440625 0.4265625 0.0375 0.0484375
1 0.34375 0.44921875 0.0484375 0.05
1 0.47265625 0.1234375 0.040625 0.0421875
1 0.5328125 0.14765625 0.040625 0.0453125
1 0.67109375 0.615625 0.0359375 0.040625
1 0.415625 0.35234375 0.0375 0.04375
1 0.78671875 0.3265625 0.0390625 0.0390625
1 0.9890625 0.86015625 0.021875 0.0484375
1 0.9875 0.66875 0.025 0.05
1 0.96484375 0.7109375 0.0421875 0.0453125
1 0.5671875 0.01171875 0.04375 0.0234375
1 0.91640625 0.26796875 0.040625 0.0359375
1 0.10078125 0.421875 0.0421875 0.0453125
1 0.47265625 0.9390625 0.0359375 0.0359375
1 0.49440625000000005 0.446078125 0.03524999999999991 0.03981250000000003
1 0.49359374999999994 0.48921875000000004 0.03475000000000002 0.038406250000000065
1 0.616109375 0.393640625 0.043593749999999966 0.03787500000000001
1 0.6194375 0.349890625 0.03978125000000006 0.042593749999999986
1 0.060109375 0.6900937500000001 0.043703124999999995 0.04765625
1 0.039984375 0.7205625 0.036031249999999994 0.04343749999999993
1 0.20290625 0.793484375 0.04243750000000002 0.04937500000000004
1 0.2265 0.769796875 0.04156250000000004 0.04242187499999996
1 0.06359375 0.9774375 0.04042187500000001 0.04021875000000001
1 0.078796875 0.9428593749999999 0.039546875 0.044671874999999875
1 0.725421875 0.93303125 0.03468750000000007 0.036093749999999855
1 0.703109375 0.9490000000000001 0.035484375000000054 0.03204687499999999
1 0.8520468749999999 0.25790625 0.04037499999999987 0.04603124999999997
1 0.8169531250000001 0.282390625 0.03484374999999993 0.037406249999999995
1 0.6618593749999999 0.234828125 0.04212500000000006 0.039484374999999974
1 0.661078125 0.201234375 0.03660937499999992 0.03515625