0 0.62265625 0.28203125 0.0703125 0.0828125
1 0.71484375 0.965625 0.04375 0.0515625
0 0.78203125 0.453125 0.05625 0.0796875
1 0.10234375 0.515625 0.040625 0.0515625
1 0.74921875 0.26015625 0.0421875 0.0484375
1 0.5203125 0.52578125 0.040625 0.0515625
1 0.653125 0.090625 0.0390625 0.046875
1 0.69921875 0.3390625 0.04375 0.046875
1 0.39140625 0.7359375 0.0390625 0.0515625
1 0.40859375 0.91171875 0.0421875 0.0484375
1 0.68359375 0.81640625 0.0421875 0.0546875
1 0.0125 0.22734375 0.025 0.05625
1 0.10078125 0.31328125 0.0453125 0.0484375
0 0.3640625 0.19375 0.08125 0.0609375
1 0.40625 0.5703125 0.040625 0.05625
1 0.353125 0.1140625 0.046875 0.05
1 0.146875 0.74765625 0.04375 0.0515625
1 0.5296875 0.85390625 0.0421875 0.053125
1 0.15625 0.1125 0.040625 0.0421875
1 0.54453125 0.10703125 0.0359375 0.04375
1 0.68671875 0.5546875 0.04375 0.053125
1 0.22890625 0.71875 0.0421875 0.053125
1 0.2890625 0.465625 0.0453125 0.053125
1 0.93046875 0.503125 0.0421875 0.0515625
1 0.25 0.59453125 0.04375 0.0515625
1 0.021875 0.5453125 0.040625 0.0546875
1 0.753125 0.10859375 0.0359375 0.0453125
1 0.93515625 0.7953125 0.0421875 0.0515625
1 0.57109375 0.384375 0.0390625 0.053125
1 0.7078125 0.490625 0.04375 0.05625
1 0.0671875 0.2328125 0.0375 0.0515625
1 0.86953125 0.52109375 0.04375 0.0484375
1 0.68359375 0.69375 0.0453125 0.0453125
1 0.14609375 0.0296875 0.04375 0.0484375
1 0.109375 0.3796875 0.040625 0.0515625
1 0.94375 0.65390625 0.04375 0.0515625
1 0.84765625 0.61796875 0.0484375 0.0578125
1 0.21875 0.09140625 0.0453125 0.0546875
1 0.44140625 0.70703125 0.04375 0.053125
1 0.45 0.17265625 0.0421875 0.053125
1 0.18203125 0.171875 0.0421875 0.053125
1 0.90703125 0.28671875 0.0375 0.0453125
0 0.85546875 0.753125 0.0546875 0.1203125
0 0.8234375 0.0921875 0.05 0.0703125
0 0.21328125 0.5125 0.0703125 0.0671875
1 0.065625 0.6515625 0.040625 0.0484375
1 0.621875 0.634375 0.0421875 0.0484375
1 0.28671875 0.3765625 0.0484375 0.05625
1 0.6734375 0.19375 0.0359375 0.040625
0 0.4484375 0.01875 0.075 0.0375
1 0.66953125 0.7546875 0.04375 0.0515625
1 0.1171875 0.22890625 0.040625 0.0484375
1 0.2875 0.93203125 0.0421875 0.05
1 0.85390625 0.88671875 0.0484375 0.0640625
1 0.721875 0.01796875 0.0390625 0.0359375
0 0.80234375 0.70703125 0.05 0.10625
0 0.08515625 0.83515625 0.06875 0.0671875
1 0.85625 0.33828125 0.0484375 0.0515625
1 0.7171875 0.62421875 0.0453125 0.046875
1 0.48828125 0.10234375 0.0375 0.040625
1 0.92421875 0.9203125 0.0453125 0.0484375
1 0.18828125 0.6125 0.0375 0.0421875
1 0.43203125 0.31875 0.046875 0.0546875
1 0.30859375 0.70859375 0.0484375 0.0546875
1 0.36328125 0.43671875 0.0453125 0.0578125
1 0.55859375 0.17578125 0.0375 0.0421875
1 0.534375 0.225 0.04375 0.046875
1 0.85390625 0.25234375 0.0375 0.046875
1 0.33046875 0.865625 0.046875 0.05625
1 0.63984375 0.87265625 0.0390625 0.046875
1 0.55 0.67421875 0.040625 0.0484375
1 0.5109375 0.37734375 0.0453125 0.046875
1 0.3765625 0.33515625 0.0375 0.0390625
1 0.221875 0.29453125 0.046875 0.0515625
1 0.0359375 0.11796875 0.0359375 0.0421875
1 0.0890625 0.12109375 0.0390625 0.040625
1 0.0359375 0.478125 0.0390625 0.053125
1 0.00859375 0.01640625 0.015625 0.0328125
1 0.98671875 0.5046875 0.0265625 0.05625
1 0.846875 0.0171875 0.04375 0.034375
1 0.1984375 0.79296875 0.034375 0.0375