1 0.3484375 0.771875 0.0390625 0.046875
1 0.67890625 0.05234375 0.0453125 0.0609375
1 0.31328125 0.2421875 0.0453125 0.059375
1 0.1859375 0.93515625 0.040625 0.0484375
1 0.5953125 0.490625 0.046875 0.0578125
1 0.8953125 0.38203125 0.04375 0.059375
1 0.15234375 0.3359375 0.046875 0.0578125
1 0.88203125 0.0515625 0.0421875 0.0546875
1 0.3484375 0.31328125 0.046875 0.059375
0 0.5484375 0.1546875 0.0546875 0.0921875
1 0.8515625 0.825 0.0453125 0.0578125
1 0.24453125 0.78984375 0.0390625 0.0484375
1 0.8421875 0.471875 0.0453125 0.059375
1 0.965625 0.21640625 0.0421875 0.0578125
1 0.11640625 0.9578125 0.0375 0.046875
1 0.4984375 0.853125 0.0421875 0.05625
1 0.178125 0.1328125 0.0453125 0.0625
1 0.6375 0.17265625 0.04375 0.0609375
1 0.2890625 0.453125 0.04375 0.0578125
1 0.690625 0.4328125 0.0359375 0.046875
1 0.16640625 0.540625 0.04375 0.05625
1 0.3359375 0.0296875 0.040625 0.053125
1 0.34765625 0.684375 0.0390625 0.046875
0 0.85 0.67578125 0.0578125 0.0703125
1 0.6078125 0.96015625 0.04375 0.05625
1 0.6125 0.565625 0.0390625 0.046875
1 0.53984375 0.975 0.04375 0.05
1 0.2390625 0.04296875 0.0453125 0.05625
0 0.4984375 0.3609375 0.0640625 0.1046875
1 0.109375 0.88359375 0.0421875 0.0484375
1 0.81484375 0.13359375 0.0453125 0.059375
1 0.2890625 0.8515625 0.0375 0.04375
1 0.8140625 0.78046875 0.04375 0.0578125
1 0.05078125 0.12109375 0.040625 0.0515625
1 0.72734375 0.88203125 0.04375 0.0578125
1 0.4078125 0.81796875 0.0390625 0.046875
1 0.35 0.48984375 0.040625 0.05
1 0.3890625 0.4578125 0.0390625 0.0484375
1 0.25390625 0.28046875 0.0484375 0.0578125
1 0.5609375 0.69609375 0.0359375 0.046875
1 0.82109375 0.8765625 0.04375 0.0578125
1 0.8328125 0.0171875 0.04375 0.034375
1 0.2625 0.89140625 0.0375 0.046875
1 0.19375 0.82109375 0.0375 0.0453125
1 0.75859375 0.11953125 0.040625 0.0515625
1 0.0640625 0.49375 0.0515625 0.0734375
1 0.3578125 0.40234375 0.0390625 0.0484375
1 0.1625 0.7953125 0.0375 0.04375
1 0.27265625 0.1703125 0.0453125 0.05625
1 0.48203125 0.6390625 0.0359375 0.0453125
0 0.18359375 0.7171875 0.0640625 0.0578125
1 0.68203125 0.98203125 0.040625 0.0359375
1 0.74765625 0.95 0.0421875 0.05
0 0.434375 0.32109375 0.0671875 0.0765625
1 0.56484375 0.07578125 0.040625 0.05
1 0.23125 0.4484375 0.040625 0.0484375
0 0.51953125 0.72890625 0.0453125 0.0765625
1 0.2140625 0.209375 0.0421875 0.046875
1 0.27421875 0.621875 0.0390625 0.0453125
1 0.59609375 0.82109375 0.0375 0.0484375
1 0.60859375 0.40234375 0.0375 0.046875
0 0.803125 0.22421875 0.06875 0.05625
1 0.1453125 0.2671875 0.0453125 0.053125
1 0.434375 0.6546875 0.0421875 0.0453125
1 0.88984375 0.90703125 0.0453125 0.05625
0 0.88125 0.14765625 0.0578125 0.075
1 0.22890625 0.97421875 0.0453125 0.0515625
1 0.9828125 0.8328125 0.034375 0.046875
1 0.95625 0.5375 0.04375 0.053125
1 0.99140625 0.31796875 0.0171875 0.0484375
1 0.54453125 0.65859375 0.0359375 0.04375
1 0.875 0.5578125 0.0453125 0.0546875
1 0.015625 0.759375 0.03125 0.040625
0 0.66875 0.61328125 0.0546875 0.0609375
0 0.78515625 0.6515625 0.0625 0.0859375
1 0.071875 0.60703125 0.0578125 0.0671875
1 0.05625 0.2984375 0.0484375 0.0578125
1 0.06171875 0.36484375 0.04375 0.053125
1 0.09453125 0.3984375 0.0515625 0.059375
1 0.34609375 0.11015625 0.046875 0.0515625
0 0.40234375 0.2515625 0.0578125 0.0515625
1 0.76875 0.81640625 0.04375 0.0546875
1 0.28515625 0.0171875 0.0390625 0.034375
0 0.975 0.98203125 0.046875 0.0359375
1 0.01015625 0.9390625 0.0203125 0.05
1 0.00859375 0.821875 0.0171875 0.05625
1 0.45625 0.8890625 0.0375 0.04375
1 0.403125 0.990625 0.0453125 0.01875
1 0.353125 0.98984375 0.0359375 0.0203125