1 0.01796875 0.15703125 0.0359375 0.0578125
1 0.1078125 0.1171875 0.040625 0.05
1 0.19921875 0.19453125 0.0421875 0.0484375
1 0.17578125 0.2765625 0.040625 0.053125
1 0.2640625 0.1703125 0.040625 0.0484375
1 0.2328125 0.0203125 0.0375 0.040625
1 0.2953125 0.07265625 0.046875 0.059375
1 0.28671875 0.25390625 0.0453125 0.0546875
1 0.184375 0.39765625 0.0484375 0.0578125
1 0.08984375 0.365625 0.0453125 0.053125
1 0.06875 0.51640625 0.034375 0.0453125
1 0.13515625 0.54453125 0.0375 0.04375
1 0.2 0.5578125 0.0375 0.04375
1 0.034375 0.6921875 0.046875 0.059375
1 0.0796875 0.653125 0.0421875 0.05
1 0.09375 0.80078125 0.0359375 0.0375
1 0.203125 0.76953125 0.0515625 0.059375
1 0.09765625 0.8984375 0.0328125 0.04375
1 0.01640625 0.9375 0.0328125 0.0625
1 0.0171875 0.8796875 0.0328125 0.0453125
1 0.2015625 0.853125 0.040625 0.0453125
1 0.32265625 0.61328125 0.0390625 0.05
1 0.28671875 0.67890625 0.0453125 0.05625
1 0.3265625 0.43359375 0.040625 0.0515625
1 0.34609375 0.35 0.046875 0.0625
1 0.43515625 0.2640625 0.0453125 0.05625
1 0.40078125 0.025 0.040625 0.05
1 0.38515625 0.1375 0.040625 0.053125
1 0.459375 0.065625 0.0484375 0.05625
1 0.5453125 0.07734375 0.0421875 0.0546875
1 0.60078125 0.16015625 0.040625 0.05
1 0.6125 0.27890625 0.0453125 0.05625
1 0.65703125 0.21328125 0.0421875 0.053125
1 0.69140625 0.15625 0.0546875 0.0671875
1 0.69765625 0.06953125 0.0359375 0.053125
1 0.64609375 0.03515625 0.046875 0.0515625
1 0.803125 0.021875 0.0375 0.04375
1 0.83984375 0.0984375 0.0421875 0.0578125
1 0.98046875 0.0609375 0.0390625 0.0484375
1 0.92890625 0.02265625 0.0390625 0.0453125
1 0.925 0.278125 0.046875 0.0546875
1 0.884375 0.60390625 0.040625 0.0546875
1 0.9578125 0.584375 0.0515625 0.0515625
1 0.82421875 0.75859375 0.0453125 0.05
1 0.87265625 0.7421875 0.040625 0.053125
1 0.82421875 0.85859375 0.05 0.0765625
1 0.7328125 0.7578125 0.0515625 0.0765625
1 0.7734375 0.7890625 0.040625 0.0484375
1 0.72109375 0.8828125 0.0375 0.0453125
1 0.85546875 0.95859375 0.05 0.059375
1 0.91953125 0.96796875 0.053125 0.0609375
1 0.60234375 0.765625 0.040625 0.046875
1 0.66796875 0.64140625 0.0421875 0.05
1 0.646875 0.740625 0.0421875 0.05
1 0.68515625 0.803125 0.0390625 0.0484375
1 0.38125 0.69453125 0.046875 0.0453125
1 0.43359375 0.6984375 0.040625 0.046875
1 0.50078125 0.6765625 0.0375 0.053125
1 0.50390625 0.603125 0.04375 0.053125
1 0.546875 0.56875 0.0421875 0.0515625
1 0.71796875 0.51640625 0.0546875 0.0671875
1 0.71015625 0.3609375 0.0546875 0.0640625
1 0.7078125 0.2875 0.05 0.0578125
1 0.4921875 0.9234375 0.034375 0.0453125
1 0.3296875 0.81484375 0.0421875 0.05
1 0.46484375 0.76953125 0.0484375 0.0515625
1 0.51796875 0.31484375 0.05 0.0546875
1 0.44140625 0.45 0.0421875 0.0484375
1 0.48046875 0.52578125 0.0484375 0.0578125
1 0.59453125 0.4421875 0.04375 0.0515625
1 0.51484375 0.809375 0.040625 0.05
1 0.7890625 0.234375 0.0421875 0.0484375
1 0.08709375000000001 0.25859375 0.04414062500000001 0.055625000000000036
1 0.031156250000000003 0.403703125 0.048624999999999995 0.04348437500000002
1 0.045640625000000004 0.436125 0.050953125 0.041234374999999976
1 0.089078125 0.209 0.04854687500000001 0.04542187499999999
1 0.37465625 0.9445625 0.04793750000000001 0.04865625000000016
1 0.40923437500000004 0.927875 0.04460937499999997 0.0497187499999999
1 0.6327499999999999 0.8894062500000001 0.04215625000000003 0.04803125000000001
1 0.592234375 0.8782187499999999 0.04085937499999996 0.04439062500000013