0 0.6078125 0.575 0.0890625 0.1015625
1 0.38046875 0.96875 0.0390625 0.0484375
1 0.31796875 0.6703125 0.0453125 0.0515625
1 0.3328125 0.5671875 0.046875 0.0625
1 0.87578125 0.58359375 0.04375 0.05625
1 0.24921875 0.4875 0.05 0.05625
1 0.77109375 0.1953125 0.05 0.065625
0 0.76796875 0.70546875 0.0703125 0.0671875
1 0.1546875 0.71171875 0.040625 0.0515625
1 0.2828125 0.85703125 0.04375 0.046875
1 0.4625 0.20390625 0.046875 0.0515625
1 0.61328125 0.9265625 0.04375 0.05625
1 0.21796875 0.87890625 0.046875 0.05625
1 0.10390625 0.94921875 0.0453125 0.05625
1 0.60625 0.45859375 0.0421875 0.05625
1 0.103125 0.79921875 0.0453125 0.05
1 0.49921875 0.590625 0.040625 0.05
1 0.7125 0.65625 0.04375 0.053125
1 0.66953125 0.1390625 0.0359375 0.046875
1 0.5875 0.740625 0.04375 0.0515625
1 0.43984375 0.68125 0.0421875 0.0484375
1 0.390625 0.02421875 0.05 0.0484375
1 0.784375 0.028125 0.04375 0.05625
1 0.734375 0.80859375 0.04375 0.053125
1 0.2375 0.04453125 0.05 0.05625
1 0.16015625 0.1140625 0.046875 0.059375
1 0.71796875 0.08359375 0.0359375 0.04375
1 0.35546875 0.76875 0.04375 0.0546875
1 0.97890625 0.834375 0.0421875 0.05
1 0.4140625 0.2921875 0.04375 0.0515625
1 0.54609375 0.0609375 0.046875 0.059375
1 0.84140625 0.66796875 0.0453125 0.0515625
0 0.04140625 0.878125 0.0609375 0.1171875
1 0.02265625 0.37734375 0.0453125 0.0625
1 0.93359375 0.86640625 0.0375 0.0421875
0 0.43046875 0.41640625 0.0578125 0.0890625
1 0.165625 0.43359375 0.0453125 0.053125
1 0.459375 0.85078125 0.0421875 0.0546875
1 0.9109375 0.45546875 0.04375 0.0515625
1 0.63046875 0.19921875 0.040625 0.05
1 0.9640625 0.66171875 0.0375 0.04375
1 0.3765625 0.196875 0.046875 0.0578125
1 0.35 0.31171875 0.04375 0.053125
1 0.46171875 0.14140625 0.0421875 0.0453125
1 0.6640625 0.78984375 0.0375 0.04375
1 0.24609375 0.23515625 0.04375 0.0484375
1 0.77578125 0.98515625 0.034375 0.0296875
1 0.91640625 0.5421875 0.04375 0.05
1 0.7359375 0.409375 0.0390625 0.0484375
1 0.27421875 0.9515625 0.0484375 0.0546875
1 0.77890625 0.83046875 0.034375 0.040625
0 0.61484375 0.0375 0.0484375 0.075
1 0.76796875 0.48125 0.04375 0.05625
1 0.28046875 0.41328125 0.0515625 0.05625
1 0.5171875 0.3625 0.046875 0.0578125
1 0.02265625 0.1296875 0.0453125 0.059375
1 0.8828125 0.81328125 0.040625 0.04375
1 0.9546875 0.58828125 0.046875 0.0640625
1 0.446875 0.534375 0.0515625 0.0703125
1 0.14921875 0.64375 0.0390625 0.046875
0 0.62734375 0.27578125 0.08125 0.084375
1 0.19296875 0.196875 0.0453125 0.0546875
1 0.9484375 0.05 0.0421875 0.0484375
1 0.0390625 0.02109375 0.053125 0.0421875
1 0.3328125 0.95703125 0.040625 0.05625
1 0.50859375 0.2390625 0.0390625 0.0453125
1 0.22109375 0.14765625 0.0421875 0.046875
1 0.9609375 0.10390625 0.040625 0.0484375
0 0.9078125 0.32578125 0.0625 0.0578125
1 0.8359375 0.415625 0.040625 0.053125
1 0.8296875 0.23671875 0.0375 0.04375
1 0.91640625 0.15703125 0.0390625 0.0453125
1 0.8734375 0.18125 0.0375 0.046875
1 0.9109375 0.39296875 0.040625 0.04375
1 0.86015625 0.7453125 0.0390625 0.04375
1 0.12265625 0.88359375 0.0484375 0.053125
0 0.04921875 0.209375 0.06875 0.075
1 0.13671875 0.2546875 0.046875 0.0640625
1 0.13828125 0.3640625 0.0390625 0.0453125
1 0.67578125 0.0734375 0.0359375 0.0421875
1 0.56484375 0.33828125 0.0484375 0.053125
1 0.65859375 0.415625 0.0453125 0.0515625
1 0.55 0.78515625 0.0359375 0.0453125
1 0.06796875 0.5375 0.040625 0.046875
1 0.96171875 0.98359375 0.0484375 0.0328125
1 0.7265625 0.9828125 0.046875 0.034375
1 0.184375 0.9875 0.0484375 0.025
1 0.009375 0.55234375 0.01875 0.0546875