1 0.240625 0.14765625 0.0546875 0.065625
1 0.215625 0.259375 0.0484375 0.0625
1 0.29765625 0.1375 0.0390625 0.0546875
1 0.0984375 0.02734375 0.0421875 0.0546875
1 0.0265625 0.13359375 0.040625 0.0484375
1 0.02265625 0.2109375 0.0390625 0.059375
1 0.075 0.21015625 0.0484375 0.05625
1 0.12734375 0.1578125 0.040625 0.05
1 0.15 0.0609375 0.040625 0.0546875
1 0.121875 0.33125 0.053125 0.059375
1 0.21171875 0.33671875 0.046875 0.05
1 0.25625 0.39375 0.0421875 0.05
1 0.30625 0.3421875 0.0421875 0.05
1 0.46875 0.0375 0.04375 0.0484375
1 0.39375 0.11171875 0.046875 0.0484375
1 0.56328125 0.0375 0.046875 0.05
1 0.5296875 0.1203125 0.0515625 0.053125
1 0.7078125 0.0328125 0.04375 0.053125
1 0.66796875 0.084375 0.04375 0.0515625
1 0.62578125 0.28984375 0.0453125 0.0546875
1 0.7109375 0.12421875 0.053125 0.0625
1 0.8234375 0.0375 0.0421875 0.05
1 0.790625 0.15859375 0.046875 0.0515625
1 0.85703125 0.19375 0.0421875 0.053125
1 0.94609375 0.18203125 0.04375 0.053125
1 0.92421875 0.2890625 0.040625 0.0515625
1 0.846875 0.2859375 0.0421875 0.046875
1 0.91328125 0.40234375 0.04375 0.0546875
1 0.8125 0.37734375 0.04375 0.053125
1 0.75625 0.2921875 0.0484375 0.0515625
1 0.72578125 0.3734375 0.0484375 0.05
1 0.68359375 0.41015625 0.046875 0.0515625
1 0.8109375 0.45234375 0.046875 0.053125
1 0.815625 0.5359375 0.040625 0.0546875
1 0.8796875 0.73984375 0.040625 0.0515625
1 0.853125 0.8453125 0.0421875 0.0484375
1 0.81328125 0.81484375 0.0359375 0.0421875
1 0.9578125 0.7921875 0.04375 0.0515625
1 0.759375 0.74921875 0.0359375 0.0421875
1 0.709375 0.71328125 0.0359375 0.040625
1 0.73203125 0.4953125 0.0390625 0.0515625
1 0.75 0.5859375 0.0484375 0.05625
1 0.7109375 0.96953125 0.03125 0.040625
1 0.66875 0.86484375 0.04375 0.0515625
1 0.5875 0.97421875 0.0453125 0.0484375
1 0.52578125 0.8875 0.046875 0.0484375
1 0.56171875 0.71875 0.0484375 0.05
1 0.5609375 0.77578125 0.040625 0.0515625
1 0.59921875 0.75546875 0.0421875 0.0515625
1 0.6046875 0.6375 0.0453125 0.0484375
1 0.709375 0.628125 0.0421875 0.04375
1 0.47109375 0.5875 0.05 0.0578125
1 0.52734375 0.57421875 0.0390625 0.059375
1 0.56171875 0.5203125 0.05 0.053125
1 0.396875 0.69453125 0.05 0.046875
1 0.34296875 0.9515625 0.0453125 0.0546875
1 0.29453125 0.83203125 0.046875 0.046875
1 0.29765625 0.90859375 0.046875 0.046875
1 0.36171875 0.8671875 0.0515625 0.0546875
1 0.48125 0.9375 0.0484375 0.05
1 0.11875 0.9671875 0.046875 0.0484375
1 0.16953125 0.740625 0.0390625 0.0484375
1 0.128125 0.65859375 0.0625 0.06875
1 0.0171875 0.57421875 0.034375 0.0625
1 0.171875 0.575 0.05 0.046875
1 0.321875 0.69921875 0.040625 0.0515625
1 0.334375 0.4171875 0.0453125 0.059375
1 0.38203125 0.58828125 0.040625 0.053125
1 0.44453125 0.42421875 0.0515625 0.053125
1 0.41875 0.4890625 0.0484375 0.0578125
1 0.5109375 0.34765625 0.046875 0.053125
1 0.059375 0.5 0.0390625 0.0484375
1 0.30625 0.634375 0.046875 0.05625
1 0.34453125 0.77890625 0.046875 0.05625
1 0.6703125 0.2 0.046875 0.053125
1 0.61796875 0.16953125 0.0484375 0.0609375
1 0.621875 0.415625 0.0515625 0.059375
1 0.43324999999999997 0.20220312499999998 0.04656249999999993 0.049921874999999984
1 0.412890625 0.22760937499999997 0.044140625 0.03967187499999998
1 0.672953125 0.5094375 0.03729687500000001 0.04634374999999995
1 0.660328125 0.46907812499999996 0.03695312499999996 0.040328124999999916
1 0.9374062500000001 0.9545937500000001 0.03264062500000016 0.038203125000000074
1 0.915265625 0.9243124999999999 0.033812500000000155 0.03889062500000016
1 0.9032031249999999 0.875984375 0.031578125000000054 0.035578124999999974
1 0.8857968749999999 0.895140625 0.030859375 0.029250000000000043