0 0.10234375 0.2703125 0.0640625 0.0984375
0 0.9703125 0.06796875 0.059375 0.075
1 0.67578125 0.1765625 0.040625 0.053125
1 0.9703125 0.903125 0.0453125 0.05625
1 0.94609375 0.7921875 0.0484375 0.0578125
1 0.9296875 0.15 0.0453125 0.0546875
1 0.25703125 0.615625 0.0421875 0.053125
1 0.21875 0.49453125 0.04375 0.0515625
1 0.71796875 0.65390625 0.0390625 0.0515625
1 0.86015625 0.85625 0.0453125 0.0484375
1 0.19296875 0.3984375 0.0421875 0.053125
1 0.5453125 0.040625 0.040625 0.0453125
1 0.6515625 0.25625 0.04375 0.05625
1 0.89375 0.0796875 0.0421875 0.053125
1 0.8890625 0.975 0.04375 0.05
1 0.48125 0.953125 0.040625 0.0421875
1 0.35546875 0.21640625 0.040625 0.0515625
1 0.4765625 0.0625 0.0390625 0.0453125
1 0.44921875 0.6390625 0.040625 0.0484375
1 0.3328125 0.475 0.04375 0.05625
1 0.80859375 0.8125 0.0453125 0.05625
1 0.6484375 0.3671875 0.040625 0.053125
1 0.52578125 0.84609375 0.040625 0.04375
1 0.39765625 0.0359375 0.0453125 0.0546875
0 0.17265625 0.5625 0.053125 0.09375
0 0.34140625 0.071875 0.0703125 0.0484375
1 0.70859375 0.74921875 0.040625 0.0515625
1 0.45078125 0.82890625 0.0421875 0.0484375
1 0.7609375 0.86796875 0.04375 0.053125
1 0.1953125 0.20625 0.034375 0.040625
1 0.55234375 0.25859375 0.040625 0.0484375
1 0.08359375 0.79296875 0.0375 0.0546875
1 0.50703125 0.46328125 0.0421875 0.053125
1 0.13046875 0.11953125 0.040625 0.05
1 0.640625 0.871875 0.040625 0.05
1 0.7015625 0.40078125 0.0421875 0.05625
1 0.58984375 0.1171875 0.0421875 0.0546875
1 0.85078125 0.134375 0.0421875 0.0546875
1 0.56640625 0.3453125 0.0421875 0.046875
1 0.959375 0.39609375 0.0390625 0.04375
1 0.3015625 0.67890625 0.0421875 0.05625
1 0.71796875 0.3015625 0.0390625 0.0453125
1 0.60546875 0.63828125 0.0390625 0.05
1 0.3046875 0.89609375 0.0421875 0.05
0 0.209375 0.0296875 0.0609375 0.05625
1 0.81328125 0.60078125 0.0421875 0.0515625
1 0.9671875 0.66875 0.04375 0.0515625
1 0.51171875 0.70625 0.0390625 0.04375
1 0.190625 0.10625 0.0359375 0.04375
1 0.915625 0.27578125 0.0421875 0.05
1 0.48671875 0.14296875 0.0375 0.0453125
1 0.65 0.72265625 0.0421875 0.05
1 0.42109375 0.771875 0.0421875 0.0484375
1 0.79921875 0.425 0.040625 0.05625
1 0.69453125 0.928125 0.0421875 0.046875
1 0.1328125 0.9765625 0.0359375 0.04375
1 0.30625 0.1734375 0.0390625 0.0515625
1 0.20234375 0.3125 0.040625 0.053125
1 0.4453125 0.3890625 0.0421875 0.0515625
1 0.9859375 0.16640625 0.028125 0.05625
1 0.8578125 0.45390625 0.0390625 0.0515625
1 0.6 0.93125 0.04375 0.0484375
1 0.9765625 0.46953125 0.040625 0.05
1 0.3765625 0.38125 0.040625 0.053125
1 0.13515625 0.67890625 0.040625 0.05
1 0.609375 0.7734375 0.0375 0.040625
1 0.6609375 0.04453125 0.04375 0.053125
1 0.86328125 0.5515625 0.0359375 0.040625
1 0.653125 0.62109375 0.0359375 0.046875
1 0.86875 0.771875 0.0390625 0.04375
1 0.43515625 0.2265625 0.0421875 0.046875
1 0.1 0.54140625 0.0453125 0.05625
1 0.640625 0.09765625 0.04375 0.0546875
1 0.40703125 0.9625 0.0421875 0.046875
0 0.1734375 0.77265625 0.0625 0.0515625
1 0.240625 0.71875 0.046875 0.053125
1 0.14375 0.88828125 0.0375 0.0453125
0 0.76171875 0.18828125 0.04375 0.0828125
1 0.565625 0.48125 0.0453125 0.05
1 0.609375 0.51484375 0.040625 0.0453125
1 0.7953125 0.75234375 0.0359375 0.046875
1 0.94375 0.62109375 0.0390625 0.0453125
1 0.83125 0.91328125 0.0359375 0.0421875
1 0.959375 0.98828125 0.040625 0.0234375
1 0.68828125 0.990625 0.03125 0.01875
1 0.28671875 0.9859375 0.05 0.028125
1 0.0125 0.32109375 0.025 0.059375