0 0.7578125 0.11015625 0.0921875 0.0796875
1 0.940625 0.58203125 0.04375 0.0515625
1 0.34140625 0.5625 0.0546875 0.0671875
0 0.83125 0.65 0.0828125 0.078125
1 0.24453125 0.0625 0.0484375 0.05625
1 0.26796875 0.8328125 0.046875 0.05
1 0.45625 0.83125 0.04375 0.053125
0 0.03359375 0.78828125 0.0671875 0.078125
1 0.69609375 0.5828125 0.046875 0.05
0 0.76328125 0.74296875 0.0921875 0.059375
1 0.540625 0.50703125 0.04375 0.053125
1 0.365625 0.90625 0.04375 0.0546875
1 0.071875 0.64609375 0.04375 0.0515625
1 0.29453125 0.2640625 0.046875 0.053125
1 0.53984375 0.2421875 0.0484375 0.0546875
1 0.0828125 0.07109375 0.040625 0.04375
1 0.9828125 0.26953125 0.034375 0.04375
1 0.62421875 0.3109375 0.05625 0.0625
1 0.903125 0.1140625 0.040625 0.046875
1 0.359375 0.43671875 0.04375 0.0546875
1 0.7546875 0.3875 0.04375 0.0546875
1 0.36953125 0.2484375 0.0484375 0.0546875
1 0.934375 0.4625 0.0453125 0.0515625
1 0.23515625 0.72578125 0.046875 0.0546875
1 0.37890625 0.6953125 0.040625 0.04375
1 0.63515625 0.14921875 0.04375 0.0578125
1 0.134375 0.58984375 0.0453125 0.0515625
1 0.95625 0.740625 0.046875 0.0515625
1 0.3140625 0.1484375 0.04375 0.0515625
1 0.54765625 0.03203125 0.0453125 0.05
1 0.60546875 0.5484375 0.046875 0.0546875
1 0.48515625 0.67109375 0.0421875 0.0546875
1 0.015625 0.3953125 0.03125 0.04375
0 0.021875 0.48359375 0.04375 0.078125
1 0.50546875 0.34921875 0.0484375 0.0546875
1 0.5078125 0.16640625 0.04375 0.0484375
1 0.98515625 0.34921875 0.0296875 0.0546875
1 0.1421875 0.82109375 0.0453125 0.046875
1 0.803125 0.9296875 0.0421875 0.05625
1 0.55703125 0.12890625 0.04375 0.053125
1 0.8546875 0.42890625 0.046875 0.0578125
1 0.36015625 0.78203125 0.046875 0.053125
1 0.2046875 0.653125 0.0484375 0.0515625
1 0.4484375 0.5953125 0.05 0.0515625
1 0.0140625 0.6453125 0.028125 0.04375
1 0.68515625 0.653125 0.0453125 0.05
1 0.87734375 0.596875 0.04375 0.05
1 0.74296875 0.20390625 0.0484375 0.0515625
1 0.4921875 0.2921875 0.05 0.059375
0 0.08359375 0.44609375 0.053125 0.0625
1 0.828125 0.49921875 0.040625 0.040625
1 0.98046875 0.65546875 0.0359375 0.0421875
1 0.24296875 0.146875 0.0453125 0.0515625
1 0.3484375 0.35078125 0.0390625 0.04375
1 0.41640625 0.1953125 0.0484375 0.0546875
1 0.196875 0.32578125 0.04375 0.046875
1 0.85078125 0.85625 0.0421875 0.046875
1 0.4765625 0.07578125 0.04375 0.0515625
0 0.53515625 0.93671875 0.0578125 0.0984375
1 0.75078125 0.53515625 0.046875 0.0453125
1 0.38046875 0.02265625 0.0421875 0.0453125
1 0.14609375 0.29453125 0.04375 0.053125
1 0.1390625 0.753125 0.046875 0.059375
1 0.63671875 0.796875 0.04375 0.04375
1 0.57265625 0.77265625 0.04375 0.0515625
1 0.02109375 0.18515625 0.040625 0.0453125
0 0.42265625 0.52265625 0.046875 0.0828125
0 0.6859375 0.43671875 0.075 0.0625
1 0.09140625 0.52109375 0.040625 0.0453125
1 0.30234375 0.68671875 0.0453125 0.0515625
1 0.36953125 0.0984375 0.046875 0.053125
1 0.440625 0.1078125 0.0390625 0.053125
1 0.73046875 0.85625 0.046875 0.05625
1 0.6546875 0.7234375 0.0484375 0.053125
1 0.4203125 0.29296875 0.0484375 0.0484375
1 0.28828125 0.34296875 0.034375 0.04375
1 0.65234375 0.9109375 0.0359375 0.0421875
1 0.80703125 0.278125 0.0375 0.05
1 0.815625 0.015625 0.0328125 0.03125
1 0.7328125 0.984375 0.0390625 0.03125
1 0.221875 0.98515625 0.046875 0.0296875