1 0.7859375 0.97109375 0.040625 0.0515625
1 0.19375 0.76171875 0.04375 0.053125
0 0.37265625 0.63515625 0.0703125 0.053125
1 0.21796875 0.61015625 0.046875 0.0484375
0 0.72109375 0.390625 0.0671875 0.0640625
1 0.73046875 0.67890625 0.0421875 0.0515625
1 0.14296875 0.89453125 0.0453125 0.05
1 0.6796875 0.915625 0.0421875 0.05
0 0.36484375 0.55078125 0.0609375 0.059375
1 0.709375 0.5171875 0.046875 0.0484375
1 0.55 0.040625 0.0421875 0.046875
1 0.28203125 0.98515625 0.04375 0.0296875
0 0.1375 0.0671875 0.075 0.0671875
1 0.58359375 0.55625 0.04375 0.04375
1 0.28359375 0.42578125 0.04375 0.0453125
1 0.71796875 0.20859375 0.0421875 0.0421875
1 0.1328125 0.71484375 0.0421875 0.0515625
0 0.47109375 0.61171875 0.0421875 0.0890625
1 0.6171875 0.4625 0.04375 0.04375
0 0.59921875 0.7953125 0.0515625 0.0875
1 0.86328125 0.2921875 0.0453125 0.0484375
1 0.10546875 0.3921875 0.04375 0.046875
1 0.05625 0.48515625 0.040625 0.053125
1 0.88828125 0.70859375 0.0421875 0.05
0 0.05703125 0.7015625 0.0625 0.08125
1 0.34453125 0.78515625 0.0390625 0.0390625
1 0.3265625 0.0421875 0.046875 0.05
1 0.40390625 0.68203125 0.04375 0.05
1 0.30859375 0.2421875 0.0453125 0.046875
1 0.37265625 0.259375 0.046875 0.0484375
0 0.296875 0.8921875 0.0609375 0.0625
1 0.9703125 0.97578125 0.04375 0.0484375
1 0.33125 0.13671875 0.0453125 0.0484375
1 0.51953125 0.2484375 0.04375 0.0515625
1 0.24921875 0.2609375 0.040625 0.040625
1 0.440625 0.30703125 0.04375 0.0453125
1 0.975 0.55234375 0.0421875 0.053125
1 0.26171875 0.1859375 0.0453125 0.0453125
1 0.809375 0.23671875 0.0421875 0.0515625
1 0.15078125 0.45546875 0.0453125 0.053125
1 0.66328125 0.78828125 0.0421875 0.0515625
1 0.73828125 0.83671875 0.04375 0.046875
1 0.17109375 0.3453125 0.04375 0.0484375
1 0.5265625 0.434375 0.0390625 0.040625
1 0.82265625 0.7734375 0.046875 0.053125
1 0.20546875 0.190625 0.04375 0.046875
1 0.04296875 0.16796875 0.040625 0.05
1 0.61015625 0.66640625 0.04375 0.0484375
1 0.84296875 0.42109375 0.046875 0.05
1 0.934375 0.46171875 0.04375 0.05
1 0.46171875 0.2484375 0.0421875 0.0453125
1 0.9796875 0.06484375 0.040625 0.0484375
1 0.69609375 0.57578125 0.04375 0.0484375
1 0.7546875 0.253125 0.040625 0.046875
1 0.4515625 0.5171875 0.0453125 0.053125
1 0.28046875 0.7109375 0.0390625 0.040625
1 0.584375 0.378125 0.04375 0.0484375
1 0.96796875 0.3953125 0.0421875 0.046875
1 0.63984375 0.38046875 0.0390625 0.046875
1 0.69609375 0.290625 0.0390625 0.04375
1 0.1140625 0.18125 0.040625 0.0484375
1 0.41328125 0.86171875 0.0375 0.0390625
1 0.371875 0.40703125 0.0453125 0.046875
1 0.56875 0.70859375 0.040625 0.0421875
1 0.44453125 0.953125 0.0375 0.040625
1 0.86640625 0.52578125 0.0453125 0.05
1 0.54453125 0.9078125 0.040625 0.04375
1 0.80703125 0.6234375 0.0453125 0.053125
1 0.11484375 0.64375 0.0421875 0.0484375
1 0.021875 0.24140625 0.04375 0.053125
1 0.28046875 0.3328125 0.0390625 0.0390625
1 0.46484375 0.89765625 0.0375 0.0390625
1 0.94765625 0.1796875 0.0359375 0.040625
1 0.165625 0.153125 0.0390625 0.04375
1 0.8078125 0.08515625 0.0390625 0.04375
1 0.45859375 0.13125 0.0453125 0.0453125
1 0.453125 0.40078125 0.0453125 0.046875
1 0.79453125 0.475 0.0484375 0.0484375
1 0.85625 0.3453125 0.0453125 0.0484375
1 0.9 0.59921875 0.0453125 0.046875
1 0.6359375 0.28828125 0.040625 0.0421875
1 0.42421875 0.0328125 0.04375 0.0484375
1 0.3328125 0.33359375 0.0375 0.0375
1 0.41640625 0.18671875 0.04375 0.04375
1 0.97109375 0.809375 0.0421875 0.05
1 0.8390625 0.92890625 0.0421875 0.0453125
1 0.86796875 0.115625 0.0421875 0.046875
1 0.0234375 0.421875 0.0453125 0.0453125
1 0.36328125 0.8953125 0.0328125 0.0328125
1 0.6609375 0.14140625 0.0421875 0.05
1 0.70859375 0.14609375 0.04375 0.05625
1 0.58984375 0.25 0.0421875 0.046875
1 0.5796875 0.09765625 0.0390625 0.0453125
1 0.45859375 0.71953125 0.0359375 0.0390625
1 0.46875 0.7640625 0.040625 0.046875
1 0.28984375 0.6421875 0.03125 0.0421875
1 0.28828125 0.56953125 0.0390625 0.0421875
1 0.20234375 0.034375 0.0390625 0.0453125
1 0.09375 0.25390625 0.0390625 0.0578125
1 0.08046875 0.0203125 0.0375 0.040625
1 0.56796875 0.97421875 0.0296875 0.0359375