1 0.0296875 0.9125 0.0453125 0.05625
1 0.978125 0.36796875 0.0421875 0.053125
1 0.2234375 0.115625 0.0484375 0.071875
1 0.04453125 0.728125 0.053125 0.0671875
1 0.31953125 0.26640625 0.0453125 0.05625
1 0.61015625 0.93515625 0.0546875 0.06875
1 0.79609375 0.20859375 0.0421875 0.053125
1 0.11640625 0.10546875 0.0421875 0.0515625
0 0.515625 0.87890625 0.0671875 0.1078125
1 0.3703125 0.68046875 0.0421875 0.05
1 0.5140625 0.36484375 0.0484375 0.059375
1 0.421875 0.56328125 0.0421875 0.0578125
1 0.9140625 0.16171875 0.0453125 0.053125
1 0.51796875 0.16328125 0.0421875 0.0546875
1 0.6796875 0.84296875 0.04375 0.0515625
1 0.58125 0.06328125 0.0453125 0.0515625
1 0.4046875 0.4234375 0.05 0.053125
1 0.34921875 0.3609375 0.0453125 0.0515625
1 0.75390625 0.69375 0.046875 0.0515625
1 0.09375 0.22578125 0.04375 0.0578125
1 0.74375 0.115625 0.040625 0.053125
1 0.290625 0.50546875 0.04375 0.053125
1 0.45234375 0.453125 0.04375 0.046875
1 0.8296875 0.5484375 0.04375 0.0546875
1 0.2796875 0.740625 0.0453125 0.05625
1 0.9640625 0.19140625 0.0453125 0.059375
1 0.9125 0.059375 0.05 0.0515625
1 0.5609375 0.70390625 0.0484375 0.0578125
1 0.1546875 0.171875 0.053125 0.06875
1 0.11796875 0.809375 0.05 0.0609375
1 0.815625 0.4078125 0.0421875 0.053125
1 0.82890625 0.31875 0.0375 0.0453125
1 0.7375 0.046875 0.046875 0.05625
1 0.54765625 0.56171875 0.046875 0.0515625
1 0.38671875 0.77421875 0.0484375 0.059375
1 0.57421875 0.259375 0.04375 0.0546875
1 0.8109375 0.115625 0.0453125 0.053125
1 0.96796875 0.60390625 0.04375 0.0515625
1 0.9703125 0.97265625 0.0453125 0.05
1 0.8625 0.75234375 0.046875 0.0515625
1 0.421875 0.153125 0.0421875 0.053125
1 0.0453125 0.08828125 0.0421875 0.046875
1 0.42421875 0.33046875 0.05 0.0578125
1 0.02734375 0.61171875 0.0546875 0.0609375
1 0.66796875 0.01875 0.0484375 0.0375
1 0.10859375 0.65546875 0.0515625 0.0625
0 0.7734375 0.91484375 0.0671875 0.1046875
1 0.55546875 0.7734375 0.0578125 0.071875
1 0.3234375 0.653125 0.04375 0.0546875
1 0.74453125 0.38125 0.0453125 0.053125
1 0.6609375 0.6734375 0.0484375 0.0515625
1 0.01875 0.0390625 0.0375 0.059375
1 0.74921875 0.26015625 0.0359375 0.040625
1 0.50859375 0.08828125 0.0453125 0.05
1 0.64921875 0.7953125 0.046875 0.046875
1 0.3171875 0.090625 0.04375 0.0453125
1 0.22734375 0.48828125 0.0546875 0.059375
1 0.6125 0.57265625 0.0421875 0.0484375
1 0.06796875 0.325 0.0421875 0.0515625
1 0.378125 0.17890625 0.05 0.0609375
1 0.8796875 0.33359375 0.0421875 0.0515625
1 0.8 0.2734375 0.0359375 0.040625
1 0.73125 0.76875 0.0390625 0.05
1 0.86953125 0.21015625 0.0390625 0.053125
1 0.68828125 0.13515625 0.04375 0.053125
1 0.69765625 0.2046875 0.04375 0.0515625
1 0.9078125 0.39453125 0.04375 0.05
1 0.51796875 0.42734375 0.046875 0.0625
1 0.49453125 0.290625 0.0390625 0.0421875
1 0.775 0.6109375 0.04375 0.0546875
1 0.84296875 0.8046875 0.046875 0.05
1 0.9203125 0.8421875 0.0421875 0.046875
1 0.79453125 0.81640625 0.0359375 0.046875
1 0.2546875 0.9578125 0.0375 0.0453125
1 0.21953125 0.41640625 0.0390625 0.04375
1 0.84453125 0.015625 0.0453125 0.03125
1 0.54375 0.0140625 0.05 0.028125
1 0.10546875 0.99140625 0.0359375 0.0171875
1 0.30703125 0.01015625 0.05 0.0203125
1 0.9734375 0.02109375 0.053125 0.0421875