1 0.11328125 0.14765625 0.04375 0.0484375
1 0.1421875 0.21328125 0.046875 0.0484375
1 0.0484375 0.17578125 0.0375 0.0453125
1 0.0171875 0.44765625 0.034375 0.0578125
1 0.075 0.35859375 0.034375 0.0515625
1 0.10078125 0.48671875 0.04375 0.053125
1 0.028125 0.57109375 0.0421875 0.0515625
1 0.15234375 0.61171875 0.0515625 0.05625
1 0.03203125 0.69921875 0.046875 0.0546875
1 0.05625 0.74140625 0.040625 0.046875
1 0.0921875 0.7875 0.0421875 0.0515625
1 0.146875 0.96328125 0.0484375 0.046875
1 0.26484375 0.90078125 0.053125 0.05625
1 0.33671875 0.93828125 0.046875 0.0609375
1 0.4015625 0.80859375 0.0453125 0.0484375
1 0.44765625 0.92109375 0.05 0.05625
1 0.27421875 0.66015625 0.0390625 0.0484375
1 0.3515625 0.5203125 0.05625 0.0609375
1 0.31796875 0.59375 0.0453125 0.05
1 0.43359375 0.5734375 0.04375 0.046875
1 0.48203125 0.85546875 0.0484375 0.046875
1 0.6359375 0.8859375 0.046875 0.046875
1 0.709375 0.87265625 0.0484375 0.046875
1 0.82421875 0.72421875 0.05 0.059375
1 0.86484375 0.88515625 0.0515625 0.05625
1 0.934375 0.89609375 0.0484375 0.0484375
1 0.15546875 0.290625 0.040625 0.03125
1 0.209375 0.2515625 0.0375 0.05
1 0.31328125 0.22890625 0.040625 0.05
1 0.46796875 0.31328125 0.05 0.0390625
1 0.40078125 0.43515625 0.040625 0.0359375
1 0.5046875 0.1421875 0.0453125 0.0453125
1 0.56875 0.04453125 0.040625 0.0453125
1 0.44453125 0.0984375 0.040625 0.040625
1 0.29375 0.1703125 0.04375 0.05625
1 0.52109375 0.36171875 0.0390625 0.0515625
1 0.52109375 0.26015625 0.0515625 0.046875
1 0.6703125 0.15078125 0.046875 0.05
1 0.6921875 0.03359375 0.046875 0.0453125
1 0.878125 0.2265625 0.0484375 0.0546875
1 0.96875 0.2921875 0.0453125 0.04375
1 0.93046875 0.1828125 0.053125 0.053125
1 0.93046875 0.0734375 0.0390625 0.05
1 0.81875 0.03984375 0.053125 0.05625
1 0.82734375 0.31015625 0.0515625 0.0515625
1 0.853125 0.4984375 0.0484375 0.0546875
1 0.97265625 0.55546875 0.0484375 0.05625
1 0.92578125 0.72890625 0.040625 0.0484375
1 0.93359375 0.7875 0.04375 0.0375
1 0.7359375 0.67421875 0.05 0.05625
1 0.72265625 0.96484375 0.0421875 0.0515625
1 0.76796875 0.9484375 0.04375 0.05
1 0.8015625 0.1984375 0.040625 0.040625
1 0.76796875 0.1484375 0.04375 0.04375
1 0.703125 0.3203125 0.046875 0.0515625
1 0.72421875 0.37109375 0.0484375 0.0546875
1 0.67734375 0.44921875 0.046875 0.046875
1 0.80625 0.42734375 0.0484375 0.0484375
1 0.26796875 0.7234375 0.04375 0.0453125
1 0.49140625 0.67734375 0.0484375 0.0484375
1 0.55859375 0.5890625 0.046875 0.0546875
1 0.61328125 0.09609375 0.0421875 0.04375
1 0.62734375 0.67578125 0.04375 0.0484375
1 0.2171875 0.47890625 0.0453125 0.0515625
1 0.067640625 0.052031249999999994 0.04217187499999999 0.04260937499999999
1 0.093328125 0.091796875 0.04923437500000001 0.04396874999999999
1 0.32821875 0.04728125 0.04320312499999997 0.052953125000000004
1 0.28690625000000003 0.024640625 0.04878125000000004 0.04482812500000001
1 0.12587500000000001 0.8736875 0.050093750000000006 0.05073437500000004
1 0.11885937499999999 0.9109999999999999 0.051296874999999985 0.04240625000000016
1 0.202890625 0.852515625 0.041749999999999975 0.049249999999999974
1 0.2341875 0.8121562499999999 0.050437499999999955 0.050156249999999944
1 0.669046875 0.5815625 0.04053125000000009 0.04520312499999992
1 0.690234375 0.616859375 0.042031249999999964 0.04548437500000002
1 0.901734375 0.45162500000000005 0.052515624999999844 0.05009375000000009
1 0.918953125 0.4971875 0.049609375 0.05356249999999996