1 0.0609375 0.3171875 0.0359375 0.0421875
1 0.03671875 0.3765625 0.0390625 0.04375
1 0.06640625 0.25078125 0.034375 0.040625
1 0.05078125 0.19375 0.0359375 0.0453125
1 0.30859375 0.12265625 0.0359375 0.04375
1 0.13125 0.2625 0.0359375 0.04375
1 0.30390625 0.41484375 0.0375 0.0375
1 0.3203125 0.45234375 0.04375 0.0421875
1 0.15859375 0.7265625 0.0375 0.0421875
1 0.20546875 0.6953125 0.0390625 0.046875
1 0.190625 0.79375 0.0359375 0.0453125
1 0.103125 0.87109375 0.0390625 0.046875
1 0.04921875 0.88828125 0.0375 0.040625
1 0.2375 0.9515625 0.0421875 0.0484375
1 0.54765625 0.82734375 0.04375 0.046875
1 0.415625 0.86953125 0.040625 0.0515625
1 0.47109375 0.70859375 0.0453125 0.0453125
1 0.2671875 0.51875 0.0328125 0.0421875
1 0.3984375 0.49921875 0.0375 0.046875
1 0.3984375 0.55703125 0.040625 0.04375
1 0.521875 0.2703125 0.0328125 0.0375
1 0.6765625 0.978125 0.0390625 0.040625
1 0.56640625 0.56015625 0.0390625 0.0484375
1 0.57734375 0.44765625 0.0515625 0.0609375
1 0.4140625 0.40625 0.0375 0.0453125
1 0.55546875 0.059375 0.0421875 0.046875
1 0.63203125 0.1796875 0.0359375 0.0453125
1 0.5796875 0.20390625 0.034375 0.0453125
1 0.57265625 0.11171875 0.0421875 0.046875
1 0.6625 0.2171875 0.0390625 0.0484375
1 0.66328125 0.30390625 0.04375 0.053125
1 0.72421875 0.034375 0.0515625 0.046875
1 0.7515625 0.16328125 0.0484375 0.04375
1 0.840625 0.0625 0.0421875 0.0515625
1 0.92578125 0.1421875 0.034375 0.0375
1 0.92890625 0.31015625 0.0390625 0.0390625
1 0.796875 0.14453125 0.0328125 0.04375
1 0.81328125 0.3640625 0.0453125 0.0515625
1 0.9109375 0.465625 0.040625 0.053125
1 0.8359375 0.54765625 0.046875 0.0546875
1 0.97109375 0.4671875 0.04375 0.05625
1 0.85078125 0.7609375 0.05625 0.0625
1 0.8296875 0.83359375 0.0484375 0.0453125
1 0.8921875 0.7984375 0.04375 0.0484375
1 0.75859375 0.83125 0.0390625 0.046875
1 0.7109375 0.834375 0.04375 0.05625
1 0.765625 0.93828125 0.04375 0.05
1 0.8578125 0.9140625 0.0421875 0.0515625
1 0.81171875 0.9703125 0.0390625 0.0375
1 0.94296875 0.9125 0.0375 0.046875
1 0.80625 0.05234375 0.0328125 0.0359375
1 0.68046875 0.6046875 0.040625 0.0515625
1 0.68671875 0.46875 0.0421875 0.053125
1 0.74140625 0.4671875 0.0390625 0.0484375
1 0.77109375 0.7109375 0.0515625 0.0453125
1 0.14651562499999998 0.368078125 0.0370625 0.04285937500000001
1 0.147 0.325453125 0.03535937499999999 0.035640625
1 0.110765625 0.08156250000000001 0.038312500000000006 0.039593750000000004
1 0.09085937499999999 0.040515625 0.03240624999999999 0.03803125
1 0.1265625 0.016968749999999998 0.03799999999999999 0.033937499999999995
1 0.161203125 0.012609375 0.04184375 0.025203124999999993
1 0.20659375 0.187734375 0.03309375000000001 0.036453124999999975
1 0.185203125 0.20128125 0.02804687499999998 0.03404687500000001
1 0.25553125 0.14837499999999998 0.03089062499999997 0.03859374999999998
1 0.23825 0.128171875 0.03304687499999996 0.032750000000000015
1 0.316265625 0.2619375 0.037328124999999976 0.03548437499999997
1 0.2978125 0.2898125 0.040796875000000024 0.032125
1 0.318953125 0.193453125 0.034531250000000034 0.02699999999999998
1 0.31621875 0.22087500000000002 0.03484375000000002 0.028687500000000022
1 0.44749999999999995 0.187953125 0.035843750000000084 0.040593749999999984
1 0.41881250000000003 0.21793749999999998 0.03715624999999996 0.038687499999999986
1 0.0563125 0.6461718750000001 0.033171875 0.038765624999999915
1 0.035875000000000004 0.66690625 0.039749999999999994 0.038718749999999955
1 0.14154687500000002 0.76490625 0.041703124999999994 0.03540624999999995
1 0.136015625 0.7973750000000001 0.03621875000000001 0.034781250000000076
1 0.07975 0.5019218750000001 0.036140624999999996 0.031078124999999977
1 0.08462499999999999 0.5234062500000001 0.03428125 0.026218749999999957
1 0.4658125 0.5961875 0.04421874999999993 0.04285937499999992
1 0.43029687499999997 0.6213124999999999 0.045218750000000085 0.04276562500000001
1 0.7754531250000001 0.62740625 0.042343750000000034 0.04271875000000005
1 0.737953125 0.637515625 0.04704687500000002 0.04220312499999999
1 0.414375 0.024796875 0.030656250000000006 0.034015625
1 0.44325000000000003 0.009562499999999998 0.034421874999999956 0.019109375
1 0.85775 0.416796875 0.040281249999999956 0.046406250000000024
1 0.8276249999999999 0.45171875000000006 0.03762499999999989 0.043343750000000014
1 0.33340625 0.6458125 0.04126562500000004 0.03881250000000005
1 0.972859375 0.021249999999999998 0.049437500000000155 0.042499999999999996