1 0.81875 0.53359375 0.04375 0.05625
0 0.91171875 0.515625 0.0484375 0.096875
1 0.4828125 0.0671875 0.040625 0.0546875
1 0.19609375 0.51484375 0.04375 0.0515625
0 0.61484375 0.290625 0.0796875 0.0875
1 0.78046875 0.6046875 0.0421875 0.0546875
1 0.69453125 0.56328125 0.04375 0.059375
1 0.715625 0.12109375 0.04375 0.05625
1 0.14375 0.05859375 0.0453125 0.059375
1 0.30625 0.78046875 0.040625 0.04375
1 0.78125 0.6875 0.0390625 0.0515625
1 0.84296875 0.25703125 0.046875 0.0625
1 0.8265625 0.3421875 0.04375 0.0609375
1 0.3390625 0.83671875 0.040625 0.04375
1 0.10859375 0.14765625 0.040625 0.0484375
1 0.0921875 0.703125 0.04375 0.053125
1 0.3921875 0.41640625 0.04375 0.0578125
1 0.21640625 0.05234375 0.0453125 0.053125
1 0.81015625 0.40703125 0.0421875 0.0546875
1 0.29140625 0.63203125 0.04375 0.0578125
1 0.33125 0.59765625 0.040625 0.053125
1 0.5125 0.35859375 0.0453125 0.0546875
1 0.7546875 0.26328125 0.04375 0.0546875
1 0.63828125 0.45859375 0.046875 0.059375
1 0.5015625 0.81328125 0.0421875 0.05625
1 0.65390625 0.1796875 0.04375 0.053125
1 0.453125 0.73359375 0.04375 0.053125
1 0.37109375 0.109375 0.04375 0.05625
1 0.6875 0.909375 0.046875 0.059375
1 0.5046875 0.44375 0.04375 0.0515625
1 0.596875 0.91953125 0.04375 0.0625
1 0.28203125 0.53046875 0.0390625 0.046875
1 0.18359375 0.28125 0.04375 0.0484375
1 0.7109375 0.39453125 0.04375 0.0578125
1 0.684375 0.02265625 0.04375 0.0453125
1 0.32265625 0.72109375 0.040625 0.0484375
1 0.7890625 0.08984375 0.0453125 0.059375
1 0.303125 0.95 0.0390625 0.0515625
1 0.23515625 0.8234375 0.0453125 0.0515625
1 0.33046875 0.259375 0.0421875 0.0484375
1 0.97421875 0.915625 0.04375 0.0578125
0 0.9140625 0.83671875 0.040625 0.1046875
1 0.39453125 0.33828125 0.0421875 0.0515625
1 0.034375 0.15546875 0.0390625 0.0515625
1 0.8578125 0.1734375 0.0421875 0.0484375
1 0.54609375 0.95234375 0.0421875 0.0546875
1 0.06796875 0.453125 0.0421875 0.053125
1 0.890625 0.9453125 0.040625 0.059375
1 0.86953125 0.346875 0.040625 0.0546875
1 0.7609375 0.41875 0.0390625 0.0546875
1 0.103125 0.30390625 0.0453125 0.0546875
1 0.9234375 0.15 0.0453125 0.05
1 0.43984375 0.86015625 0.0484375 0.0734375
1 0.3375 0.9265625 0.0375 0.05
1 0.97890625 0.68828125 0.0421875 0.059375
1 0.47734375 0.59296875 0.040625 0.0515625
1 0.115625 0.7984375 0.05 0.0671875
1 0.41953125 0.77421875 0.040625 0.0484375
1 0.23828125 0.29921875 0.0421875 0.0515625
1 0.03671875 0.67265625 0.040625 0.0515625
1 0.3265625 0.11484375 0.0375 0.0421875
0 0.55390625 0.2140625 0.0875 0.065625
1 0.40390625 0.51875 0.0390625 0.0515625
1 0.94453125 0.7484375 0.0453125 0.0625
1 0.50546875 0.67734375 0.040625 0.046875
1 0.64609375 0.8015625 0.0390625 0.0515625
1 0.8375 0.0984375 0.04375 0.0453125
1 0.58359375 0.08046875 0.0390625 0.04375
1 0.5234375 0.1203125 0.0390625 0.046875
1 0.71640625 0.1890625 0.04375 0.0515625
1 0.21015625 0.5984375 0.0328125 0.04375
1 0.06875 0.58046875 0.0359375 0.040625
1 0.12421875 0.5703125 0.0328125 0.0484375
1 0.0890625 0.85546875 0.0453125 0.0484375
1 0.0640625 0.896875 0.0375 0.0484375
1 0.32265625 0.0140625 0.040625 0.028125
1 0.6296875 0.0125 0.0328125 0.025
1 0.94609375 0.98203125 0.0328125 0.0359375
1 0.75 0.99296875 0.0265625 0.0140625
1 0.45859375 0.98671875 0.0359375 0.0265625
1 0.3640625 0.99140625 0.0296875 0.0171875
1 0.01015625 0.94375 0.0203125 0.0546875
1 0.01328125 0.54375 0.0265625 0.05625
1 0.009375 0.01796875 0.01875 0.0359375
1 0.0078125 0.21875 0.015625 0.0375