0 0.478125 0.028125 0.05625 0.05625
0 0.79296875 0.8546875 0.0609375 0.0984375
1 0.74375 0.39296875 0.046875 0.06875
0 0.16796875 0.87421875 0.0796875 0.078125
0 0.18046875 0.346875 0.040625 0.0875
1 0.30390625 0.23359375 0.0375 0.04375
1 0.24609375 0.13515625 0.0359375 0.0390625
1 0.98515625 0.878125 0.0296875 0.059375
1 0.059375 0.30859375 0.0390625 0.0453125
1 0.36875 0.625 0.0453125 0.0578125
0 0.60078125 0.0453125 0.0421875 0.0828125
0 0.42890625 0.16796875 0.0546875 0.075
1 0.328125 0.17109375 0.0359375 0.040625
1 0.8359375 0.940625 0.04375 0.059375
1 0.759375 0.2921875 0.040625 0.0578125
1 0.4328125 0.6421875 0.04375 0.05625
0 0.47421875 0.54140625 0.0578125 0.09375
1 0.21328125 0.77578125 0.0484375 0.0609375
1 0.08359375 0.05078125 0.04375 0.053125
1 0.971875 0.98203125 0.0390625 0.0359375
1 0.4265625 0.74375 0.04375 0.053125
1 0.04609375 0.78984375 0.0421875 0.0515625
0 0.17890625 0.0703125 0.0421875 0.084375
1 0.21484375 0.1953125 0.0390625 0.040625
1 0.9140625 0.125 0.034375 0.0421875
1 0.53828125 0.90078125 0.0421875 0.0625
0 0.05703125 0.3921875 0.046875 0.0859375
1 0.83046875 0.31171875 0.04375 0.0515625
1 0.79609375 0.17421875 0.0359375 0.040625
1 0.91015625 0.8796875 0.04375 0.0578125
1 0.98359375 0.790625 0.0328125 0.053125
0 0.34140625 0.26171875 0.05 0.0859375
1 0.359375 0.55390625 0.0421875 0.0578125
1 0.70234375 0.13125 0.0390625 0.0453125
1 0.85078125 0.24375 0.0359375 0.0453125
1 0.22109375 0.52578125 0.04375 0.0546875
1 0.59453125 0.1921875 0.0421875 0.0453125
1 0.51875 0.46328125 0.0421875 0.053125
1 0.04765625 0.90234375 0.04375 0.0546875
1 0.81875 0.384375 0.0421875 0.0515625
1 0.11171875 0.14375 0.0359375 0.04375
0 0.6703125 0.74140625 0.05625 0.1140625
1 0.28359375 0.921875 0.046875 0.0640625
0 0.48984375 0.325 0.053125 0.115625
1 0.59375 0.89296875 0.0484375 0.0640625
1 0.96640625 0.65703125 0.0453125 0.05625
1 0.984375 0.15859375 0.03125 0.04375
1 0.61328125 0.78515625 0.0390625 0.05
1 0.8546875 0.76640625 0.04375 0.0546875
1 0.20078125 0.64765625 0.04375 0.053125
1 0.70078125 0.2265625 0.0421875 0.053125
1 0.4484375 0.47890625 0.04375 0.059375
1 0.02890625 0.17265625 0.0390625 0.046875
1 0.9609375 0.05078125 0.0359375 0.040625
1 0.84140625 0.0546875 0.0375 0.0421875
1 0.67421875 0.91328125 0.046875 0.0625
1 0.74765625 0.6328125 0.04375 0.0546875
1 0.628125 0.10390625 0.0359375 0.0375
0 0.8453125 0.609375 0.0625 0.125
1 0.5765625 0.55546875 0.0421875 0.053125
1 0.89375 0.3890625 0.0375 0.0453125
1 0.378125 0.48515625 0.0359375 0.04375
1 0.315625 0.1046875 0.034375 0.0390625
0 0.0171875 0.35859375 0.034375 0.065625
0 0.86484375 0.11640625 0.053125 0.0421875
1 0.6546875 0.35390625 0.0453125 0.059375
0 0.7734375 0.04921875 0.05625 0.0578125
1 0.57890625 0.428125 0.0390625 0.04375
1 0.90859375 0.07109375 0.034375 0.04375
1 0.94375 0.15703125 0.034375 0.0390625
1 0.97734375 0.540625 0.0453125 0.0484375
1 0.73359375 0.95078125 0.0390625 0.05
1 0.0375 0.6484375 0.0421875 0.0453125
0 0.46640625 0.2359375 0.040625 0.071875
1 0.4140625 0.8796875 0.0421875 0.05
1 0.82890625 0.47578125 0.0375 0.0421875
1 0.528125 0.1625 0.034375 0.0453125
1 0.07421875 0.84375 0.034375 0.0453125
1 0.096875 0.7296875 0.034375 0.04375
1 0.553125 0.015625 0.034375 0.03125
1 0.98671875 0.32265625 0.0265625 0.0515625
1 0.0078125 0.67109375 0.015625 0.0390625