1 0.01953125 0.234375 0.0375 0.0578125
1 0.03359375 0.1 0.0421875 0.053125
1 0.1046875 0.1875 0.0390625 0.059375
1 0.121875 0.1078125 0.04375 0.053125
1 0.16875 0.065625 0.040625 0.0578125
1 0.271875 0.090625 0.0421875 0.0453125
1 0.25703125 0.14375 0.053125 0.053125
1 0.1484375 0.22890625 0.04375 0.053125
1 0.2015625 0.2234375 0.0515625 0.053125
1 0.1828125 0.3859375 0.05 0.0578125
1 0.1734375 0.44921875 0.053125 0.0640625
1 0.05625 0.346875 0.0453125 0.05625
1 0.05625 0.4125 0.053125 0.0609375
1 0.20078125 0.65703125 0.0515625 0.0578125
1 0.196875 0.76015625 0.05 0.0625
1 0.11953125 0.62734375 0.04375 0.05625
1 0.084375 0.80234375 0.0515625 0.05625
1 0.0234375 0.76875 0.046875 0.0515625
1 0.271875 0.24296875 0.040625 0.0546875
1 0.41171875 0.0609375 0.0421875 0.053125
1 0.46171875 0.0828125 0.0453125 0.0578125
1 0.4015625 0.221875 0.0390625 0.0484375
1 0.51796875 0.328125 0.046875 0.0640625
1 0.6015625 0.34140625 0.0453125 0.059375
1 0.571875 0.265625 0.0484375 0.053125
1 0.52890625 0.20703125 0.04375 0.0546875
1 0.65390625 0.0578125 0.04375 0.0546875
1 0.6328125 0.2484375 0.040625 0.0515625
1 0.6953125 0.34765625 0.046875 0.05625
1 0.68828125 0.26640625 0.046875 0.05
1 0.73828125 0.02421875 0.0390625 0.0484375
1 0.7515625 0.08359375 0.046875 0.053125
1 0.859375 0.0265625 0.04375 0.053125
1 0.96171875 0.1640625 0.0421875 0.0515625
1 0.915625 0.140625 0.0484375 0.0515625
1 0.309375 0.75234375 0.04375 0.059375
1 0.36640625 0.81171875 0.046875 0.0546875
1 0.4015625 0.86015625 0.0484375 0.065625
1 0.39609375 0.93671875 0.04375 0.065625
1 0.45234375 0.92109375 0.034375 0.0515625
1 0.51875 0.834375 0.046875 0.0546875
1 0.58203125 0.94609375 0.0390625 0.046875
1 0.62265625 0.8265625 0.046875 0.053125
1 0.653125 0.96015625 0.0421875 0.040625
1 0.7359375 0.97578125 0.046875 0.0453125
1 0.6796875 0.81796875 0.0484375 0.046875
1 0.67421875 0.74921875 0.04375 0.046875
1 0.75546875 0.671875 0.04375 0.053125
1 0.809375 0.9265625 0.0375 0.04375
1 0.909375 0.95546875 0.046875 0.0453125
1 0.98125 0.91484375 0.0375 0.0484375
1 0.96328125 0.9796875 0.0515625 0.040625
1 0.975 0.79296875 0.040625 0.0546875
1 0.84921875 0.75 0.0484375 0.0484375
1 0.86796875 0.67734375 0.0484375 0.05625
1 0.8984375 0.60703125 0.04375 0.05625
1 0.9171875 0.5109375 0.0421875 0.0515625
1 0.9109375 0.3234375 0.0453125 0.0515625
1 0.94921875 0.35703125 0.0453125 0.053125
1 0.47265625 0.44296875 0.04375 0.053125
1 0.5140625 0.46328125 0.0484375 0.05625
1 0.40078125 0.48203125 0.046875 0.053125
1 0.39296875 0.54921875 0.04375 0.0484375
1 0.25234375 0.51796875 0.0390625 0.05
1 0.2546875 0.63125 0.0484375 0.0625
1 0.65625 0.18359375 0.053125 0.05
1 0.5546875 0.67421875 0.0484375 0.0578125
1 0.08203125 0.55546875 0.040625 0.0515625
1 0.3421875 0.6984375 0.040625 0.04375
1 0.57578125 0.0765625 0.0421875 0.04375
1 0.775 0.297125 0.03507812500000007 0.03610937500000002
1 0.805484375 0.3080625 0.04160937500000008 0.038968749999999996
1 0.49024999999999996 0.50934375 0.03874999999999993 0.03599999999999994
1 0.474828125 0.546 0.042984374999999984 0.040124999999999925
1 0.5281875 0.5614375 0.03790624999999999 0.037109375
1 0.5566093750000001 0.58084375 0.033468749999999936 0.03923437500000002
1 0.423828125 0.6286562499999999 0.04576562499999994 0.04790624999999995
1 0.445375 0.673109375 0.045703125 0.04828124999999996
1 0.30284374999999997 0.595984375 0.04453125 0.05153125000000003
1 0.32359375 0.547703125 0.03570312500000004 0.05126562499999991
1 0.3453125 0.6066874999999999 0.037046874999999965 0.04464062500000008
1 0.28803125 0.7944374999999999 0.043937500000000004 0.04918749999999994
1 0.284703125 0.8346406249999999 0.04551562499999999 0.04562500000000007
1 0.849 0.8877499999999999 0.04703124999999986 0.05193750000000001
1 0.8748906249999999 0.8464375000000001 0.04606250000000003 0.04745312499999983