1 0.109375 0.33203125 0.040625 0.05
1 0.15078125 0.29375 0.040625 0.046875
1 0.24921875 0.1515625 0.0390625 0.0578125
1 0.45703125 0.028125 0.0453125 0.0484375
1 0.5375 0.05390625 0.04375 0.04375
1 0.46484375 0.15859375 0.046875 0.0515625
1 0.553125 0.121875 0.0421875 0.0484375
1 0.60703125 0.11875 0.0421875 0.0515625
1 0.6453125 0.171875 0.03125 0.0453125
1 0.6703125 0.125 0.0359375 0.046875
1 0.7296875 0.23984375 0.04375 0.05
1 0.63984375 0.27890625 0.046875 0.0484375
1 0.6296875 0.32890625 0.03125 0.0375
1 0.51328125 0.31875 0.0375 0.040625
1 0.50234375 0.40859375 0.0421875 0.05
1 0.5734375 0.49765625 0.0421875 0.0515625
1 0.678125 0.43203125 0.0421875 0.046875
1 0.8609375 0.1109375 0.0421875 0.053125
1 0.95703125 0.096875 0.0390625 0.0484375
1 0.8875 0.04921875 0.0375 0.046875
1 0.8828125 0.28203125 0.046875 0.046875
1 0.78671875 0.36328125 0.040625 0.05
1 0.8171875 0.278125 0.0359375 0.04375
1 0.9203125 0.52578125 0.0421875 0.046875
1 0.978125 0.57578125 0.0421875 0.053125
1 0.72578125 0.61015625 0.0390625 0.0546875
1 0.79609375 0.6 0.0390625 0.046875
1 0.65078125 0.62890625 0.04375 0.0484375
1 0.703125 0.71875 0.0421875 0.0515625
1 0.75546875 0.784375 0.046875 0.0515625
1 0.85 0.69375 0.046875 0.0515625
1 0.815625 0.83828125 0.0390625 0.0515625
1 0.76875 0.89453125 0.0421875 0.046875
1 0.79296875 0.95546875 0.046875 0.0484375
1 0.8703125 0.93671875 0.0453125 0.05
1 0.86875 0.859375 0.040625 0.0546875
1 0.56875 0.96171875 0.040625 0.05
1 0.62109375 0.90625 0.04375 0.059375
1 0.5171875 0.77421875 0.0390625 0.04375
1 0.459375 0.803125 0.0453125 0.0546875
1 0.6 0.81484375 0.040625 0.04375
1 0.375 0.6953125 0.0515625 0.046875
1 0.28046875 0.6546875 0.0453125 0.0484375
1 0.37734375 0.59453125 0.0484375 0.0546875
1 0.2171875 0.78125 0.0453125 0.0546875
1 0.23359375 0.7015625 0.04375 0.0515625
1 0.30546875 0.5390625 0.040625 0.04375
1 0.24140625 0.4453125 0.0421875 0.046875
1 0.21015625 0.37265625 0.046875 0.05
1 0.15859375 0.41796875 0.0390625 0.0453125
1 0.1375 0.6125 0.0375 0.04375
1 0.06640625 0.6625 0.04375 0.0546875
1 0.03671875 0.80703125 0.046875 0.05625
1 0.20078125 0.93984375 0.040625 0.0484375
1 0.09375 0.57109375 0.0390625 0.04375
1 0.36796875 0.534375 0.0375 0.04375
1 0.4328125 0.56328125 0.04375 0.040625
1 0.47265625 0.525 0.0484375 0.053125
1 0.50546875 0.5859375 0.0484375 0.046875
1 0.425 0.51015625 0.046875 0.04375
1 0.40390625 0.23203125 0.040625 0.0515625
1 0.3671875 0.284375 0.0421875 0.05
1 0.20546875 0.2671875 0.04375 0.0453125
1 0.27890625 0.2171875 0.0421875 0.05
1 0.15390625 0.52109375 0.040625 0.040625
1 0.356453125 0.0726875 0.04403125000000001 0.04409375
1 0.38921875000000006 0.039218750000000004 0.045937500000000006 0.049609375
1 0.22103125 0.041234375000000004 0.04109375000000002 0.040546875
1 0.218671875 0.011734375 0.03878124999999999 0.02346875
1 0.116921875 0.11028125 0.044 0.042390624999999994
1 0.094828125 0.07878125 0.040874999999999995 0.042984375
1 0.3239375 0.162328125 0.043625000000000025 0.04603125000000001
1 0.335015625 0.20598437500000003 0.056015625000000034 0.04820312500000001
1 0.109578125 0.24314062500000003 0.039578124999999985 0.041593750000000006
1 0.07903125 0.23507812499999997 0.030203124999999997 0.03957812499999998
1 0.22581250000000003 0.55253125 0.04360937500000004 0.04770312499999996
1 0.186359375 0.57125 0.04300000000000002 0.04348437500000006
1 0.137 0.678859375 0.04309374999999997 0.04371875000000003
1 0.13709375 0.722796875 0.04893749999999999 0.04243749999999995
1 0.082953125 0.49349999999999994 0.03645312499999999 0.04193750000000005
1 0.06428125 0.52903125 0.035546875 0.04034375000000008
1 0.5569843750000001 0.55253125 0.04253125000000004 0.04165624999999995
1 0.574390625 0.60184375 0.04260937499999997 0.05293749999999999
1 0.452265625 0.9126406250000001 0.04162499999999998 0.05015624999999986
1 0.41940625000000004 0.9371562499999999 0.04192187500000002 0.052484374999999875
1 0.9295937500000001 0.18334375 0.03435937500000001 0.03842187499999998
1 0.9484375 0.21145312500000002 0.035375000000000156 0.03842187499999998
1 0.9221562499999999 0.8406874999999999 0.03475000000000002 0.038406249999999885
1 0.953359375 0.8342812500000001 0.03337499999999984 0.04512500000000017