1 0.76328125 0.9671875 0.04375 0.05625
0 0.58046875 0.88828125 0.0859375 0.1
1 0.021875 0.84140625 0.04375 0.05
0 0.3078125 0.54921875 0.053125 0.0828125
0 0.1953125 0.575 0.0890625 0.0765625
0 0.684375 0.3171875 0.0625 0.0921875
1 0.790625 0.684375 0.0515625 0.065625
1 0.34921875 0.12421875 0.0515625 0.06875
1 0.64609375 0.17265625 0.053125 0.0640625
0 0.953125 0.6203125 0.06875 0.1171875
1 0.75546875 0.38515625 0.04375 0.05
1 0.63046875 0.56015625 0.0453125 0.05
1 0.85859375 0.89296875 0.0453125 0.0546875
1 0.0875 0.878125 0.0375 0.0421875
1 0.13515625 0.43828125 0.0515625 0.06875
1 0.440625 0.59375 0.0421875 0.0515625
1 0.55625 0.63046875 0.0421875 0.0546875
1 0.58359375 0.70859375 0.0421875 0.0453125
1 0.47890625 0.32890625 0.04375 0.0546875
1 0.80703125 0.825 0.04375 0.0578125
1 0.54921875 0.2171875 0.0453125 0.0546875
1 0.08828125 0.5015625 0.046875 0.05625
1 0.9609375 0.37265625 0.046875 0.053125
1 0.53984375 0.4171875 0.0453125 0.053125
1 0.02109375 0.38359375 0.0421875 0.0546875
1 0.95234375 0.4625 0.0453125 0.05625
1 0.50234375 0.6359375 0.04375 0.0515625
1 0.47890625 0.50703125 0.040625 0.0421875
1 0.03671875 0.94609375 0.0359375 0.0421875
1 0.83203125 0.30546875 0.04375 0.05
1 0.80234375 0.02890625 0.0421875 0.0546875
1 0.571875 0.33828125 0.04375 0.0484375
1 0.81484375 0.5078125 0.04375 0.0515625
0 0.16875 0.9609375 0.0453125 0.078125
1 0.2828125 0.90859375 0.0359375 0.04375
1 0.346875 0.3640625 0.0421875 0.05
1 0.73515625 0.25234375 0.0453125 0.0546875
0 0.39921875 0.95703125 0.0734375 0.0859375
0 0.6671875 0.6359375 0.075 0.059375
1 0.76328125 0.596875 0.0421875 0.0484375
1 0.5984375 0.95 0.040625 0.0515625
0 0.3109375 0.6390625 0.0671875 0.0546875
1 0.4265625 0.22421875 0.0421875 0.046875
1 0.2328125 0.4234375 0.04375 0.053125
1 0.40625 0.34453125 0.0421875 0.0484375
1 0.88515625 0.81484375 0.040625 0.053125
1 0.75234375 0.5109375 0.0421875 0.046875
1 0.96640625 0.15625 0.046875 0.05625
1 0.59921875 0.02890625 0.04375 0.046875
1 0.8859375 0.665625 0.0421875 0.05
1 0.95390625 0.0109375 0.04375 0.021875
1 0.9671875 0.06328125 0.04375 0.046875
1 0.11484375 0.775 0.040625 0.04375
0 0.30078125 0.30625 0.046875 0.0703125
1 0.4078125 0.0484375 0.0453125 0.053125
1 0.06796875 0.71171875 0.0453125 0.053125
0 0.31484375 0.9703125 0.0390625 0.059375
0 0.43671875 0.7390625 0.0578125 0.103125
0 0.24921875 0.81953125 0.0609375 0.0671875
1 0.09609375 0.153125 0.04375 0.053125
1 0.38046875 0.43203125 0.0390625 0.040625
1 0.8671875 0.5375 0.0421875 0.0484375
1 0.90078125 0.44296875 0.040625 0.0546875
1 0.8921875 0.07265625 0.040625 0.0421875
1 0.85625 0.1671875 0.0359375 0.040625
1 0.2609375 0.365625 0.0390625 0.0484375
1 0.27890625 0.45859375 0.040625 0.0546875
1 0.18125 0.7296875 0.034375 0.0359375
1 0.19765625 0.03359375 0.040625 0.046875
1 0.32578125 0.01640625 0.0453125 0.0328125
1 0.99140625 0.490625 0.0171875 0.0546875
1 0.8703125 0.98984375 0.0515625 0.0203125
1 0.66484375 0.99140625 0.0328125 0.0171875