1 0.13359375 0.98046875 0.040625 0.0390625
1 0.16171875 0.9140625 0.04375 0.0546875
1 0.3921875 0.33359375 0.04375 0.0515625
1 0.375 0.8578125 0.04375 0.053125
1 0.546875 0.2703125 0.05 0.0640625
1 0.11171875 0.38671875 0.0421875 0.0546875
1 0.6421875 0.66640625 0.04375 0.059375
1 0.34765625 0.0921875 0.04375 0.0515625
1 0.57421875 0.5984375 0.04375 0.046875
1 0.934375 0.2265625 0.0375 0.046875
1 0.75390625 0.93125 0.046875 0.05
1 0.34921875 0.63984375 0.04375 0.0515625
1 0.98828125 0.609375 0.0234375 0.05
1 0.7125 0.18984375 0.04375 0.0625
1 0.46796875 0.38125 0.0515625 0.065625
1 0.26796875 0.17890625 0.0453125 0.05625
1 0.4578125 0.1828125 0.0453125 0.0546875
1 0.9765625 0.48203125 0.04375 0.0578125
1 0.88203125 0.18125 0.040625 0.040625
1 0.4859375 0.65859375 0.04375 0.0546875
1 0.02109375 0.34140625 0.0421875 0.0578125
1 0.68515625 0.865625 0.0453125 0.05625
1 0.34140625 0.77109375 0.046875 0.05
1 0.13984375 0.13125 0.0390625 0.046875
1 0.225 0.0625 0.0359375 0.04375
1 0.41328125 0.24375 0.0390625 0.040625
1 0.60625 0.49453125 0.0421875 0.0515625
1 0.40703125 0.75703125 0.0390625 0.046875
1 0.6484375 0.246875 0.04375 0.05625
1 0.565625 0.40625 0.053125 0.065625
1 0.14140625 0.76796875 0.040625 0.05625
1 0.83203125 0.50546875 0.0421875 0.0515625
1 0.021875 0.94296875 0.0421875 0.05625
1 0.35390625 0.53828125 0.0421875 0.05
1 0.55703125 0.68671875 0.040625 0.053125
1 0.4078125 0.64140625 0.0359375 0.0421875
1 0.74921875 0.53125 0.040625 0.05625
1 0.5734375 0.87109375 0.04375 0.0578125
1 0.2203125 0.79140625 0.0390625 0.0484375
1 0.5296875 0.57265625 0.0421875 0.053125
1 0.8390625 0.8234375 0.0421875 0.0578125
1 0.98046875 0.05625 0.0390625 0.046875
1 0.70859375 0.37109375 0.0453125 0.05625
1 0.19375 0.40390625 0.0421875 0.046875
1 0.78984375 0.6703125 0.0359375 0.046875
1 0.90390625 0.75546875 0.0375 0.04375
1 0.85078125 0.5765625 0.040625 0.0421875
1 0.9453125 0.80859375 0.034375 0.04375
1 0.09765625 0.1453125 0.0359375 0.04375
1 0.46015625 0.0171875 0.04375 0.034375
1 0.15625 0.33671875 0.04375 0.05
1 0.08828125 0.2140625 0.0375 0.04375
1 0.10546875 0.034375 0.034375 0.0453125
1 0.7671875 0.4484375 0.0390625 0.0421875
1 0.9625 0.3796875 0.0296875 0.0375
1 0.06484375 0.52734375 0.0375 0.059375
1 0.27734375 0.015625 0.0453125 0.03125
1 0.80390625 0.01640625 0.0421875 0.0328125
1 0.0125 0.49296875 0.025 0.0484375
1 0.1665625 0.20440624999999998 0.04221875000000001 0.04592187499999998
1 0.20371875 0.22149999999999997 0.04142187499999998 0.05006250000000001
1 0.272109375 0.32018749999999996 0.0555625 0.05217187499999998
1 0.258265625 0.36707812500000003 0.048046875 0.055374999999999994
1 0.31525 0.69996875 0.04545312499999996 0.05407812500000002
1 0.276203125 0.7144999999999999 0.04731250000000005 0.05181249999999995
1 0.6890468750000001 0.9750624999999999 0.044921875 0.04985937500000013
1 0.644953125 0.9798125000000001 0.03806250000000002 0.04037499999999987
1 0.945171875 0.631453125 0.03706250000000004 0.039750000000000084
1 0.9419375000000001 0.597640625 0.03592187500000001 0.03404687499999994
1 0.9038281250000001 0.873109375 0.04448437500000004 0.04562500000000007
1 0.91790625 0.9103749999999999 0.040328124999999916 0.04656249999999993
1 0.832421875 0.12989062499999998 0.04609375 0.053781250000000023
1 0.874203125 0.12381249999999999 0.04656249999999993 0.05090625000000001