1 0.18125 0.078125 0.04375 0.05625
1 0.20078125 0.67890625 0.040625 0.0515625
1 0.61015625 0.2765625 0.040625 0.0515625
1 0.46875 0.9671875 0.04375 0.05625
1 0.125 0.1328125 0.040625 0.0484375
1 0.8203125 0.9625 0.04375 0.0609375
1 0.44765625 0.6640625 0.034375 0.040625
1 0.015625 0.1609375 0.03125 0.0515625
1 0.409375 0.60625 0.0328125 0.0390625
1 0.59921875 0.49140625 0.0359375 0.053125
1 0.78671875 0.5609375 0.040625 0.0515625
1 0.8375 0.328125 0.04375 0.0578125
1 0.31640625 0.76484375 0.0453125 0.059375
1 0.3640625 0.39140625 0.0375 0.0484375
1 0.88828125 0.9375 0.0421875 0.0578125
1 0.4265625 0.88125 0.0421875 0.05625
1 0.6203125 0.87578125 0.0390625 0.05
1 0.06796875 0.4265625 0.0328125 0.040625
1 0.15546875 0.22734375 0.028125 0.034375
1 0.23984375 0.6015625 0.04375 0.05625
1 0.11171875 0.05390625 0.0453125 0.0546875
1 0.98671875 0.775 0.0265625 0.0515625
1 0.25625 0.82578125 0.0390625 0.05
1 0.2703125 0.31640625 0.0328125 0.0421875
1 0.11953125 0.23515625 0.0328125 0.0390625
1 0.08671875 0.36015625 0.034375 0.040625
1 0.84453125 0.53125 0.0296875 0.0359375
1 0.6609375 0.3875 0.0359375 0.046875
1 0.21796875 0.896875 0.0390625 0.05
1 0.25546875 0.40546875 0.028125 0.0390625
1 0.609375 0.74296875 0.034375 0.04375
1 0.38203125 0.1421875 0.03125 0.0390625
1 0.84921875 0.72734375 0.0421875 0.0625
1 0.37578125 0.01796875 0.0390625 0.0359375
1 0.69140625 0.56328125 0.0328125 0.0421875
1 0.28125 0.19765625 0.034375 0.040625
1 0.7671875 0.8609375 0.040625 0.0546875
1 0.97109375 0.05703125 0.0421875 0.053125
1 0.29296875 0.68046875 0.0359375 0.0453125
1 0.86640625 0.4671875 0.03125 0.0390625
1 0.7921875 0.1578125 0.0359375 0.046875
1 0.49140625 0.703125 0.0296875 0.040625
1 0.5625 0.33125 0.028125 0.034375
1 0.52421875 0.38515625 0.0328125 0.0390625
1 0.5578125 0.653125 0.03125 0.040625
1 0.9078125 0.6625 0.0390625 0.05
1 0.58203125 0.61640625 0.0328125 0.0359375
1 0.04765625 0.5578125 0.0484375 0.0515625
1 0.7296875 0.97890625 0.040625 0.0421875
1 0.784375 0.4453125 0.046875 0.0625
1 0.98203125 0.475 0.0359375 0.0484375
1 0.9828125 0.90625 0.0328125 0.0421875
1 0.271875 0.25703125 0.0390625 0.0453125
1 0.3390625 0.0671875 0.0421875 0.046875
1 0.66875 0.6625 0.046875 0.0515625
1 0.34453125 0.82421875 0.0359375 0.046875
1 0.396875 0.825 0.04375 0.05
1 0.32578125 0.92421875 0.04375 0.0515625
1 0.24140625 0.73203125 0.0390625 0.0453125
1 0.68984375 0.9203125 0.0359375 0.04375
1 0.58515625 0.009375 0.025 0.01875
1 0.201625 0.159921875 0.04253124999999998 0.04201562499999998
1 0.23479687500000002 0.13773437500000002 0.04106250000000004 0.04870312500000003
1 0.037750000000000006 0.303859375 0.032156250000000004 0.036843749999999974
1 0.129078125 0.303921875 0.04315625000000001 0.04196875000000002
1 0.063609375 0.31553125 0.042578125 0.041984375000000004
1 0.013140625 0.396765625 0.02628125 0.04110937499999996
1 0.013359375000000001 0.4765 0.026703124999999994 0.04407812500000006
1 0.015453125000000002 0.522359375 0.030890624999999994 0.039453125
1 0.034828125 0.39254687499999996 0.04070312499999999 0.03531249999999999
1 0.09323437500000001 0.490640625 0.040281250000000005 0.04093750000000007
1 0.0738125 0.7306250000000001 0.043953124999999996 0.043234374999999936
1 0.042671875 0.70990625 0.040296874999999996 0.048453124999999986
1 0.33809374999999997 0.685046875 0.03353124999999997 0.03640624999999993
1 0.3581875 0.6949375 0.030734375000000026 0.03467187500000009
1 0.373375 0.73565625 0.03939062499999997 0.03465624999999992
1 0.370125 0.779625 0.03995312499999999 0.03651562500000001
1 0.498171875 0.620921875 0.03132812499999993 0.03834374999999994
1 0.475265625 0.593046875 0.030140624999999942 0.03671875
1 0.3325 0.147171875 0.035531250000000014 0.038234375
1 0.345125 0.17409375 0.04045312499999998 0.04540625
1 0.624609375 0.14320312500000001 0.03479687499999997 0.035374999999999976
1 0.537875 0.259765625 0.035843750000000084 0.039203124999999964
1 0.53803125 0.293734375 0.03232812500000008 0.03189062500000004
1 0.72128125 0.345953125 0.03129687499999996 0.033984375
1 0.744328125 0.372421875 0.033203125 0.034812500000000045
1 0.711609375 0.22570312499999998 0.040359375000000065 0.046531249999999955
1 0.726140625 0.197 0.04642187500000006 0.041953124999999994
1 0.6051875 0.172015625 0.03882812500000003 0.035296875000000005
1 0.5264375 0.09017187500000001 0.025 0.026421875000000004
1 0.518578125 0.065140625 0.024874999999999935 0.028968749999999988
1 0.9276406250000001 0.48392187499999995 0.03862500000000004 0.035374999999999976
1 0.915203125 0.5125 0.036156250000000154 0.03896875000000009