0 0.4609375 0.56640625 0.0703125 0.0953125
0 0.1765625 0.0578125 0.053125 0.103125
1 0.3609375 0.50078125 0.0375 0.046875
1 0.234375 0.409375 0.0390625 0.046875
1 0.88984375 0.51953125 0.0390625 0.04375
1 0.49609375 0.89609375 0.0375 0.0375
1 0.4328125 0.425 0.040625 0.0484375
1 0.33046875 0.29921875 0.040625 0.05
1 0.934375 0.31484375 0.0375 0.04375
1 0.559375 0.46796875 0.034375 0.0421875
1 0.65546875 0.55859375 0.0421875 0.0515625
1 0.10078125 0.59765625 0.0359375 0.046875
0 0.77890625 0.7828125 0.0578125 0.0640625
0 0.1390625 0.8625 0.0671875 0.0609375
1 0.18359375 0.6203125 0.0390625 0.0546875
1 0.1671875 0.525 0.0390625 0.0515625
1 0.225 0.20234375 0.0390625 0.046875
0 0.63046875 0.23984375 0.05 0.0703125
1 0.309375 0.5453125 0.0328125 0.0390625
1 0.03515625 0.46171875 0.034375 0.0421875
1 0.278125 0.14453125 0.0421875 0.05
1 0.521875 0.28515625 0.040625 0.053125
1 0.8234375 0.51640625 0.0375 0.040625
1 0.08046875 0.290625 0.0421875 0.053125
1 0.759375 0.953125 0.0390625 0.0421875
1 0.2015625 0.14140625 0.040625 0.0453125
1 0.4390625 0.19296875 0.040625 0.0453125
1 0.23359375 0.97890625 0.0390625 0.0421875
1 0.1078125 0.0796875 0.0375 0.0484375
1 0.7484375 0.58203125 0.034375 0.046875
1 0.69453125 0.16484375 0.04375 0.0484375
0 0.5703125 0.3953125 0.0546875 0.0703125
1 0.29921875 0.69296875 0.0375 0.0453125
1 0.12265625 0.39296875 0.0421875 0.05
1 0.5625 0.53984375 0.040625 0.0515625
1 0.67265625 0.3078125 0.0359375 0.0421875
0 0.0875 0.18125 0.053125 0.0984375
1 0.84453125 0.32734375 0.0390625 0.046875
0 0.475 0.8203125 0.0515625 0.046875
1 0.6765625 0.375 0.0421875 0.05
0 0.0234375 0.5375 0.046875 0.075
1 0.040625 0.94921875 0.0390625 0.0484375
1 0.69921875 0.76328125 0.034375 0.040625
1 0.62890625 0.46328125 0.0390625 0.04375
1 0.909375 0.39375 0.034375 0.0421875
1 0.8625 0.5875 0.040625 0.040625
1 0.2359375 0.653125 0.0390625 0.05
1 0.1046875 0.81171875 0.034375 0.0421875
1 0.75078125 0.209375 0.0328125 0.040625
1 0.9515625 0.2453125 0.0390625 0.0484375
1 0.93828125 0.08984375 0.0390625 0.0453125
1 0.73515625 0.1390625 0.03125 0.0375
1 0.73671875 0.715625 0.034375 0.040625
1 0.41875 0.88984375 0.0390625 0.0390625
1 0.503125 0.09140625 0.0390625 0.05
1 0.2703125 0.3140625 0.03125 0.0390625
1 0.284375 0.03984375 0.03125 0.0390625
1 0.36640625 0.60390625 0.0375 0.05
1 0.32421875 0.97890625 0.0328125 0.0375
0 0.61796875 0.1265625 0.046875 0.065625
1 0.54921875 0.84140625 0.0359375 0.04375
1 0.49453125 0.2171875 0.0359375 0.0375
1 0.9359375 0.7265625 0.034375 0.0390625
1 0.709375 0.44140625 0.03125 0.034375
1 0.19296875 0.37578125 0.0390625 0.046875
1 0.0625 0.08125 0.0390625 0.0484375
1 0.81015625 0.2984375 0.0421875 0.0484375
1 0.4375 0.3015625 0.0375 0.04375
1 0.65390625 0.42578125 0.0328125 0.0390625
1 0.7078125 0.86015625 0.04375 0.0546875
1 0.209375 0.86796875 0.0375 0.046875
1 0.1796875 0.97578125 0.0390625 0.0453125
1 0.196875 0.46875 0.0375 0.0453125
1 0.76875 0.40546875 0.034375 0.0421875
0 0.75703125 0.48203125 0.0546875 0.04375
1 0.55546875 0.96640625 0.0390625 0.0453125
1 0.765625 0.0171875 0.034375 0.034375
1 0.46171875 0.6359375 0.0328125 0.034375
1 0.0359375 0.6890625 0.0359375 0.0421875
1 0.49140625 0.371875 0.0328125 0.0390625
1 0.2375 0.4859375 0.0375 0.05
0 0.73515625 0.2828125 0.04375 0.0765625
1 0.390625 0.69375 0.0421875 0.0484375
1 0.88125 0.059375 0.0375 0.04375
1 0.50546875 0.7546875 0.0328125 0.0359375
1 0.9890625 0.24453125 0.021875 0.05
1 0.95390625 0.41953125 0.034375 0.040625
1 0.05390625 0.8890625 0.0359375 0.04375
0 0.3328125 0.39375 0.059375 0.046875
1 0.84921875 0.184375 0.0328125 0.0359375
1 0.29296875 0.64296875 0.046875 0.04375
1 0.63671875 0.803125 0.03125 0.0375
1 0.88515625 0.1890625 0.0328125 0.0390625
1 0.55859375 0.6546875 0.03125 0.0421875
0 0.1671875 0.22265625 0.0484375 0.1015625
1 0.309375 0.24140625 0.0359375 0.0421875
1 0.21796875 0.2609375 0.03125 0.0390625
1 0.54453125 0.184375 0.0421875 0.040625
1 0.52890625 0.23125 0.034375 0.0359375
0 0.8 0.10625 0.0546875 0.046875
0 0.690625 0.084375 0.0390625 0.071875
0 0.628125 0.734375 0.065625 0.0515625
1 0.1765625 0.8046875 0.040625 0.0484375
1 0.19609375 0.76328125 0.040625 0.0484375
1 0.03125 0.6265625 0.040625 0.053125
1 0.690625 0.509375 0.040625 0.04375
1 0.68046875 0.6265625 0.034375 0.0375
1 0.6828125 0.67578125 0.0328125 0.034375
0 0.92578125 0.6953125 0.0546875 0.0484375
1 0.73046875 0.90625 0.034375 0.0421875
1 0.5953125 0.965625 0.034375 0.04375
1 0.75234375 0.36171875 0.040625 0.046875
1 0.90546875 0.61328125 0.0375 0.046875
1 0.86953125 0.64296875 0.040625 0.04375
1 0.48125 0.67421875 0.034375 0.0359375
1 0.9625 0.71796875 0.034375 0.0359375
1 0.79609375 0.92109375 0.03125 0.034375
1 0.96875 0.9515625 0.034375 0.0390625
1 0.81796875 0.61171875 0.034375 0.040625
1 0.45703125 0.484375 0.040625 0.046875
1 0.4671875 0.7125 0.03125 0.0390625
1 0.834375 0.02578125 0.03125 0.0359375
0 0.325 0.88828125 0.0421875 0.065625
1 0.12265625 0.90625 0.046875 0.0484375
1 0.02734375 0.00859375 0.03125 0.0171875
1 0.01015625 0.18046875 0.0203125 0.0328125
1 0.50546875 0.98671875 0.0296875 0.0265625
1 0.42734375 0.9375 0.040625 0.0390625
1 0.009375 0.41875 0.01875 0.04375
1 0.45234375 0.0109375 0.03125 0.021875
1 0.603125 0.34140625 0.0421875 0.0390625
0 0.9890625 0.16015625 0.021875 0.0703125
1 0.9234375 0.54921875 0.0296875 0.034375
1 0.9125 0.75390625 0.0296875 0.0375
1 0.8 0.65625 0.034375 0.04375
1 0.025 0.23515625 0.0265625 0.034375
1 0.38671875 0.009375 0.0296875 0.01875
1 0.9921875 0.90078125 0.015625 0.034375
1 0.140625 0.9859375 0.034375 0.028125