1 0.3375 0.96796875 0.0390625 0.046875
0 0.82578125 0.29609375 0.0671875 0.0734375
1 0.32578125 0.53984375 0.0390625 0.04375
1 0.27890625 0.9390625 0.0390625 0.046875
0 0.04296875 0.96875 0.0671875 0.0625
0 0.10703125 0.68671875 0.05625 0.071875
0 0.40859375 0.5734375 0.0484375 0.090625
1 0.159375 0.17109375 0.0484375 0.05625
1 0.38671875 0.73359375 0.040625 0.04375
1 0.796875 0.071875 0.04375 0.04375
1 0.7453125 0.13515625 0.04375 0.0484375
0 0.6453125 0.1140625 0.0546875 0.0703125
1 0.69609375 0.7890625 0.0390625 0.0515625
1 0.1375 0.74453125 0.040625 0.046875
1 0.18671875 0.4671875 0.0515625 0.065625
1 0.76640625 0.73203125 0.040625 0.0484375
0 0.3625 0.034375 0.05625 0.06875
1 0.9109375 0.434375 0.0375 0.04375
1 0.29375 0.12109375 0.0421875 0.053125
1 0.47109375 0.871875 0.04375 0.0484375
1 0.02890625 0.11328125 0.046875 0.053125
1 0.96484375 0.3296875 0.040625 0.0484375
1 0.10078125 0.48046875 0.040625 0.0546875
1 0.14765625 0.57265625 0.040625 0.0453125
0 0.79609375 0.5671875 0.0703125 0.1203125
1 0.64140625 0.28515625 0.0421875 0.0453125
1 0.16875 0.890625 0.04375 0.046875
1 0.56640625 0.64765625 0.0375 0.05
1 0.85859375 0.6890625 0.040625 0.046875
1 0.596875 0.2234375 0.04375 0.05
1 0.32734375 0.6 0.0375 0.0484375
1 0.4375 0.6640625 0.0390625 0.053125
1 0.96875 0.55390625 0.0390625 0.046875
1 0.1328125 0.8625 0.0390625 0.04375
1 0.38515625 0.32578125 0.0453125 0.0484375
1 0.33046875 0.35703125 0.040625 0.046875
1 0.26796875 0.721875 0.040625 0.05
1 0.89765625 0.16796875 0.0421875 0.05
1 0.35859375 0.14296875 0.0390625 0.046875
1 0.353125 0.67734375 0.040625 0.05
1 0.58203125 0.34296875 0.0390625 0.04375
1 0.27265625 0.33828125 0.034375 0.040625
1 0.54921875 0.50078125 0.0421875 0.053125
1 0.68984375 0.6234375 0.05 0.059375
1 0.584375 0.77578125 0.0359375 0.04375
1 0.13828125 0.28203125 0.040625 0.046875
1 0.58984375 0.88125 0.040625 0.0484375
1 0.49375 0.03984375 0.0390625 0.0421875
1 0.784375 0.02109375 0.0390625 0.0390625
1 0.68046875 0.3578125 0.0328125 0.0375
1 0.94296875 0.67578125 0.04375 0.05
1 0.2328125 0.55625 0.0375 0.046875
1 0.22421875 0.8890625 0.0390625 0.04375
1 0.08671875 0.02265625 0.040625 0.040625
1 0.71875 0.31328125 0.040625 0.0484375
1 0.03984375 0.71640625 0.0375 0.040625
1 0.259375 0.64375 0.0375 0.04375
1 0.17890625 0.10859375 0.040625 0.0421875
0 0.1078125 0.925 0.05 0.0609375
1 0.878125 0.27890625 0.0375 0.046875
1 0.91015625 0.790625 0.0484375 0.05625
1 0.83828125 0.9015625 0.0421875 0.0453125
1 0.09765625 0.82109375 0.04375 0.04375
1 0.35078125 0.4328125 0.0375 0.046875
1 0.43515625 0.10703125 0.0390625 0.046875
0 0.31796875 0.28046875 0.053125 0.0703125
1 0.50703125 0.17734375 0.0421875 0.0515625
1 0.28515625 0.81015625 0.0390625 0.040625
1 0.2515625 0.77265625 0.040625 0.0421875
1 0.68671875 0.234375 0.0375 0.0421875
1 0.64140625 0.86484375 0.0390625 0.05
1 0.37890625 0.2203125 0.0359375 0.04375
1 0.609375 0.0265625 0.0453125 0.0515625
1 0.85859375 0.09609375 0.0421875 0.05
0 0.23828125 0.203125 0.0484375 0.0703125
1 0.90546875 0.22890625 0.0390625 0.04375
1 0.5296875 0.06640625 0.0421875 0.0453125
1 0.234375 0.01953125 0.0421875 0.0390625
1 0.0453125 0.653125 0.0421875 0.0484375
1 0.72421875 0.1890625 0.040625 0.0375
1 0.1953125 0.04765625 0.0390625 0.0390625
1 0.47265625 0.8015625 0.0390625 0.04375
1 0.975 0.621875 0.040625 0.05
1 0.79140625 0.97265625 0.040625 0.0484375
1 0.603125 0.72265625 0.0453125 0.0484375
1 0.31796875 0.4671875 0.0375 0.04375
1 0.58125 0.521875 0.034375 0.0390625
1 0.0328125 0.3640625 0.040625 0.0515625
0 0.09375 0.359375 0.0796875 0.05
1 0.0125 0.01640625 0.025 0.0328125
0 0.0234375 0.18046875 0.046875 0.0734375
1 0.953125 0.05859375 0.034375 0.04375
1 0.9890625 0.09453125 0.021875 0.05
1 0.78984375 0.15703125 0.0390625 0.034375
1 0.9859375 0.90703125 0.028125 0.0390625
1 0.49453125 0.9890625 0.0421875 0.021875
1 0.01171875 0.89296875 0.0234375 0.0390625
1 0.2 0.975 0.0359375 0.0359375
1 0.0125 0.6421875 0.025 0.053125