1 0.08125 0.075 0.0453125 0.05625
1 0.16171875 0.0546875 0.0453125 0.0546875
1 0.1078125 0.1796875 0.0375 0.046875
1 0.07421875 0.2671875 0.0390625 0.046875
1 0.11328125 0.35390625 0.040625 0.05
1 0.165625 0.259375 0.03125 0.0421875
1 0.2484375 0.478125 0.0390625 0.0484375
1 0.25859375 0.359375 0.0359375 0.0484375
1 0.2875 0.25546875 0.0390625 0.040625
1 0.38046875 0.09140625 0.0390625 0.0453125
1 0.4234375 0.1125 0.040625 0.053125
1 0.3390625 0.05078125 0.0390625 0.04375
1 0.47265625 0.15078125 0.040625 0.0453125
1 0.37890625 0.19140625 0.0546875 0.0546875
1 0.31953125 0.1609375 0.040625 0.05625
1 0.265625 0.13359375 0.0484375 0.0609375
1 0.12578125 0.5125 0.0453125 0.0625
1 0.0265625 0.64921875 0.0453125 0.0578125
1 0.08671875 0.70859375 0.04375 0.0625
1 0.19375 0.628125 0.040625 0.046875
1 0.2265625 0.67734375 0.0453125 0.0546875
1 0.278125 0.603125 0.046875 0.065625
1 0.2578125 0.7984375 0.0390625 0.0515625
1 0.20234375 0.7984375 0.0484375 0.0546875
1 0.159375 0.8296875 0.0359375 0.04375
1 0.1234375 0.86015625 0.0453125 0.0421875
1 0.15625 0.89765625 0.034375 0.04375
1 0.29765625 0.9171875 0.0515625 0.05625
1 0.24140625 0.96875 0.0390625 0.0515625
1 0.39375 0.76328125 0.0375 0.0515625
1 0.42265625 0.709375 0.040625 0.053125
1 0.38671875 0.55 0.0421875 0.0515625
1 0.40078125 0.48984375 0.04375 0.0578125
1 0.44453125 0.6015625 0.0453125 0.05
1 0.46953125 0.85625 0.0375 0.0546875
1 0.528125 0.865625 0.0421875 0.05
1 0.55703125 0.81171875 0.04375 0.0578125
1 0.49140625 0.94765625 0.0390625 0.0546875
1 0.45703125 0.3296875 0.046875 0.0515625
1 0.62578125 0.03671875 0.03125 0.0484375
1 0.69140625 0.03515625 0.03125 0.040625
1 0.4859375 0.45703125 0.04375 0.0515625
1 0.571875 0.4140625 0.034375 0.046875
1 0.62734375 0.421875 0.03125 0.046875
1 0.62109375 0.5359375 0.03125 0.040625
1 0.66796875 0.6890625 0.0421875 0.0578125
1 0.58203125 0.65859375 0.04375 0.04375
1 0.62578125 0.74921875 0.04375 0.0625
1 0.6984375 0.61875 0.0453125 0.05
1 0.7640625 0.58046875 0.0453125 0.0546875
1 0.7546875 0.67890625 0.0390625 0.0578125
1 0.82109375 0.546875 0.0359375 0.0515625
1 0.84921875 0.4140625 0.04375 0.053125
1 0.7453125 0.4 0.03125 0.0546875
1 0.765625 0.025 0.0421875 0.046875
1 0.8890625 0.0328125 0.0453125 0.0546875
1 0.96953125 0.21953125 0.0546875 0.0515625
1 0.965625 0.409375 0.0421875 0.0515625
1 0.9578125 0.49921875 0.046875 0.0453125
1 0.9078125 0.6046875 0.0390625 0.053125
1 0.86328125 0.665625 0.0359375 0.0546875
1 0.85546875 0.740625 0.04375 0.04375
1 0.88984375 0.92578125 0.04375 0.059375
1 0.90546875 0.83359375 0.04375 0.065625
1 0.715625 0.8515625 0.04375 0.05
1 0.3140625 0.53515625 0.040625 0.0578125
1 0.554109375 0.054656249999999997 0.04178125000000001 0.05057812499999999
1 0.53515625 0.01796875 0.0390625 0.0359375
1 0.77509375 0.080671875 0.034781249999999986 0.04095312499999999
1 0.8009999999999999 0.1018125 0.02937499999999993 0.04584375
1 0.866359375 0.2050625 0.0432500000000001 0.05334374999999998
1 0.83865625 0.224625 0.03715624999999996 0.04242187499999996
1 0.8449375 0.297015625 0.029343749999999957 0.03365625000000003
1 0.862640625 0.31490625 0.031109375000000127 0.029812499999999974
1 0.914765625 0.32220312500000003 0.03392187500000006 0.039156250000000004
1 0.9429375 0.31253125000000004 0.03332812499999989 0.037093750000000016
1 0.613328125 0.8912968749999999 0.04620312500000008 0.049843750000000145
1 0.6224062499999999 0.93553125 0.04171875000000007 0.048218749999999845
1 0.376375 0.37978125 0.04943749999999998 0.05851562500000003
1 0.42207812499999997 0.3711875 0.04679687500000003 0.052828125000000004
1 0.524125 0.51225 0.042953125000000016 0.05712500000000009
1 0.552296875 0.51378125 0.03909374999999997 0.051406249999999966
1 0.729375 0.5036875000000001 0.047531249999999935 0.05484375000000004
1 0.69328125 0.50915625 0.04443750000000009 0.054749999999999945