1 0.03046875 0.44921875 0.040625 0.046875
1 0.89140625 0.91171875 0.0390625 0.046875
1 0.43828125 0.5359375 0.040625 0.046875
1 0.68359375 0.8796875 0.040625 0.0421875
1 0.30078125 0.1921875 0.040625 0.0453125
1 0.64453125 0.24140625 0.0484375 0.053125
1 0.85703125 0.146875 0.040625 0.0484375
1 0.4296875 0.91015625 0.0390625 0.046875
1 0.221875 0.31015625 0.0390625 0.046875
1 0.33359375 0.7890625 0.046875 0.0578125
1 0.1015625 0.171875 0.0390625 0.0453125
1 0.21171875 0.93984375 0.040625 0.046875
1 0.36640625 0.578125 0.0390625 0.046875
1 0.159375 0.85625 0.0390625 0.05
1 0.26640625 0.659375 0.040625 0.0484375
1 0.890625 0.72421875 0.04375 0.0484375
1 0.7703125 0.08984375 0.0359375 0.0453125
1 0.4625 0.61328125 0.0375 0.0453125
1 0.62265625 0.1796875 0.0390625 0.0421875
1 0.85234375 0.41640625 0.04375 0.05625
1 0.353125 0.44921875 0.046875 0.053125
1 0.1796875 0.36796875 0.0390625 0.046875
1 0.221875 0.58203125 0.0390625 0.04375
1 0.28125 0.57265625 0.0375 0.04375
1 0.11328125 0.84765625 0.040625 0.0515625
1 0.4390625 0.4765625 0.040625 0.046875
1 0.071875 0.28828125 0.0375 0.0453125
1 0.3328125 0.13984375 0.0390625 0.0453125
1 0.72578125 0.93828125 0.0421875 0.0484375
1 0.2828125 0.94140625 0.0390625 0.0484375
1 0.1546875 0.60234375 0.0390625 0.046875
1 0.6078125 0.50625 0.0375 0.046875
1 0.496875 0.06484375 0.0390625 0.04375
1 0.6703125 0.06484375 0.0390625 0.04375
1 0.52890625 0.6265625 0.040625 0.046875
1 0.7953125 0.5265625 0.0421875 0.046875
1 0.8984375 0.146875 0.0375 0.0453125
1 0.91640625 0.48046875 0.0515625 0.059375
1 0.9546875 0.91875 0.04375 0.05
1 0.734375 0.81875 0.040625 0.0484375
1 0.0984375 0.0421875 0.0359375 0.040625
1 0.98515625 0.72890625 0.0296875 0.0484375
1 0.5140625 0.71796875 0.0390625 0.046875
1 0.63046875 0.884375 0.0390625 0.0453125
1 0.22890625 0.02265625 0.0375 0.0390625
1 0.284375 0.09609375 0.04375 0.053125
1 0.7421875 0.321875 0.0390625 0.04375
1 0.440625 0.3609375 0.0359375 0.04375
1 0.5109375 0.346875 0.0375 0.0453125
1 0.0140625 0.1171875 0.028125 0.040625
1 0.3515625 0.871875 0.0390625 0.046875
1 0.0203125 0.7875 0.040625 0.059375
1 0.45625 0.2609375 0.0328125 0.0390625
1 0.9609375 0.6671875 0.0453125 0.0515625
1 0.203125 0.75234375 0.0484375 0.05625
1 0.7671875 0.6765625 0.0390625 0.04375
1 0.5671875 0.709375 0.0390625 0.04375
1 0.75859375 0.4640625 0.04375 0.05
1 0.65546875 0.38984375 0.04375 0.0484375
1 0.72890625 0.415625 0.0390625 0.04375
1 0.5421875 0.4375 0.0375 0.0484375
1 0.5890625 0.43828125 0.0359375 0.0421875
1 0.88359375 0.56171875 0.040625 0.04375
1 0.97578125 0.07109375 0.0421875 0.0453125
1 0.1953125 0.50625 0.034375 0.0390625
1 0.325 0.5015625 0.04375 0.046875
1 0.6140625 0.6390625 0.0390625 0.04375
1 0.39375 0.6828125 0.0421875 0.053125
1 0.8171875 0.58359375 0.0453125 0.0515625
1 0.8703125 0.4796875 0.040625 0.046875
1 0.5125 0.121875 0.0390625 0.0453125
1 0.14296875 0.27265625 0.0375 0.0390625
1 0.83125 0.88984375 0.040625 0.05
1 0.10703125 0.4484375 0.034375 0.0375
1 0.015625 0.265625 0.03125 0.0453125
1 0.10625 0.98515625 0.0375 0.0296875
1 0.5203125 0.55078125 0.0375 0.046875
1 0.925 0.78359375 0.05 0.0609375
1 0.66875 0.16953125 0.04375 0.0484375
1 0.02890625 0.5359375 0.040625 0.0453125
1 0.55234375 0.86796875 0.0390625 0.040625
1 0.3359375 0.0703125 0.0375 0.040625
1 0.93359375 0.05078125 0.034375 0.046875
1 0.08515625 0.715625 0.0359375 0.05
1 0.53515625 0.7984375 0.034375 0.0515625
1 0.6609375 0.7796875 0.0390625 0.046875
1 0.5625 0.934375 0.040625 0.046875
1 0.81484375 0.9421875 0.040625 0.05
1 0.57890625 0.02578125 0.0390625 0.0453125
1 0.57578125 0.06953125 0.0421875 0.046875
1 0.39921875 0.1328125 0.0390625 0.05
1 0.4765625 0.1171875 0.0421875 0.040625
1 0.34375 0.29453125 0.0390625 0.0421875
1 0.15234375 0.07578125 0.0328125 0.04375
1 0.92109375 0.97734375 0.03125 0.0359375
1 0.1640625 0.0125 0.0421875 0.025
1 0.60078125 0.99140625 0.034375 0.0171875
1 0.54453125 0.990625 0.0390625 0.01875
1 0.009375 0.87421875 0.01875 0.053125
1 0.0078125 0.71640625 0.015625 0.053125
1 0.20993750000000003 0.16521875 0.04571874999999999 0.045734375000000015
1 0.2124375 0.11225 0.04734375000000002 0.04278124999999999
1 0.510265625 0.270796875 0.03376562500000002 0.04704687500000002
1 0.52846875 0.24071875 0.034859374999999915 0.03765625000000004
1 0.373 0.246828125 0.03387500000000001 0.03875000000000002
1 0.3455625 0.22715625 0.03556249999999998 0.03759375
1 0.25840625 0.437125 0.03432812500000004 0.03420312499999998
1 0.26646875 0.40542187500000004 0.03990625000000003 0.03196875000000001
1 0.236078125 0.501203125 0.028953125000000045 0.04379687499999996
1 0.2639375 0.508765625 0.03576562499999998 0.04829687499999995
1 0.8765625 0.310078125 0.036250000000000074 0.04456249999999997
1 0.849625 0.31448437500000004 0.03703125000000007 0.041703124999999994
1 0.7775624999999999 0.2808125 0.04253125000000004 0.043359375
1 0.769203125 0.24317187499999998 0.05129687500000006 0.04500000000000002
1 0.9744999999999999 0.55 0.040328124999999916 0.041953125000000036
1 0.9643750000000001 0.587609375 0.04489062500000003 0.04142187499999998