0 0.05 0.278125 0.06875 0.0828125
1 0.47109375 0.96875 0.0421875 0.046875
1 0.41484375 0.83515625 0.0390625 0.046875
0 0.31953125 0.346875 0.0671875 0.078125
1 0.7296875 0.975 0.040625 0.05
1 0.4296875 0.59296875 0.0359375 0.04375
1 0.178125 0.1859375 0.0375 0.0484375
1 0.66015625 0.0484375 0.04375 0.05
1 0.85390625 0.25078125 0.04375 0.05
1 0.121875 0.95859375 0.040625 0.0453125
1 0.25 0.5203125 0.0375 0.04375
1 0.86875 0.471875 0.0390625 0.046875
1 0.875 0.16015625 0.04375 0.0484375
1 0.1453125 0.7265625 0.0375 0.05
0 0.48515625 0.8140625 0.0671875 0.0796875
1 0.921875 0.4296875 0.0421875 0.0484375
1 0.25 0.5796875 0.0390625 0.046875
1 0.7640625 0.89921875 0.0390625 0.046875
1 0.259375 0.38984375 0.0390625 0.0484375
1 0.2484375 0.9765625 0.0421875 0.046875
1 0.284375 0.82578125 0.0390625 0.0484375
0 0.5609375 0.1 0.0671875 0.065625
1 0.5953125 0.24140625 0.0421875 0.046875
1 0.878125 0.103125 0.0421875 0.0453125
1 0.8234375 0.04140625 0.04375 0.046875
1 0.15 0.53125 0.040625 0.0453125
1 0.4890625 0.1421875 0.0421875 0.046875
1 0.38984375 0.68359375 0.0375 0.046875
1 0.7625 0.35703125 0.040625 0.046875
0 0.21171875 0.1046875 0.05625 0.0671875
1 0.69921875 0.115625 0.04375 0.0453125
1 0.3171875 0.6734375 0.0390625 0.0484375
1 0.38671875 0.134375 0.0421875 0.0453125
1 0.425 0.20234375 0.040625 0.0484375
1 0.65625 0.56484375 0.0390625 0.0484375
1 0.77734375 0.61328125 0.0421875 0.0515625
1 0.93203125 0.2765625 0.0359375 0.0484375
1 0.43828125 0.35703125 0.0390625 0.046875
1 0.340625 0.52109375 0.034375 0.040625
1 0.25625 0.06953125 0.0375 0.0421875
1 0.7671875 0.74921875 0.040625 0.0515625
1 0.58046875 0.565625 0.0390625 0.04375
1 0.72578125 0.665625 0.0390625 0.0421875
1 0.24765625 0.8828125 0.040625 0.046875
1 0.96953125 0.496875 0.0421875 0.0484375
1 0.35859375 0.44609375 0.0375 0.040625
1 0.66796875 0.39921875 0.040625 0.0484375
1 0.06171875 0.90703125 0.0421875 0.05
1 0.96328125 0.721875 0.0390625 0.0453125
1 0.61640625 0.46484375 0.040625 0.0453125
1 0.47734375 0.35234375 0.0359375 0.0390625
1 0.90078125 0.5671875 0.0375 0.04375
1 0.30703125 0.49140625 0.0375 0.04375
1 0.309375 0.17734375 0.0390625 0.0453125
1 0.98125 0.03515625 0.0375 0.05
1 0.5796875 0.17109375 0.040625 0.04375
1 0.5671875 0.88984375 0.0390625 0.04375
1 0.77578125 0.0609375 0.040625 0.0453125
1 0.6265625 0.93125 0.0375 0.04375
1 0.82890625 0.5765625 0.040625 0.04375
1 0.77421875 0.42890625 0.0390625 0.0484375
1 0.45546875 0.646875 0.0375 0.04375
1 0.971875 0.2125 0.0390625 0.0453125
1 0.18359375 0.90390625 0.0390625 0.046875
1 0.64375 0.62109375 0.0359375 0.04375
1 0.4703125 0.2875 0.0421875 0.046875
1 0.12265625 0.89453125 0.040625 0.046875
1 0.52265625 0.6125 0.0359375 0.046875
1 0.1296875 0.4015625 0.0375 0.04375
1 0.29765625 0.05 0.0453125 0.0484375
1 0.01875 0.3421875 0.0375 0.0453125
1 0.565625 0.375 0.0328125 0.0375
1 0.06953125 0.08203125 0.0421875 0.05
1 0.91953125 0.67421875 0.034375 0.0421875
1 0.6203125 0.14140625 0.040625 0.0453125
1 0.90390625 0.97890625 0.0359375 0.0421875
1 0.2578125 0.28828125 0.0390625 0.0453125
1 0.6640625 0.734375 0.0421875 0.0515625
1 0.578125 0.51015625 0.0359375 0.0375
0 0.59765625 0.7421875 0.04375 0.0875
1 0.94296875 0.090625 0.0390625 0.046875
1 0.98828125 0.3609375 0.0234375 0.04375
0 0.2640625 0.178125 0.046875 0.0625
0 0.84375 0.65234375 0.0390625 0.0609375
1 0.478125 0.2140625 0.0453125 0.046875
1 0.4015625 0.07421875 0.0453125 0.0484375
1 0.78515625 0.13046875 0.034375 0.0421875
1 0.77734375 0.21875 0.0390625 0.046875
1 0.7375 0.1578125 0.0421875 0.0484375
1 0.85703125 0.37734375 0.0390625 0.046875
0 0.803125 0.35234375 0.05 0.0390625
1 0.96953125 0.4453125 0.040625 0.0421875
1 0.9296875 0.8890625 0.0359375 0.0484375
1 0.721875 0.76953125 0.046875 0.0484375
1 0.20078125 0.47578125 0.0484375 0.0515625
1 0.0359375 0.74609375 0.0375 0.0421875
1 0.090625 0.71484375 0.0390625 0.046875
1 0.33671875 0.90078125 0.0421875 0.046875
1 0.2203125 0.68984375 0.040625 0.04375
1 0.22265625 0.7421875 0.0390625 0.04375
1 0.23125 0.81484375 0.046875 0.0421875
1 0.628125 0.36796875 0.0375 0.0453125
1 0.01640625 0.01328125 0.0328125 0.0265625
1 0.62109375 0.98671875 0.0421875 0.0265625
1 0.171875 0.9859375 0.0375 0.028125
1 0.0328125 0.5515625 0.0390625 0.0375