0 0.24140625 0.771875 0.04375 0.090625
0 0.07734375 0.5140625 0.0609375 0.0703125
1 0.19296875 0.1609375 0.04375 0.0484375
1 0.80703125 0.28671875 0.040625 0.0515625
1 0.7796875 0.43203125 0.040625 0.0515625
1 0.9765625 0.9171875 0.0390625 0.0515625
0 0.1015625 0.19296875 0.0671875 0.06875
1 0.59453125 0.26015625 0.040625 0.0484375
1 0.22578125 0.27421875 0.0375 0.04375
1 0.546875 0.7828125 0.0390625 0.04375
1 0.35 0.853125 0.046875 0.0625
1 0.64296875 0.15546875 0.0421875 0.0453125
1 0.65625 0.4234375 0.0390625 0.0484375
1 0.921875 0.478125 0.0390625 0.0515625
1 0.796875 0.61953125 0.0421875 0.0515625
1 0.3375 0.0859375 0.0390625 0.05
1 0.03203125 0.4640625 0.0375 0.046875
1 0.10703125 0.35 0.040625 0.0484375
1 0.45 0.36953125 0.040625 0.0515625
1 0.890625 0.6296875 0.0375 0.0515625
1 0.225 0.890625 0.0375 0.04375
1 0.55546875 0.60625 0.034375 0.040625
1 0.74921875 0.56875 0.040625 0.0546875
1 0.5953125 0.39609375 0.0359375 0.046875
1 0.6671875 0.2796875 0.0359375 0.046875
1 0.2265625 0.51640625 0.0390625 0.04375
1 0.51953125 0.18984375 0.0390625 0.0484375
1 0.59453125 0.3234375 0.0390625 0.046875
1 0.50625 0.71953125 0.0390625 0.04375
1 0.053125 0.61171875 0.0359375 0.04375
1 0.05078125 0.3640625 0.046875 0.0578125
1 0.85546875 0.08203125 0.0390625 0.0453125
1 0.44765625 0.146875 0.0421875 0.0515625
0 0.44609375 0.91171875 0.053125 0.1
1 0.3140625 0.7734375 0.0390625 0.046875
1 0.45078125 0.609375 0.0375 0.0484375
1 0.7359375 0.27578125 0.040625 0.046875
1 0.94140625 0.3 0.034375 0.04375
1 0.2796875 0.4578125 0.0375 0.04375
1 0.146875 0.975 0.0328125 0.0390625
1 0.78359375 0.16171875 0.0390625 0.0515625
1 0.84296875 0.46171875 0.040625 0.0515625
1 0.5515625 0.30234375 0.0421875 0.046875
1 0.83046875 0.79453125 0.0375 0.0484375
1 0.4703125 0.7890625 0.0359375 0.046875
1 0.0453125 0.784375 0.040625 0.0515625
1 0.34140625 0.51640625 0.0359375 0.0453125
1 0.98515625 0.2 0.0296875 0.053125
1 0.04609375 0.1265625 0.0375 0.0453125
1 0.28046875 0.69375 0.0390625 0.046875
1 0.2984375 0.94375 0.0390625 0.0484375
1 0.16796875 0.7703125 0.0359375 0.0390625
1 0.43046875 0.484375 0.0359375 0.0453125
1 0.3734375 0.27890625 0.0375 0.04375
1 0.69765625 0.89296875 0.0390625 0.0453125
1 0.61640625 0.60703125 0.040625 0.0453125
1 0.0921875 0.07265625 0.040625 0.0515625
1 0.98671875 0.696875 0.0265625 0.05625
1 0.9765625 0.31640625 0.0328125 0.040625
1 0.68203125 0.6734375 0.0375 0.0515625
1 0.78203125 0.046875 0.0375 0.0484375
1 0.3109375 0.01953125 0.034375 0.0390625
1 0.42734375 0.7375 0.0375 0.0484375
1 0.98125 0.06640625 0.0375 0.0515625
1 0.0390625 0.30390625 0.0375 0.04375
1 0.18125 0.8484375 0.0328125 0.0390625
1 0.83984375 0.89296875 0.0390625 0.053125
1 0.4890625 0.546875 0.0390625 0.05
1 0.04453125 0.97109375 0.0375 0.046875
1 0.88046875 0.40078125 0.0390625 0.0515625
1 0.89140625 0.8328125 0.0375 0.0453125
1 0.61328125 0.834375 0.04375 0.05625
1 0.51328125 0.390625 0.04375 0.046875
1 0.94296875 0.2328125 0.0390625 0.0484375
1 0.646875 0.48125 0.0359375 0.04375
1 0.49453125 0.3328125 0.040625 0.0421875
1 0.7359375 0.6640625 0.034375 0.0421875
1 0.84453125 0.70859375 0.04375 0.046875
1 0.2890625 0.17421875 0.0375 0.0453125
1 0.91875 0.69375 0.0359375 0.0453125
0 0.21796875 0.97578125 0.0703125 0.0484375
1 0.2015625 0.41640625 0.0328125 0.0375
1 0.9640625 0.55859375 0.04375 0.0515625
1 0.88203125 0.19375 0.0359375 0.0484375
1 0.871875 0.284375 0.0375 0.05
1 0.36171875 0.15078125 0.0453125 0.0546875
1 0.3421875 0.22890625 0.0453125 0.0515625
1 0.18828125 0.22890625 0.0421875 0.065625
1 0.16171875 0.29765625 0.040625 0.0484375
1 0.1453125 0.43515625 0.0375 0.0484375
0 0.4515625 0.2859375 0.0515625 0.0546875
1 0.9 0.9296875 0.05625 0.059375
1 0.121875 0.71171875 0.0359375 0.0453125
1 0.009375 0.05234375 0.01875 0.0578125
1 0.0078125 0.16328125 0.015625 0.0359375
1 0.89921875 0.015625 0.0375 0.03125
1 0.01171875 0.896875 0.0234375 0.0515625