1 0.53046875 0.02421875 0.04375 0.0484375
0 0.12265625 0.26328125 0.078125 0.0578125
0 0.06328125 0.32578125 0.08125 0.0765625
1 0.203125 0.11328125 0.0390625 0.05
1 0.9703125 0.72421875 0.0453125 0.0640625
0 0.58828125 0.9203125 0.0578125 0.0828125
1 0.34140625 0.459375 0.046875 0.059375
0 0.76875 0.9453125 0.0671875 0.0734375
0 0.6609375 0.36171875 0.0546875 0.071875
1 0.5796875 0.83125 0.0421875 0.0515625
1 0.8671875 0.9390625 0.0421875 0.053125
1 0.796875 0.75546875 0.040625 0.0484375
1 0.7234375 0.59375 0.0390625 0.05
1 0.84375 0.74609375 0.040625 0.0484375
1 0.88828125 0.6890625 0.0515625 0.059375
1 0.0875 0.44765625 0.0359375 0.04375
1 0.1765625 0.85390625 0.0375 0.053125
1 0.6578125 0.03125 0.04375 0.05625
1 0.26015625 0.25859375 0.0375 0.0484375
1 0.44609375 0.88203125 0.0421875 0.0484375
1 0.53671875 0.14765625 0.0421875 0.05
1 0.06015625 0.8796875 0.040625 0.0578125
1 0.34453125 0.97890625 0.04375 0.0421875
0 0.63203125 0.2578125 0.0515625 0.0875
1 0.6828125 0.671875 0.0421875 0.05
1 0.84609375 0.16484375 0.0421875 0.0546875
1 0.9296875 0.528125 0.0421875 0.0546875
1 0.20625 0.2609375 0.0375 0.05
1 0.16015625 0.68828125 0.0421875 0.0578125
1 0.7359375 0.11015625 0.04375 0.053125
1 0.89609375 0.19765625 0.04375 0.053125
0 0.96484375 0.9015625 0.053125 0.084375
1 0.4390625 0.0578125 0.040625 0.04375
1 0.7953125 0.65390625 0.0453125 0.05
1 0.9671875 0.0265625 0.0453125 0.053125
0 0.30703125 0.93046875 0.0546875 0.071875
1 0.33828125 0.11171875 0.040625 0.0453125
1 0.7703125 0.8328125 0.0390625 0.0453125
1 0.6375 0.46875 0.0390625 0.05
1 0.79765625 0.315625 0.0421875 0.0546875
0 0.1203125 0.040625 0.0703125 0.0671875
1 0.884375 0.78359375 0.0390625 0.0421875
1 0.5078125 0.78515625 0.0359375 0.04375
1 0.43984375 0.35546875 0.040625 0.0484375
1 0.41875 0.9484375 0.040625 0.0484375
1 0.77890625 0.25390625 0.0359375 0.04375
1 0.096875 0.68125 0.0375 0.0453125
1 0.2578125 0.43046875 0.0359375 0.05
1 0.32421875 0.7546875 0.0421875 0.0515625
1 0.81640625 0.4078125 0.0421875 0.0546875
1 0.86328125 0.37109375 0.040625 0.0546875
1 0.359375 0.878125 0.0390625 0.0453125
1 0.22734375 0.7625 0.0453125 0.05
1 0.23046875 0.975 0.0421875 0.05
1 0.13828125 0.54296875 0.04375 0.0546875
1 0.26953125 0.83046875 0.04375 0.0453125
1 0.47265625 0.2796875 0.0390625 0.046875
1 0.69375 0.12578125 0.0375 0.0484375
1 0.4203125 0.528125 0.040625 0.0484375
1 0.275 0.0515625 0.0390625 0.0484375
1 0.603125 0.046875 0.0390625 0.05
1 0.04375 0.47109375 0.0359375 0.04375
1 0.3640625 0.05078125 0.0421875 0.046875
1 0.3546875 0.22421875 0.0359375 0.053125
1 0.63046875 0.57421875 0.0421875 0.05
1 0.56171875 0.55 0.0390625 0.04375
1 0.23515625 0.90390625 0.0375 0.04375
1 0.04375 0.57890625 0.0375 0.040625
1 0.66640625 0.84296875 0.0390625 0.05
1 0.5390625 0.98046875 0.0375 0.0390625
1 0.08828125 0.78828125 0.0421875 0.053125
1 0.49140625 0.91171875 0.0328125 0.0375
1 0.49375 0.63671875 0.0359375 0.0390625
1 0.875 0.50078125 0.0390625 0.053125
1 0.915625 0.63515625 0.0421875 0.0515625
1 0.93359375 0.78359375 0.040625 0.04375
1 0.9234375 0.8375 0.0375 0.040625
1 0.70390625 0.77421875 0.0390625 0.046875
1 0.70625 0.8390625 0.0375 0.0453125
1 0.67109375 0.8984375 0.0359375 0.0375
1 0.61328125 0.6296875 0.04375 0.05
1 0.5015625 0.48125 0.040625 0.053125
1 0.35546875 0.63046875 0.04375 0.053125
1 0.41171875 0.67109375 0.0453125 0.053125
1 0.9125 0.96484375 0.0453125 0.0484375
1 0.24609375 0.0140625 0.0359375 0.028125
1 0.96015625 0.98203125 0.0359375 0.0359375
1 0.46171875 0.9875 0.034375 0.025
1 0.6 0.99140625 0.0375 0.0171875
1 0.03984375 0.97890625 0.0578125 0.0421875