0 0.525 0.3734375 0.05625 0.0921875
0 0.84453125 0.21953125 0.065625 0.103125
0 0.67265625 0.17265625 0.0640625 0.0875
1 0.91875 0.49140625 0.04375 0.053125
1 0.2265625 0.3875 0.0453125 0.046875
1 0.246875 0.56875 0.0390625 0.04375
1 0.915625 0.371875 0.0453125 0.0609375
1 0.9546875 0.4203125 0.0578125 0.06875
0 0.5828125 0.7546875 0.06875 0.0671875
0 0.91640625 0.671875 0.08125 0.0671875
1 0.94921875 0.271875 0.046875 0.05625
1 0.75 0.36640625 0.04375 0.053125
1 0.31875 0.41875 0.0484375 0.05625
1 0.85078125 0.0765625 0.0453125 0.05625
1 0.934375 0.8921875 0.0421875 0.0484375
1 0.065625 0.4859375 0.0390625 0.0515625
1 0.36640625 0.26875 0.0421875 0.0484375
1 0.434375 0.0328125 0.0421875 0.046875
0 0.5828125 0.86171875 0.0671875 0.0640625
1 0.4828125 0.2703125 0.0390625 0.0453125
1 0.7671875 0.12890625 0.0421875 0.0515625
1 0.6296875 0.703125 0.0421875 0.046875
1 0.534375 0.509375 0.0328125 0.0390625
1 0.31640625 0.08515625 0.0453125 0.046875
1 0.3109375 0.6 0.0390625 0.0515625
1 0.4546875 0.48359375 0.04375 0.05625
1 0.72734375 0.73046875 0.0359375 0.0453125
1 0.5875 0.0390625 0.0453125 0.0484375
1 0.15 0.69453125 0.0359375 0.04375
1 0.934375 0.765625 0.04375 0.0484375
1 0.2 0.32421875 0.040625 0.046875
1 0.046875 0.83828125 0.034375 0.040625
1 0.87578125 0.8375 0.040625 0.05
1 0.7328125 0.54375 0.046875 0.0609375
0 0.12265625 0.978125 0.0625 0.040625
1 0.41875 0.271875 0.0390625 0.04375
1 0.4765625 0.0875 0.0390625 0.046875
1 0.10859375 0.025 0.0390625 0.0484375
0 0.2484375 0.44140625 0.053125 0.0734375
1 0.01875 0.08046875 0.0375 0.04375
1 0.05390625 0.03359375 0.0375 0.0453125
1 0.5921875 0.61796875 0.0421875 0.04375
1 0.2078125 0.9328125 0.0328125 0.0375
1 0.671875 0.034375 0.04375 0.0546875
1 0.1859375 0.225 0.0375 0.0453125
1 0.5046875 0.46796875 0.034375 0.040625
1 0.41171875 0.690625 0.0328125 0.0359375
1 0.28125 0.796875 0.0359375 0.0453125
0 0.10625 0.84921875 0.0640625 0.0515625
1 0.44140625 0.19453125 0.0390625 0.0484375
1 0.80859375 0.83984375 0.0375 0.0453125
1 0.36015625 0.6671875 0.0375 0.04375
1 0.6625 0.2859375 0.0390625 0.046875
0 0.059375 0.3859375 0.0578125 0.08125
1 0.44765625 0.38515625 0.0375 0.046875
1 0.46328125 0.61015625 0.034375 0.0421875
1 0.653125 0.9734375 0.0421875 0.0484375
1 0.6015625 0.5640625 0.040625 0.0484375
1 0.26875 0.16171875 0.040625 0.04375
1 0.8140625 0.9203125 0.0359375 0.04375
1 0.0984375 0.17734375 0.0390625 0.0453125
1 0.5203125 0.65859375 0.034375 0.0390625
1 0.2359375 0.66328125 0.0375 0.046875
1 0.125 0.59296875 0.040625 0.04375
1 0.91875 0.5828125 0.040625 0.046875
1 0.771875 0.42578125 0.04375 0.04375
1 0.0484375 0.934375 0.0359375 0.0421875
1 0.56015625 0.31328125 0.034375 0.0390625
1 0.07890625 0.68359375 0.0375 0.040625
1 0.3890625 0.35625 0.040625 0.04375
1 0.7171875 0.61640625 0.0359375 0.0421875
1 0.03671875 0.5984375 0.0390625 0.04375
1 0.196875 0.13203125 0.0421875 0.040625
1 0.75 0.8046875 0.04375 0.05
1 0.36796875 0.20703125 0.0484375 0.0484375
1 0.7640625 0.890625 0.0359375 0.040625
1 0.23046875 0.0375 0.0359375 0.0375
1 0.33203125 0.021875 0.0421875 0.04375
1 0.3359375 0.9703125 0.0390625 0.046875
1 0.16875 0.49375 0.0375 0.040625
1 0.53828125 0.92109375 0.0390625 0.046875
0 0.67109375 0.52421875 0.0515625 0.065625
1 0.97890625 0.53671875 0.0421875 0.0578125
1 0.85703125 0.5265625 0.04375 0.0515625
1 0.30703125 0.225 0.0375 0.040625
1 0.80703125 0.67734375 0.04375 0.05
1 0.58359375 0.2203125 0.034375 0.0375
1 0.42890625 0.33203125 0.0375 0.040625
1 0.278125 0.33125 0.04375 0.059375
1 0.278125 0.86640625 0.0421875 0.0484375
1 0.4453125 0.88984375 0.0328125 0.0453125
1 0.7234375 0.115625 0.0421875 0.053125
1 0.590625 0.10703125 0.046875 0.053125
1 0.38671875 0.1265625 0.040625 0.0484375
1 0.57421875 0.41015625 0.0359375 0.040625
1 0.90546875 0.10625 0.040625 0.053125
1 0.75703125 0.19375 0.0390625 0.04375
1 0.98671875 0.6296875 0.0265625 0.04375
1 0.99140625 0.79453125 0.0171875 0.0484375
1 0.95703125 0.98203125 0.0421875 0.0359375
1 0.21171875 0.98828125 0.034375 0.0234375
1 0.01015625 0.9203125 0.0203125 0.0484375
1 0.01328125 0.26796875 0.0265625 0.0578125