1 0.5125 0.165625 0.0390625 0.05
1 0.43125 0.353125 0.0390625 0.053125
1 0.378125 0.325 0.0390625 0.053125
0 0.5078125 0.61796875 0.046875 0.0859375
1 0.0421875 0.615625 0.0421875 0.0515625
1 0.8390625 0.27578125 0.040625 0.0484375
1 0.33046875 0.56328125 0.0390625 0.0515625
1 0.70078125 0.040625 0.040625 0.0484375
1 0.48984375 0.5390625 0.040625 0.0515625
1 0.784375 0.2328125 0.0390625 0.0484375
1 0.3109375 0.49921875 0.0390625 0.0515625
1 0.765625 0.5390625 0.0390625 0.046875
1 0.359375 0.83203125 0.0375 0.0453125
1 0.36328125 0.0875 0.0390625 0.0484375
1 0.7890625 0.87734375 0.034375 0.040625
1 0.7953125 0.5890625 0.0390625 0.05
1 0.02890625 0.95859375 0.0453125 0.053125
1 0.27890625 0.7640625 0.0375 0.05
1 0.8140625 0.41640625 0.040625 0.053125
1 0.22734375 0.21796875 0.040625 0.053125
1 0.16953125 0.67109375 0.0421875 0.0546875
1 0.72421875 0.1171875 0.040625 0.0484375
1 0.225 0.87734375 0.0421875 0.0515625
1 0.77421875 0.94375 0.0375 0.0453125
1 0.12109375 0.0953125 0.040625 0.0515625
1 0.44296875 0.065625 0.0421875 0.0515625
1 0.78984375 0.81484375 0.0328125 0.040625
1 0.23984375 0.1515625 0.0421875 0.053125
1 0.53671875 0.0640625 0.0390625 0.0515625
1 0.64140625 0.4953125 0.0421875 0.053125
1 0.91796875 0.39921875 0.034375 0.0390625
0 0.08203125 0.20078125 0.0734375 0.059375
0 0.02890625 0.8265625 0.0578125 0.071875
1 0.5734375 0.85625 0.0421875 0.0484375
1 0.6296875 0.19765625 0.0390625 0.0515625
1 0.24765625 0.6578125 0.0375 0.0453125
1 0.42578125 0.25703125 0.040625 0.05
1 0.34921875 0.0203125 0.0421875 0.040625
1 0.06796875 0.7671875 0.04375 0.053125
1 0.64140625 0.91484375 0.034375 0.0421875
1 0.5921875 0.59296875 0.040625 0.0515625
1 0.69375 0.88515625 0.0328125 0.040625
1 0.965625 0.440625 0.0375 0.040625
1 0.44765625 0.86171875 0.040625 0.0546875
1 0.54375 0.46484375 0.0453125 0.0578125
1 0.69453125 0.53359375 0.0390625 0.0515625
1 0.1484375 0.409375 0.0421875 0.05
1 0.03359375 0.534375 0.040625 0.05
1 0.9203125 0.07265625 0.0328125 0.040625
1 0.58046875 0.28359375 0.0375 0.040625
1 0.42421875 0.765625 0.034375 0.0421875
1 0.109375 0.5453125 0.040625 0.0546875
1 0.10703125 0.64609375 0.0453125 0.053125
0 0.3625 0.1984375 0.05625 0.103125
1 0.8484375 0.04296875 0.0359375 0.0421875
1 0.54296875 0.3515625 0.0359375 0.0453125
1 0.846875 0.1015625 0.0359375 0.0421875
0 0.4859375 0.7234375 0.0765625 0.059375
1 0.79375 0.70390625 0.0359375 0.0421875
1 0.6328125 0.63984375 0.0328125 0.0390625
1 0.52578125 0.80859375 0.04375 0.0546875
1 0.94296875 0.76640625 0.03125 0.0390625
1 0.9078125 0.98125 0.0359375 0.0375
1 0.97890625 0.0703125 0.034375 0.040625
1 0.23046875 0.44453125 0.0328125 0.0421875
1 0.61953125 0.325 0.0359375 0.0484375
1 0.7328125 0.59921875 0.0390625 0.04375
1 0.21484375 0.334375 0.034375 0.040625
1 0.76171875 0.6453125 0.03125 0.0359375
1 0.87265625 0.30859375 0.034375 0.040625
1 0.71796875 0.9734375 0.034375 0.0390625
1 0.61015625 0.71875 0.0359375 0.04375
1 0.08515625 0.896875 0.0390625 0.0484375
1 0.328125 0.68984375 0.0390625 0.0453125
1 0.04296875 0.1390625 0.0359375 0.0453125
1 0.30078125 0.384375 0.0390625 0.046875
1 0.8578125 0.3734375 0.0328125 0.0390625
1 0.7 0.2859375 0.0359375 0.046875
1 0.83828125 0.54921875 0.0359375 0.046875
1 0.9546875 0.721875 0.0390625 0.046875
1 0.30390625 0.4328125 0.0390625 0.0484375
0 0.44140625 0.15625 0.053125 0.0671875
1 0.509375 0.41796875 0.0375 0.0453125
1 0.21171875 0.11796875 0.0375 0.046875
1 0.34375 0.7328125 0.0390625 0.0453125
1 0.28125 0.27890625 0.0390625 0.0484375
0 0.9546875 0.16484375 0.0671875 0.0828125
1 0.14921875 0.1875 0.0390625 0.053125
1 0.0390625 0.68671875 0.04375 0.05625
1 0.284375 0.3234375 0.0375 0.04375
1 0.23515625 0.39375 0.0375 0.040625
1 0.20625 0.71015625 0.046875 0.05
1 0.2859375 0.89296875 0.0390625 0.0546875
1 0.70078125 0.75234375 0.0328125 0.0359375
1 0.56953125 0.7 0.0359375 0.046875
1 0.525 0.98984375 0.0265625 0.0203125