0 0.975 0.66875 0.05 0.0890625
1 0.975 0.90859375 0.0421875 0.05625
1 0.5546875 0.4140625 0.0421875 0.053125
1 0.92890625 0.63125 0.0390625 0.046875
1 0.40234375 0.97265625 0.0390625 0.0546875
0 0.328125 0.921875 0.084375 0.059375
1 0.93125 0.4015625 0.040625 0.046875
1 0.83046875 0.60234375 0.0421875 0.046875
1 0.07734375 0.8578125 0.040625 0.0515625
1 0.26328125 0.97421875 0.0421875 0.0515625
1 0.21875 0.70234375 0.05 0.0625
0 0.340625 0.28359375 0.0515625 0.1
1 0.16796875 0.8453125 0.0421875 0.0484375
1 0.77890625 0.92109375 0.0421875 0.05
1 0.41640625 0.24296875 0.0421875 0.0546875
1 0.8140625 0.2875 0.040625 0.05
1 0.26484375 0.1828125 0.0390625 0.05
1 0.15234375 0.08125 0.040625 0.05
0 0.165625 0.26796875 0.0671875 0.0484375
1 0.83125 0.02265625 0.040625 0.0453125
1 0.50625 0.346875 0.0421875 0.0546875
1 0.69765625 0.04453125 0.0453125 0.0515625
1 0.09375 0.69609375 0.04375 0.059375
1 0.90625 0.8078125 0.05 0.065625
0 0.55546875 0.75859375 0.0546875 0.0984375
1 0.97421875 0.36953125 0.0421875 0.046875
1 0.83046875 0.2046875 0.046875 0.0578125
1 0.86015625 0.975 0.0421875 0.05
1 0.65390625 0.56484375 0.0421875 0.05625
1 0.35859375 0.72890625 0.0421875 0.05
1 0.66953125 0.296875 0.04375 0.05625
0 0.11171875 0.0265625 0.0578125 0.053125
1 0.015625 0.7609375 0.03125 0.0515625
1 0.40859375 0.15625 0.0421875 0.0484375
1 0.78515625 0.0765625 0.040625 0.05
1 0.928125 0.13203125 0.04375 0.053125
1 0.78125 0.64609375 0.040625 0.0515625
1 0.1234375 0.8953125 0.04375 0.0484375
1 0.67734375 0.93359375 0.040625 0.053125
1 0.3296875 0.62421875 0.0421875 0.0515625
1 0.26875 0.5046875 0.0453125 0.0578125
1 0.7328125 0.696875 0.040625 0.0515625
1 0.25390625 0.6046875 0.04375 0.05625
1 0.74296875 0.3703125 0.0390625 0.046875
1 0.48515625 0.903125 0.0390625 0.0515625
1 0.62734375 0.09765625 0.0421875 0.05
1 0.24609375 0.38515625 0.0421875 0.0546875
1 0.3890625 0.41171875 0.0421875 0.05
0 0.778125 0.5203125 0.0609375 0.109375
1 0.44453125 0.51484375 0.0484375 0.0453125
1 0.64921875 0.68359375 0.0390625 0.053125
1 0.92421875 0.1953125 0.040625 0.0484375
1 0.6984375 0.77265625 0.0390625 0.046875
1 0.9 0.346875 0.040625 0.0453125
1 0.56484375 0.965625 0.0390625 0.046875
1 0.95703125 0.5140625 0.040625 0.0484375
1 0.98203125 0.4625 0.0359375 0.0390625
1 0.334375 0.12734375 0.04375 0.0484375
1 0.940625 0.7265625 0.0421875 0.05
1 0.921875 0.978125 0.0421875 0.04375
1 0.1671875 0.37578125 0.0453125 0.053125
1 0.53359375 0.61796875 0.040625 0.0484375
1 0.19609375 0.14453125 0.0328125 0.040625
1 0.43515625 0.73671875 0.0375 0.040625
1 0.025 0.884375 0.040625 0.0546875
1 0.35 0.80703125 0.0421875 0.0453125
0 0.06484375 0.29921875 0.059375 0.0515625
1 0.7375 0.075 0.0359375 0.0421875
1 0.78671875 0.8359375 0.04375 0.0484375
1 0.26328125 0.32421875 0.034375 0.0390625
1 0.4140625 0.86171875 0.04375 0.053125
0 0.69296875 0.8546875 0.0703125 0.0578125
1 0.07265625 0.46875 0.04375 0.053125
0 0.61015625 0.78203125 0.053125 0.0921875
1 0.5625 0.28828125 0.0421875 0.05
1 0.21328125 0.05625 0.0390625 0.04375
1 0.58203125 0.06328125 0.040625 0.046875
1 0.95859375 0.8296875 0.0390625 0.05
0 0.76171875 0.30390625 0.059375 0.0875
1 0.65703125 0.34765625 0.0390625 0.0453125
1 0.05 0.51875 0.040625 0.0453125
1 0.08046875 0.54921875 0.0390625 0.05
1 0.4875 0.59921875 0.040625 0.0484375
1 0.865625 0.721875 0.0359375 0.046875
1 0.92421875 0.4765625 0.040625 0.05
1 0.3859375 0.015625 0.04375 0.03125
1 0.99140625 0.275 0.0171875 0.04375
1 0.96875 0.98984375 0.0359375 0.0203125
1 0.0109375 0.83125 0.021875 0.046875
1 0.01328125 0.59140625 0.0265625 0.0515625
1 0.01171875 0.64609375 0.0234375 0.0484375
1 0.01484375 0.315625 0.0296875 0.05625
1 0.9828125 0.12265625 0.034375 0.05
1 0.98828125 0.18125 0.0234375 0.05
1 0.03203125 0.03359375 0.0359375 0.0375
1 0.2828125 0.075 0.04375 0.040625