0 0.84609375 0.16484375 0.0625 0.071875
0 0.75625 0.153125 0.0546875 0.1015625
0 0.85234375 0.6671875 0.0578125 0.075
0 0.603125 0.671875 0.0546875 0.0796875
0 0.37578125 0.93984375 0.053125 0.0578125
0 0.64921875 0.83046875 0.059375 0.053125
0 0.02265625 0.0578125 0.0453125 0.096875
1 0.1109375 0.04375 0.0515625 0.0546875
1 0.190625 0.1546875 0.0453125 0.04375
1 0.0609375 0.234375 0.0421875 0.053125
1 0.078125 0.334375 0.04375 0.053125
1 0.0296875 0.41015625 0.046875 0.0578125
1 0.02109375 0.4734375 0.0421875 0.06875
1 0.1375 0.490625 0.04375 0.0484375
1 0.03359375 0.546875 0.046875 0.0453125
1 0.10625 0.72421875 0.0421875 0.0578125
1 0.01953125 0.7 0.0390625 0.046875
0 0.0296875 0.85703125 0.059375 0.0828125
1 0.10859375 0.85546875 0.04375 0.05
1 0.1265625 0.91484375 0.0484375 0.05625
1 0.08359375 0.96796875 0.0453125 0.0515625
1 0.19296875 0.8859375 0.046875 0.05625
1 0.19765625 0.97421875 0.0484375 0.0484375
1 0.30625 0.84921875 0.0515625 0.05
1 0.2359375 0.85234375 0.0484375 0.0546875
1 0.240625 0.91484375 0.0390625 0.04375
1 0.453125 0.825 0.0484375 0.046875
1 0.4890625 0.93515625 0.0515625 0.0515625
1 0.45625 0.96484375 0.0453125 0.0546875
1 0.3984375 0.74765625 0.04375 0.0484375
1 0.40234375 0.67109375 0.0484375 0.0515625
1 0.4515625 0.64453125 0.046875 0.0578125
1 0.34140625 0.57890625 0.0515625 0.065625
1 0.3140625 0.6625 0.0390625 0.046875
1 0.4296875 0.45 0.053125 0.0609375
0 0.36875 0.4921875 0.0671875 0.1171875
1 0.1921875 0.59921875 0.04375 0.0484375
1 0.23984375 0.4984375 0.0484375 0.0515625
1 0.15859375 0.375 0.0453125 0.05625
1 0.2140625 0.3828125 0.0484375 0.06875
1 0.2953125 0.25390625 0.0375 0.046875
1 0.340625 0.24375 0.046875 0.0515625
1 0.365625 0.184375 0.05 0.0578125
1 0.28359375 0.12109375 0.04375 0.053125
1 0.353125 0.05078125 0.0484375 0.053125
1 0.47421875 0.12734375 0.0421875 0.0484375
1 0.47421875 0.3296875 0.0390625 0.04375
1 0.471875 0.51328125 0.0453125 0.0546875
1 0.61875 0.5703125 0.0421875 0.053125
1 0.6328125 0.46015625 0.040625 0.0625
1 0.66796875 0.4515625 0.0390625 0.065625
1 0.80390625 0.4171875 0.046875 0.0578125
1 0.84765625 0.359375 0.040625 0.05625
1 0.75078125 0.30859375 0.04375 0.0671875
1 0.6859375 0.215625 0.0484375 0.0515625
1 0.66171875 0.14765625 0.046875 0.0546875
1 0.85078125 0.0578125 0.0453125 0.059375
1 0.91328125 0.2203125 0.0421875 0.0546875
1 0.8984375 0.4875 0.0453125 0.05
1 0.83984375 0.5859375 0.0453125 0.046875
1 0.9015625 0.74296875 0.0484375 0.0578125
1 0.94453125 0.80859375 0.046875 0.0546875
1 0.96875 0.92109375 0.040625 0.0546875
1 0.6734375 0.771875 0.04375 0.053125
1 0.7296875 0.75859375 0.0421875 0.0546875
1 0.71640625 0.87109375 0.040625 0.0515625
1 0.59296875 0.7546875 0.0421875 0.053125
1 0.621875 0.93671875 0.034375 0.0453125
1 0.5359375 0.8375 0.0453125 0.0515625
1 0.81015625 0.2046875 0.040625 0.0453125