1 0.44375 0.88125 0.040625 0.046875
1 0.62890625 0.3421875 0.0390625 0.0515625
1 0.21796875 0.26171875 0.034375 0.0390625
1 0.38203125 0.26875 0.0390625 0.046875
1 0.76640625 0.7859375 0.04375 0.053125
1 0.21953125 0.33359375 0.0421875 0.0515625
1 0.27890625 0.11640625 0.0390625 0.05
1 0.1859375 0.275 0.0328125 0.0390625
1 0.81015625 0.46484375 0.040625 0.0484375
1 0.1109375 0.384375 0.0359375 0.046875
1 0.56015625 0.38671875 0.0375 0.046875
1 0.915625 0.0546875 0.04375 0.05
1 0.26796875 0.9421875 0.0453125 0.053125
1 0.4828125 0.62578125 0.0375 0.05
1 0.059375 0.8515625 0.0390625 0.04375
1 0.8078125 0.38359375 0.0421875 0.0515625
1 0.653125 0.59609375 0.0390625 0.0515625
1 0.2796875 0.62265625 0.0390625 0.04375
1 0.47265625 0.75234375 0.0390625 0.046875
1 0.94375 0.71953125 0.0390625 0.0515625
1 0.0609375 0.70546875 0.0375 0.04375
1 0.36953125 0.9390625 0.0359375 0.04375
1 0.6296875 0.05078125 0.0359375 0.04375
1 0.384375 0.0390625 0.0328125 0.0359375
1 0.43515625 0.34609375 0.0375 0.0484375
1 0.6875 0.3859375 0.0375 0.0453125
1 0.5265625 0.765625 0.0359375 0.0453125
1 0.30078125 0.23359375 0.0453125 0.053125
1 0.16875 0.0375 0.040625 0.05625
1 0.40546875 0.49765625 0.0359375 0.0421875
1 0.71328125 0.25703125 0.0359375 0.0390625
1 0.484375 0.20234375 0.0390625 0.0484375
1 0.21640625 0.94453125 0.040625 0.0546875
1 0.37109375 0.69296875 0.03125 0.0390625
1 0.765625 0.8515625 0.0453125 0.05
1 0.28984375 0.71875 0.0375 0.046875
1 0.93359375 0.503125 0.0390625 0.053125
1 0.90546875 0.12109375 0.04375 0.05
1 0.446875 0.225 0.0421875 0.05
1 0.56484375 0.709375 0.03125 0.0453125
1 0.89140625 0.721875 0.0359375 0.05
1 0.75546875 0.1359375 0.0390625 0.0484375
1 0.76171875 0.92421875 0.0390625 0.0453125
1 0.70703125 0.54609375 0.0390625 0.05
1 0.40859375 0.78203125 0.034375 0.04375
1 0.5359375 0.6109375 0.03125 0.0453125
1 0.08828125 0.47734375 0.0375 0.040625
1 0.81484375 0.84609375 0.0421875 0.05
1 0.290625 0.025 0.040625 0.046875
1 0.06484375 0.14765625 0.0375 0.0453125
1 0.03671875 0.48671875 0.0328125 0.0359375
1 0.515625 0.68203125 0.03125 0.0390625
1 0.0140625 0.25703125 0.028125 0.040625
1 0.9578125 0.19609375 0.0359375 0.046875
1 0.04140625 0.6515625 0.034375 0.0390625
1 0.5421875 0.8890625 0.0359375 0.04375
1 0.66796875 0.09453125 0.0390625 0.04375
1 0.71875 0.16875 0.0359375 0.040625
1 0.840625 0.10625 0.04375 0.05
1 0.59765625 0.71875 0.0328125 0.0421875
1 0.21953125 0.6125 0.0359375 0.040625
1 0.946875 0.43203125 0.0359375 0.0421875
1 0.28671875 0.4078125 0.0375 0.0390625
1 0.34765625 0.39453125 0.0421875 0.0453125
1 0.23984375 0.69921875 0.0328125 0.040625
1 0.1125 0.89921875 0.0421875 0.0515625
1 0.30234375 0.97890625 0.0390625 0.0421875
1 0.30078125 0.78515625 0.0328125 0.0390625
1 0.6796875 0.28125 0.0375 0.040625
1 0.34921875 0.34453125 0.0390625 0.0390625
1 0.3484375 0.83046875 0.03125 0.0390625
1 0.60703125 0.459375 0.0359375 0.0390625
1 0.71640625 0.840625 0.0390625 0.0421875
1 0.97265625 0.57890625 0.0328125 0.0390625
1 0.2078125 0.18046875 0.0375 0.0484375
1 0.72734375 0.584375 0.0390625 0.0484375
1 0.4859375 0.90078125 0.0359375 0.0375
1 0.45390625 0.4796875 0.0359375 0.046875
1 0.496875 0.3015625 0.0328125 0.0375
1 0.85703125 0.40703125 0.0359375 0.04375
1 0.01875 0.86796875 0.0375 0.0484375
1 0.0421875 0.1015625 0.0390625 0.046875
1 0.09453125 0.06171875 0.0375 0.04375
1 0.06953125 0.034375 0.0296875 0.040625
1 0.325 0.1 0.0421875 0.04375
1 0.36875 0.10390625 0.040625 0.0453125
1 0.4734375 0.14140625 0.034375 0.040625
1 0.53671875 0.03046875 0.0375 0.0453125
1 0.66484375 0.034375 0.0359375 0.04375
1 0.85703125 0.22109375 0.04375 0.046875
1 0.8015625 0.25234375 0.040625 0.0453125
1 0.7671875 0.31015625 0.0359375 0.0421875
1 0.86015625 0.2625 0.0359375 0.0421875
1 0.96953125 0.90546875 0.0421875 0.046875
1 0.8296875 0.896875 0.0390625 0.0453125
1 0.5765625 0.4828125 0.0375 0.046875
1 0.5390625 0.5234375 0.0390625 0.05
1 0.6609375 0.45390625 0.0421875 0.040625
1 0.52109375 0.8265625 0.028125 0.0390625
1 0.4109375 0.7015625 0.034375 0.0375
1 0.34296875 0.62578125 0.0375 0.0390625
1 0.025 0.9171875 0.0359375 0.0453125
1 0.54375 0.3109375 0.0375 0.040625
1 0.7296875 0.0515625 0.0296875 0.0375
1 0.00703125 0.0234375 0.0140625 0.0390625
1 0.98828125 0.02265625 0.0234375 0.0453125
1 0.63984375 0.98671875 0.040625 0.0265625
1 0.0171875 0.9796875 0.0328125 0.040625
1 0.09434375 0.185171875 0.040453125 0.038125000000000006
1 0.069484375 0.217390625 0.026218750000000002 0.03203125
1 0.08934374999999999 0.221046875 0.026312499999999996 0.03203125
1 0.33059375 0.147953125 0.027953124999999978 0.03379687499999999
1 0.352734375 0.1540625 0.02414062499999998 0.034734374999999984
1 0.150953125 0.530171875 0.026218750000000002 0.02854687499999997
1 0.17021875 0.542015625 0.026312500000000006 0.03443749999999994
1 0.169375 0.462828125 0.03451562500000001 0.04350000000000005
1 0.194859375 0.463328125 0.027281250000000014 0.039718749999999935
1 0.21596875 0.43240625 0.02631249999999996 0.033421874999999976
1 0.243359375 0.427640625 0.03248437500000003 0.031671874999999974
1 0.2699375 0.524640625 0.03729687500000001 0.03607812500000005
1 0.28959375 0.49884375 0.04054687499999998 0.03806250000000002
1 0.4210625 0.54246875 0.035171874999999984 0.03312500000000007
1 0.3875625 0.450671875 0.036843749999999974 0.03240625000000001
1 0.9143593750000001 0.6100156250000001 0.040359374999999885 0.04482812500000009