0 0.50859375 0.078125 0.046875 0.0671875
1 0.35546875 0.45546875 0.040625 0.0515625
1 0.7140625 0.8359375 0.0390625 0.053125
1 0.45234375 0.4671875 0.0375 0.053125
1 0.0546875 0.43828125 0.046875 0.0625
1 0.3109375 0.28515625 0.0390625 0.0515625
1 0.84375 0.08984375 0.0390625 0.053125
1 0.33359375 0.184375 0.0421875 0.0515625
1 0.4890625 0.540625 0.0390625 0.0484375
1 0.02265625 0.38046875 0.0375 0.046875
1 0.16328125 0.278125 0.0390625 0.046875
1 0.7984375 0.56171875 0.040625 0.05
1 0.39296875 0.125 0.0484375 0.0625
1 0.20234375 0.51171875 0.0375 0.0515625
1 0.2625 0.41640625 0.040625 0.05
1 0.24140625 0.87421875 0.0390625 0.0484375
1 0.30703125 0.5515625 0.0390625 0.05
1 0.3015625 0.94296875 0.0421875 0.05
1 0.20234375 0.921875 0.034375 0.040625
1 0.01796875 0.584375 0.0359375 0.05
1 0.775 0.6359375 0.0359375 0.046875
1 0.5015625 0.3 0.0390625 0.0515625
1 0.87421875 0.290625 0.0390625 0.0515625
1 0.32265625 0.82578125 0.0359375 0.0453125
1 0.65078125 0.534375 0.040625 0.0546875
1 0.37890625 0.79453125 0.0390625 0.0484375
1 0.4609375 0.64453125 0.040625 0.0515625
1 0.1453125 0.08359375 0.0390625 0.053125
0 0.56796875 0.96875 0.0625 0.0625
0 0.3609375 0.9109375 0.0640625 0.06875
1 0.48359375 0.81796875 0.0421875 0.0515625
1 0.21171875 0.21640625 0.0484375 0.065625
1 0.79609375 0.72890625 0.0390625 0.053125
1 0.65546875 0.7328125 0.0296875 0.040625
1 0.940625 0.55859375 0.034375 0.0421875
1 0.8953125 0.6703125 0.0390625 0.053125
1 0.44375 0.71015625 0.0359375 0.04375
1 0.1609375 0.43046875 0.0359375 0.0484375
1 0.3796875 0.68984375 0.0375 0.046875
1 0.66015625 0.928125 0.0359375 0.0484375
1 0.890625 0.37265625 0.0375 0.053125
1 0.134375 0.33515625 0.0375 0.05
1 0.5453125 0.58515625 0.0390625 0.05
1 0.428125 0.2875 0.03125 0.040625
1 0.74140625 0.33125 0.0390625 0.0546875
1 0.57578125 0.8953125 0.040625 0.0515625
1 0.93828125 0.76640625 0.0390625 0.046875
1 0.4125 0.57890625 0.0375 0.04375
1 0.4578125 0.921875 0.0390625 0.05
1 0.8 0.3265625 0.0421875 0.0609375
1 0.71875 0.1578125 0.040625 0.05625
1 0.6625 0.35625 0.040625 0.0484375
1 0.97265625 0.03203125 0.040625 0.053125
1 0.07578125 0.2828125 0.034375 0.04375
1 0.30546875 0.0890625 0.0328125 0.04375
1 0.31796875 0.64609375 0.0390625 0.0515625
1 0.678125 0.68828125 0.0328125 0.0421875
1 0.51171875 0.409375 0.04375 0.0625
1 0.58046875 0.5125 0.0328125 0.040625
1 0.30390625 0.35703125 0.0375 0.0453125
1 0.95546875 0.696875 0.0359375 0.046875
1 0.11796875 0.6421875 0.0359375 0.0453125
1 0.59296875 0.13515625 0.034375 0.040625
0 0.13515625 0.55234375 0.090625 0.0703125
0 0.64296875 0.0359375 0.0515625 0.0703125
1 0.875 0.16171875 0.0390625 0.0515625
1 0.5640625 0.08203125 0.034375 0.04375
1 0.796875 0.15625 0.046875 0.0703125
1 0.8953125 0.940625 0.0421875 0.05625
1 0.940625 0.4875 0.034375 0.0453125
1 0.89453125 0.51015625 0.0390625 0.0484375
1 0.96640625 0.2140625 0.0328125 0.0453125
1 0.8890625 0.82421875 0.0375 0.046875
1 0.06796875 0.68515625 0.0359375 0.0484375
1 0.92890625 0.2828125 0.0390625 0.0515625
1 0.08046875 0.9203125 0.028125 0.0359375
1 0.01015625 0.14375 0.0203125 0.04375
1 0.56484375 0.01328125 0.046875 0.0265625
1 0.9859375 0.334375 0.028125 0.0421875
1 0.9890625 0.95546875 0.021875 0.0390625
1 0.70390625 0.98828125 0.040625 0.0234375
1 0.22265625 0.98203125 0.034375 0.0359375