1 0.25546875 0.40859375 0.046875 0.05
1 0.46328125 0.96328125 0.0421875 0.0453125
1 0.44765625 0.2125 0.0453125 0.0546875
1 0.52578125 0.74296875 0.0390625 0.046875
1 0.06640625 0.684375 0.0421875 0.05
0 0.5546875 0.27890625 0.0484375 0.084375
0 0.38359375 0.69609375 0.05625 0.065625
1 0.69609375 0.096875 0.04375 0.046875
1 0.10625 0.29453125 0.040625 0.0515625
1 0.26640625 0.15859375 0.04375 0.0515625
0 0.11328125 0.44765625 0.05625 0.09375
1 0.19765625 0.2390625 0.040625 0.046875
0 0.84296875 0.78828125 0.05625 0.0859375
1 0.32734375 0.66328125 0.0359375 0.0421875
1 0.26328125 0.24140625 0.04375 0.05
0 0.5046875 0.52734375 0.0640625 0.059375
1 0.41875 0.375 0.046875 0.0515625
1 0.94375 0.09375 0.04375 0.0484375
1 0.15625 0.27265625 0.04375 0.05
1 0.06171875 0.021875 0.0421875 0.04375
1 0.50859375 0.23359375 0.0390625 0.0453125
1 0.60625 0.91328125 0.0359375 0.0421875
1 0.16953125 0.728125 0.04375 0.05
1 0.9765625 0.68046875 0.0421875 0.0484375
1 0.76875 0.9734375 0.0421875 0.05
0 0.59453125 0.5546875 0.065625 0.0984375
1 0.25390625 0.6046875 0.0453125 0.0484375
0 0.47109375 0.709375 0.0859375 0.0734375
1 0.73203125 0.94765625 0.0484375 0.0578125
1 0.18125 0.51875 0.04375 0.0484375
1 0.46328125 0.78046875 0.04375 0.046875
0 0.5546875 0.8671875 0.0578125 0.1
1 0.053125 0.3109375 0.04375 0.053125
1 0.73203125 0.24140625 0.0390625 0.0484375
1 0.85234375 0.71015625 0.0421875 0.0453125
1 0.409375 0.8203125 0.0390625 0.0390625
0 0.78828125 0.89921875 0.04375 0.084375
0 0.62578125 0.796875 0.0578125 0.071875
0 0.56640625 0.95625 0.053125 0.0609375
1 0.1703125 0.1328125 0.0453125 0.05
0 0.92421875 0.74609375 0.053125 0.0796875
1 0.60703125 0.3984375 0.040625 0.0484375
1 0.54609375 0.678125 0.0421875 0.046875
1 0.23671875 0.325 0.04375 0.046875
1 0.43046875 0.45703125 0.046875 0.0484375
1 0.38125 0.61953125 0.040625 0.046875
1 0.87109375 0.23203125 0.0421875 0.0515625
1 0.140625 0.6 0.040625 0.04375
1 0.02109375 0.7390625 0.040625 0.0484375
0 0.24921875 0.046875 0.06875 0.059375
1 0.5375 0.453125 0.046875 0.053125
0 0.78359375 0.15078125 0.04375 0.075
1 0.378125 0.5359375 0.0453125 0.05
1 0.35234375 0.43125 0.0453125 0.0515625
0 0.48046875 0.64609375 0.0734375 0.0609375
0 0.17890625 0.84375 0.0640625 0.05625
1 0.5421875 0.34921875 0.0421875 0.0453125
1 0.94453125 0.3796875 0.0390625 0.0484375
1 0.8328125 0.29765625 0.0390625 0.046875
1 0.025 0.58359375 0.040625 0.0453125
1 0.91953125 0.85625 0.0359375 0.040625
1 0.93046875 0.54609375 0.0375 0.0421875
0 0.78828125 0.8140625 0.0546875 0.0578125
1 0.1703125 0.06484375 0.053125 0.05625
1 0.98671875 0.496875 0.0265625 0.046875
0 0.69140625 0.77578125 0.0453125 0.075
1 0.45390625 0.0671875 0.040625 0.046875
1 0.1875 0.4515625 0.0453125 0.0484375
1 0.1578125 0.94765625 0.0359375 0.0359375
1 0.6484375 0.6375 0.04375 0.0484375
0 0.1234375 0.86796875 0.046875 0.071875
1 0.02578125 0.48203125 0.0359375 0.040625
1 0.7953125 0.45859375 0.040625 0.0453125
0 0.54296875 0.7953125 0.0671875 0.065625
0 0.36875 0.3140625 0.05625 0.0625
1 0.9140625 0.16171875 0.04375 0.040625
0 0.0578125 0.90625 0.0671875 0.0515625
0 0.675 0.89453125 0.0625 0.071875
1 0.11484375 0.96875 0.0359375 0.040625
1 0.0796875 0.97265625 0.0328125 0.040625
1 0.1796875 0.7875 0.040625 0.0453125
1 0.10625 0.784375 0.0390625 0.0484375
1 0.228125 0.67109375 0.04375 0.0546875
1 0.2484375 0.53828125 0.040625 0.04375
1 0.7375 0.03828125 0.0359375 0.04375
1 0.86328125 0.0546875 0.0484375 0.05
1 0.73046875 0.503125 0.0453125 0.0515625
1 0.89375 0.51796875 0.0375 0.04375
1 0.84609375 0.5828125 0.034375 0.0421875
1 0.97734375 0.85859375 0.0359375 0.0421875
1 0.87265625 0.85625 0.0421875 0.0515625
1 0.2546875 0.71484375 0.0328125 0.0421875
1 0.33828125 0.73671875 0.0375 0.05
1 0.63828125 0.44921875 0.0359375 0.046875
1 0.659375 0.49375 0.0390625 0.0578125
1 0.60546875 0.240625 0.040625 0.0484375
1 0.628125 0.31171875 0.0390625 0.05
1 0.653125 0.98671875 0.03125 0.0265625
1 0.0109375 0.528125 0.021875 0.0625
1 0.8125 0.96484375 0.034375 0.040625