1 0.0640625 0.8015625 0.04375 0.053125
1 0.33125 0.915625 0.0421875 0.053125
1 0.8265625 0.928125 0.040625 0.0515625
0 0.51796875 0.71796875 0.08125 0.0578125
1 0.0578125 0.70234375 0.04375 0.0546875
1 0.85 0.77578125 0.040625 0.0515625
1 0.2390625 0.33984375 0.040625 0.053125
0 0.24765625 0.90546875 0.071875 0.075
1 0.21875 0.4921875 0.0421875 0.0546875
1 0.34453125 0.8453125 0.0390625 0.0484375
1 0.40234375 0.375 0.0484375 0.06875
1 0.1109375 0.846875 0.04375 0.053125
1 0.8015625 0.821875 0.0390625 0.053125
1 0.2734375 0.6375 0.0421875 0.053125
1 0.5125 0.85 0.0328125 0.040625
1 0.14609375 0.40234375 0.040625 0.0515625
1 0.384375 0.05390625 0.0390625 0.0578125
1 0.446875 0.8796875 0.0359375 0.04375
1 0.18828125 0.1359375 0.04375 0.0609375
1 0.85625 0.5171875 0.0421875 0.05625
0 0.5609375 0.88046875 0.05625 0.0890625
1 0.76875 0.371875 0.0390625 0.0546875
1 0.70625 0.303125 0.0375 0.05625
1 0.4703125 0.1140625 0.034375 0.046875
1 0.32421875 0.6515625 0.0390625 0.0515625
1 0.171875 0.53515625 0.0421875 0.0515625
1 0.9390625 0.89921875 0.040625 0.0546875
1 0.69296875 0.196875 0.040625 0.059375
1 0.140625 0.3234375 0.0421875 0.053125
1 0.90546875 0.48203125 0.0359375 0.046875
1 0.48203125 0.86484375 0.0328125 0.04375
1 0.8859375 0.40859375 0.034375 0.046875
1 0.0671875 0.6171875 0.0390625 0.05
1 0.209375 0.409375 0.04375 0.053125
1 0.33203125 0.2578125 0.0390625 0.05625
1 0.07890625 0.35078125 0.040625 0.0546875
1 0.9296875 0.01953125 0.0328125 0.0390625
1 0.7265625 0.57734375 0.05 0.0734375
1 0.740625 0.6890625 0.0390625 0.05625
1 0.86875 0.22265625 0.040625 0.05625
1 0.42890625 0.92890625 0.034375 0.04375
1 0.6 0.74765625 0.040625 0.0515625
1 0.78125 0.04453125 0.03125 0.046875
1 0.03046875 0.0578125 0.0453125 0.059375
1 0.2171875 0.66953125 0.0390625 0.0484375
1 0.678125 0.9203125 0.040625 0.0546875
1 0.7453125 0.803125 0.0390625 0.05
1 0.26953125 0.8046875 0.04375 0.053125
1 0.26640625 0.96328125 0.0453125 0.05
1 0.73828125 0.046875 0.0328125 0.0515625
1 0.171875 0.703125 0.04375 0.05
1 0.05703125 0.890625 0.0421875 0.0484375
1 0.2578125 0.2515625 0.040625 0.05
1 0.63984375 0.178125 0.0359375 0.05625
1 0.56484375 0.4703125 0.05 0.0703125
1 0.68515625 0.6859375 0.0421875 0.0546875
1 0.43203125 0.22265625 0.0390625 0.053125
1 0.8 0.51171875 0.0421875 0.0578125
1 0.79140625 0.61796875 0.0390625 0.05
1 0.98671875 0.23125 0.0265625 0.059375
1 0.6984375 0.0421875 0.034375 0.05
1 0.51796875 0.93671875 0.0390625 0.046875
1 0.43203125 0.1515625 0.040625 0.05625
1 0.55859375 0.0203125 0.0359375 0.040625
1 0.4953125 0.33046875 0.040625 0.0515625
1 0.653125 0.30546875 0.0421875 0.05625
1 0.815625 0.1609375 0.034375 0.0484375
1 0.8921875 0.02421875 0.034375 0.0453125
1 0.01171875 0.86640625 0.0234375 0.04375
0 0.73671875 0.153125 0.040625 0.0765625
1 0.971875 0.46640625 0.034375 0.046875
0 0.16796875 0.78125 0.05625 0.0765625
1 0.01484375 0.5109375 0.0296875 0.05
1 0.05546875 0.12265625 0.0390625 0.0515625
1 0.4546875 0.49765625 0.040625 0.0546875
1 0.44140625 0.03046875 0.040625 0.053125
1 0.56640625 0.1765625 0.0375 0.053125
1 0.85625 0.05703125 0.0390625 0.0625
1 0.23125 0.609375 0.040625 0.05
1 0.32734375 0.1734375 0.0390625 0.046875
1 0.3328125 0.01796875 0.0421875 0.0359375
1 0.78515625 0.98515625 0.0390625 0.0296875
1 0.690625 0.7875 0.04375 0.053125
1 0.1203125 0.44765625 0.03125 0.0359375
1 0.98671875 0.63046875 0.0265625 0.0515625
1 0.60546875 0.34609375 0.0375 0.0484375
0 0.1765625 0.85859375 0.059375 0.084375
1 0.59921875 0.02578125 0.0359375 0.0421875
1 0.09921875 0.103125 0.0421875 0.053125
1 0.26640625 0.3734375 0.0375 0.0484375
1 0.1046875 0.3875 0.0421875 0.05
1 0.04140625 0.39375 0.05 0.053125
1 0.36796875 0.67109375 0.0390625 0.0515625
1 0.89453125 0.15703125 0.0375 0.0453125
1 0.50859375 0.2453125 0.0390625 0.05
1 0.70546875 0.4015625 0.040625 0.053125
0 0.7984375 0.2484375 0.0421875 0.0703125
1 0.08203125 0.25625 0.0453125 0.0484375
1 0.06015625 0.2 0.040625 0.0515625
1 0.553125 0.6484375 0.0328125 0.04375
1 0.6296875 0.840625 0.0359375 0.0484375
1 0.66328125 0.75625 0.0390625 0.05
1 0.65078125 0.55 0.0421875 0.05
1 0.61875 0.5078125 0.0390625 0.05
1 0.1078125 0.1984375 0.040625 0.053125
1 0.10703125 0.0109375 0.0375 0.021875
1 0.91796875 0.98828125 0.040625 0.0234375
1 0.00625 0.58671875 0.0125 0.0390625