1 0.04765625 0.7640625 0.0484375 0.059375
1 0.1625 0.4625 0.0453125 0.0609375
0 0.52578125 0.1375 0.05 0.0890625
1 0.37265625 0.278125 0.040625 0.05
1 0.02265625 0.83984375 0.040625 0.0484375
0 0.04296875 0.29375 0.046875 0.090625
1 0.5015625 0.89453125 0.040625 0.0484375
1 0.42109375 0.8828125 0.0375 0.0453125
1 0.19609375 0.92265625 0.0375 0.046875
1 0.5671875 0.8234375 0.0390625 0.05
1 0.9515625 0.5546875 0.0453125 0.053125
1 0.7796875 0.703125 0.0421875 0.05625
1 0.5046875 0.81328125 0.0421875 0.053125
1 0.4234375 0.25546875 0.034375 0.040625
1 0.35078125 0.7703125 0.0390625 0.0515625
1 0.10546875 0.22265625 0.0421875 0.0515625
1 0.26875 0.81328125 0.0390625 0.05
1 0.57109375 0.3796875 0.0359375 0.046875
0 0.47578125 0.26875 0.0484375 0.0890625
1 0.63828125 0.29375 0.040625 0.0546875
1 0.9703125 0.4859375 0.0421875 0.0421875
1 0.78046875 0.434375 0.0375 0.0515625
1 0.88984375 0.39453125 0.0390625 0.0515625
1 0.90390625 0.48828125 0.0359375 0.0421875
1 0.1890625 0.82578125 0.0421875 0.0515625
1 0.3125 0.590625 0.0359375 0.05
1 0.77421875 0.05546875 0.04375 0.053125
1 0.615625 0.58203125 0.0359375 0.0484375
1 0.5953125 0.475 0.040625 0.059375
1 0.6671875 0.509375 0.0390625 0.0515625
1 0.86796875 0.975 0.0421875 0.05
1 0.809375 0.5515625 0.040625 0.0515625
1 0.93671875 0.08125 0.0390625 0.046875
1 0.6734375 0.79609375 0.0359375 0.04375
1 0.3203125 0.50703125 0.0390625 0.0515625
1 0.41953125 0.97109375 0.046875 0.0578125
1 0.78828125 0.28671875 0.04375 0.053125
1 0.03203125 0.11640625 0.040625 0.053125
1 0.2828125 0.90234375 0.0390625 0.05
1 0.059375 0.92421875 0.0390625 0.04375
1 0.1515625 0.61875 0.0421875 0.0515625
1 0.63203125 0.15390625 0.040625 0.053125
1 0.33046875 0.303125 0.0375 0.0515625
1 0.2484375 0.590625 0.040625 0.0546875
1 0.08515625 0.55390625 0.04375 0.0484375
1 0.925 0.34921875 0.0375 0.046875
1 0.70703125 0.70625 0.0375 0.046875
1 0.6140625 0.8109375 0.0328125 0.0421875
1 0.85234375 0.73828125 0.0421875 0.05625
1 0.81640625 0.6515625 0.040625 0.0515625
1 0.421875 0.146875 0.0390625 0.0515625
1 0.77421875 0.17578125 0.0390625 0.0453125
1 0.06640625 0.62265625 0.0421875 0.0515625
1 0.365625 0.63671875 0.0375 0.0453125
1 0.93828125 0.9328125 0.0390625 0.05
1 0.73125 0.509375 0.0375 0.05
1 0.8265625 0.9234375 0.0421875 0.0515625
1 0.0703125 0.390625 0.034375 0.04375
1 0.2578125 0.41875 0.0359375 0.046875
1 0.6078125 0.68515625 0.0328125 0.040625
1 0.45625 0.3765625 0.03125 0.0453125
1 0.715625 0.9125 0.0390625 0.053125
1 0.584375 0.903125 0.03125 0.04375
1 0.02421875 0.5265625 0.0359375 0.04375
1 0.1 0.10703125 0.0375 0.04375
1 0.08671875 0.875 0.040625 0.05
1 0.48671875 0.7125 0.034375 0.0453125
1 0.1734375 0.0328125 0.040625 0.0546875
1 0.3453125 0.19765625 0.0296875 0.0375
1 0.68828125 0.34453125 0.034375 0.040625
1 0.57109375 0.9765625 0.0359375 0.0453125
1 0.54375 0.2734375 0.03125 0.0390625
1 0.17890625 0.3203125 0.040625 0.04375
1 0.18515625 0.37265625 0.0421875 0.0515625
1 0.7390625 0.859375 0.0390625 0.0546875
1 0.96640625 0.82578125 0.034375 0.053125
1 0.24375 0.07890625 0.0421875 0.05625
1 0.02421875 0.58125 0.0390625 0.046875
1 0.6296875 0.865625 0.0359375 0.0484375
1 0.89375 0.71015625 0.0390625 0.053125
1 0.73515625 0.64140625 0.034375 0.040625
0 0.74921875 0.28046875 0.0359375 0.103125
1 0.653125 0.2296875 0.03125 0.0390625
1 0.72578125 0.07109375 0.0328125 0.04375
1 0.4375 0.671875 0.03125 0.040625
1 0.54140625 0.0109375 0.0375 0.021875
1 0.634375 0.015625 0.034375 0.03125
1 0.69375 0.01171875 0.0375 0.0234375
1 0.98984375 0.7890625 0.0203125 0.0421875
1 0.009375 0.66796875 0.01875 0.0578125