0 0.85234375 0.03046875 0.059375 0.0609375
1 0.26171875 0.3890625 0.0359375 0.0515625
1 0.0671875 0.046875 0.0421875 0.046875
1 0.26796875 0.98125 0.0453125 0.0375
1 0.86796875 0.71328125 0.0484375 0.0625
0 0.15625 0.1515625 0.0625 0.0796875
1 0.42421875 0.2640625 0.0453125 0.0609375
1 0.13203125 0.06796875 0.040625 0.04375
1 0.48359375 0.02578125 0.0421875 0.05
1 0.63984375 0.56796875 0.0390625 0.05625
0 0.15546875 0.3296875 0.0765625 0.0546875
0 0.596875 0.05625 0.0625 0.0796875
1 0.7953125 0.31171875 0.0484375 0.0625
1 0.628125 0.68046875 0.040625 0.046875
1 0.27890625 0.05 0.0421875 0.0546875
0 0.6625 0.0734375 0.0546875 0.078125
1 0.11640625 0.9203125 0.0390625 0.053125
1 0.303125 0.5328125 0.0328125 0.0390625
1 0.359375 0.1 0.046875 0.0671875
1 0.2359375 0.578125 0.0328125 0.0390625
1 0.103125 0.11953125 0.0421875 0.05
0 0.32578125 0.26484375 0.0546875 0.078125
1 0.265625 0.80859375 0.040625 0.0515625
0 0.571875 0.5765625 0.053125 0.0828125
1 0.759375 0.19375 0.0359375 0.040625
1 0.9515625 0.8625 0.0390625 0.046875
1 0.9515625 0.5546875 0.040625 0.0484375
1 0.2921875 0.70625 0.0390625 0.0484375
1 0.01796875 0.90078125 0.0359375 0.05
1 0.7765625 0.9703125 0.0421875 0.04375
1 0.78671875 0.8359375 0.0390625 0.04375
1 0.9671875 0.2109375 0.040625 0.05
1 0.465625 0.390625 0.0375 0.0453125
1 0.4203125 0.35 0.040625 0.0484375
1 0.69375 0.2859375 0.034375 0.04375
1 0.55625 0.7296875 0.03125 0.0421875
1 0.56640625 0.26484375 0.0359375 0.0453125
1 0.615625 0.1875 0.0375 0.0515625
1 0.09609375 0.4328125 0.028125 0.0390625
1 0.3890625 0.4421875 0.0375 0.053125
1 0.78515625 0.54296875 0.0375 0.0515625
1 0.1390625 0.42734375 0.0359375 0.0453125
1 0.2203125 0.2546875 0.0390625 0.05
1 0.1375 0.9765625 0.0375 0.046875
1 0.91015625 0.64453125 0.0453125 0.053125
0 0.15234375 0.82421875 0.059375 0.090625
1 0.67890625 0.72421875 0.0359375 0.04375
0 0.34140625 0.8515625 0.06875 0.0578125
0 0.89609375 0.1390625 0.0546875 0.0609375
0 0.44296875 0.515625 0.071875 0.059375
1 0.74609375 0.66015625 0.0359375 0.0453125
1 0.25078125 0.1671875 0.0375 0.0484375
1 0.61484375 0.30234375 0.0390625 0.0453125
1 0.21875 0.70859375 0.0375 0.0484375
1 0.05390625 0.43125 0.03125 0.0390625
1 0.6328125 0.76953125 0.0328125 0.0375
1 0.415625 0.8515625 0.0375 0.046875
1 0.5125 0.35703125 0.0359375 0.0484375
1 0.39375 0.54921875 0.0359375 0.0421875
1 0.97109375 0.14453125 0.034375 0.0390625
0 0.525 0.88125 0.0578125 0.04375
1 0.57421875 0.89921875 0.034375 0.0390625
1 0.09140625 0.81015625 0.0375 0.0515625
1 0.8328125 0.590625 0.0328125 0.0453125
1 0.7375 0.55859375 0.05 0.0640625
1 0.88984375 0.46328125 0.0390625 0.0453125
1 0.5625 0.44765625 0.0328125 0.0421875
1 0.93046875 0.3609375 0.0375 0.046875
1 0.46328125 0.71875 0.0390625 0.0453125
0 0.703125 0.96484375 0.04375 0.0546875
1 0.390625 0.9640625 0.0515625 0.0609375
1 0.7796875 0.890625 0.040625 0.0375
1 0.35078125 0.5359375 0.03125 0.0390625
1 0.259375 0.48671875 0.0359375 0.04375
1 0.6875 0.20625 0.0359375 0.040625
1 0.196875 0.52578125 0.0328125 0.0359375
1 0.065625 0.3328125 0.03125 0.0359375
1 0.97109375 0.42890625 0.0359375 0.040625
1 0.2 0.39453125 0.0328125 0.040625
1 0.16875 0.221875 0.0328125 0.0390625
1 0.12734375 0.7515625 0.0359375 0.0421875
1 0.228125 0.1140625 0.0390625 0.0453125
1 0.28203125 0.61015625 0.0375 0.0390625
0 0.18203125 0.590625 0.040625 0.0578125
1 0.534375 0.6140625 0.040625 0.05
1 0.478125 0.89296875 0.0328125 0.0359375
1 0.8140625 0.93828125 0.0359375 0.0390625
0 0.7171875 0.04375 0.0578125 0.0625
0 0.79296875 0.0546875 0.059375 0.0484375
0 0.73046875 0.85703125 0.0390625 0.0515625
0 0.728125 0.9140625 0.0484375 0.040625
0 0.33671875 0.615625 0.046875 0.04375
1 0.33203125 0.56953125 0.0359375 0.04375
1 0.28515625 0.56484375 0.034375 0.0390625
1 0.1734375 0.075 0.046875 0.0453125
1 0.553125 0.0421875 0.040625 0.0515625
1 0.53828125 0.16796875 0.04375 0.0578125
1 0.48671875 0.48515625 0.04375 0.0484375
1 0.6203125 0.46015625 0.0359375 0.0453125
1 0.88359375 0.7890625 0.0375 0.04375
1 0.77734375 0.37421875 0.0453125 0.0546875
1 0.79453125 0.13984375 0.0421875 0.04375
1 0.83515625 0.14921875 0.040625 0.0453125
1 0.81484375 0.98984375 0.0296875 0.0203125
1 0.34375 0.990625 0.04375 0.01875
1 0.009375 0.9875 0.01875 0.025
1 0.07421875 0.6671875 0.0375 0.046875