0 0.1515625 0.05234375 0.0765625 0.0640625
0 0.9328125 0.26796875 0.071875 0.0875
1 0.48984375 0.75390625 0.046875 0.05
1 0.65078125 0.67109375 0.0390625 0.046875
1 0.1171875 0.89375 0.040625 0.0484375
1 0.7703125 0.28125 0.04375 0.0609375
1 0.36171875 0.390625 0.0375 0.046875
1 0.528125 0.62890625 0.0375 0.05
1 0.42265625 0.228125 0.0453125 0.065625
1 0.534375 0.77265625 0.0390625 0.0484375
1 0.23046875 0.51328125 0.0359375 0.053125
1 0.89921875 0.09375 0.04375 0.046875
1 0.93828125 0.02421875 0.0421875 0.0484375
1 0.0265625 0.65390625 0.040625 0.0484375
1 0.428125 0.9140625 0.0421875 0.0515625
1 0.3890625 0.61171875 0.0390625 0.046875
0 0.87421875 0.75 0.0625 0.08125
1 0.8640625 0.8953125 0.040625 0.046875
1 0.83984375 0.3234375 0.040625 0.0484375
1 0.7671875 0.34765625 0.0421875 0.0484375
1 0.30859375 0.75625 0.04375 0.0546875
1 0.92421875 0.82109375 0.040625 0.04375
1 0.16796875 0.54140625 0.0390625 0.0515625
1 0.7625 0.56015625 0.0359375 0.046875
1 0.2625 0.83515625 0.0421875 0.046875
1 0.70390625 0.71171875 0.0390625 0.04375
0 0.03046875 0.93359375 0.0609375 0.053125
1 0.77109375 0.45625 0.0421875 0.0515625
1 0.8578125 0.15390625 0.04375 0.0515625
1 0.4578125 0.40859375 0.0390625 0.0515625
1 0.09140625 0.48203125 0.040625 0.05625
1 0.39921875 0.51953125 0.04375 0.0515625
1 0.8078125 0.06640625 0.040625 0.05
1 0.059375 0.584375 0.0390625 0.0515625
1 0.50546875 0.31328125 0.0390625 0.0546875
1 0.9765625 0.65390625 0.0390625 0.046875
1 0.18046875 0.91171875 0.040625 0.0484375
1 0.59609375 0.15234375 0.040625 0.05
0 0.82578125 0.6015625 0.0796875 0.0765625
1 0.66953125 0.58359375 0.0421875 0.05
1 0.021875 0.34921875 0.04375 0.0515625
1 0.19453125 0.2078125 0.0453125 0.05625
1 0.325 0.8671875 0.04375 0.053125
1 0.64921875 0.5203125 0.0421875 0.053125
1 0.71015625 0.18515625 0.0421875 0.053125
1 0.12265625 0.25390625 0.040625 0.053125
1 0.3515625 0.65078125 0.0421875 0.046875
0 0.48515625 0.85859375 0.0453125 0.103125
1 0.6078125 0.01875 0.040625 0.0375
1 0.634375 0.203125 0.0375 0.0453125
1 0.215625 0.88828125 0.0375 0.046875
0 0.475 0.14375 0.0515625 0.125
1 0.71328125 0.90859375 0.0390625 0.0484375
1 0.97578125 0.47265625 0.0375 0.0453125
1 0.4640625 0.55859375 0.0390625 0.0421875
1 0.8265625 0.51484375 0.0375 0.0484375
1 0.16171875 0.72578125 0.0390625 0.0453125
1 0.703125 0.03046875 0.0375 0.0578125
1 0.2125 0.3921875 0.0390625 0.0515625
1 0.83203125 0.225 0.0375 0.04375
1 0.309375 0.559375 0.0359375 0.0546875
1 0.021875 0.45859375 0.040625 0.0515625
1 0.02421875 0.271875 0.0390625 0.0546875
1 0.090625 0.709375 0.0421875 0.05
1 0.9734375 0.17421875 0.0359375 0.0421875
1 0.23125 0.07421875 0.0375 0.04375
1 0.11875 0.8171875 0.040625 0.04375
0 0.790625 0.7265625 0.078125 0.065625
1 0.75625 0.8953125 0.040625 0.046875
1 0.575 0.82734375 0.0390625 0.0421875
1 0.56015625 0.87578125 0.0359375 0.04375
0 0.634375 0.825 0.059375 0.0984375
1 0.4546875 0.71328125 0.0390625 0.04375
0 0.43125 0.7953125 0.059375 0.078125
1 0.18203125 0.1515625 0.0453125 0.0578125
1 0.29453125 0.1234375 0.046875 0.0515625
1 0.303125 0.17734375 0.0515625 0.05
1 0.39765625 0.0375 0.0390625 0.05
1 0.8625 0.05234375 0.040625 0.05
1 0.746875 0.04453125 0.0390625 0.046875
1 0.69453125 0.103125 0.0359375 0.040625
1 0.7765625 0.10546875 0.0359375 0.040625
1 0.25078125 0.2921875 0.0390625 0.05
1 0.3015625 0.428125 0.034375 0.0421875
1 0.14453125 0.38984375 0.0421875 0.0515625
1 0.08125 0.76953125 0.0421875 0.05
1 0.5953125 0.3578125 0.04375 0.05625
1 0.96953125 0.9640625 0.0421875 0.0515625
1 0.01484375 0.08828125 0.0296875 0.0484375
1 0.52421875 0.0171875 0.0390625 0.034375
1 0.99296875 0.40234375 0.0140625 0.0453125
1 0.4390625 0.98515625 0.0375 0.0296875
1 0.009375 0.5625 0.01875 0.05