0 0.6859375 0.6875 0.0640625 0.0953125
0 0.24609375 0.828125 0.078125 0.078125
1 0.2234375 0.9671875 0.0421875 0.05
1 0.09296875 0.82109375 0.046875 0.0515625
0 0.24296875 0.68515625 0.06875 0.0890625
0 0.63359375 0.13671875 0.0734375 0.075
1 0.778125 0.27890625 0.0390625 0.053125
0 0.84375 0.34609375 0.06875 0.0671875
1 0.31875 0.39453125 0.040625 0.053125
1 0.43046875 0.434375 0.05 0.0640625
1 0.96953125 0.47265625 0.040625 0.0484375
1 0.84140625 0.0515625 0.0390625 0.0546875
1 0.0921875 0.928125 0.04375 0.0484375
1 0.27109375 0.2859375 0.0390625 0.05
1 0.196875 0.89921875 0.0390625 0.0421875
1 0.88125 0.40625 0.040625 0.0515625
0 0.11171875 0.39765625 0.0546875 0.0828125
1 0.334375 0.0875 0.040625 0.046875
1 0.846875 0.9078125 0.0453125 0.05625
1 0.14140625 0.85625 0.0484375 0.053125
1 0.33515625 0.8109375 0.0421875 0.0515625
1 0.428125 0.253125 0.0421875 0.053125
1 0.784375 0.8828125 0.0390625 0.0453125
1 0.98671875 0.6265625 0.0265625 0.053125
1 0.10625 0.59921875 0.040625 0.05
1 0.52578125 0.33359375 0.0390625 0.046875
1 0.703125 0.15 0.0453125 0.0515625
1 0.846875 0.259375 0.0390625 0.05625
1 0.06875 0.23671875 0.040625 0.0453125
1 0.02109375 0.64296875 0.040625 0.0484375
1 0.8265625 0.15390625 0.0421875 0.05625
1 0.9828125 0.03984375 0.034375 0.0484375
1 0.93046875 0.553125 0.0390625 0.0484375
1 0.06640625 0.0171875 0.0390625 0.034375
1 0.90703125 0.88984375 0.0421875 0.0515625
1 0.575 0.34765625 0.0421875 0.053125
1 0.3765625 0.39296875 0.0375 0.0453125
0 0.63515625 0.2203125 0.040625 0.06875
1 0.165625 0.08046875 0.0453125 0.0546875
1 0.6921875 0.39609375 0.040625 0.053125
1 0.784375 0.42734375 0.04375 0.053125
1 0.028125 0.71875 0.04375 0.053125
1 0.27578125 0.53984375 0.0328125 0.04375
1 0.0234375 0.48828125 0.0453125 0.05
1 0.9109375 0.2625 0.040625 0.0609375
1 0.50234375 0.74296875 0.0359375 0.046875
1 0.79921875 0.49453125 0.0359375 0.04375
1 0.5140625 0.42578125 0.0375 0.046875
1 0.540625 0.1765625 0.04375 0.0515625
0 0.8921875 0.68359375 0.0828125 0.0609375
0 0.39765625 0.08046875 0.0578125 0.10625
1 0.25625 0.03671875 0.0453125 0.05625
0 0.02109375 0.85234375 0.0421875 0.1109375
1 0.70625 0.9078125 0.03125 0.0390625
0 0.6484375 0.59453125 0.059375 0.0703125
1 0.5203125 0.86484375 0.040625 0.05
1 0.97890625 0.15234375 0.0421875 0.0640625
1 0.92109375 0.94609375 0.040625 0.04375
1 0.01328125 0.02890625 0.0265625 0.040625
1 0.48125 0.19296875 0.0421875 0.04375
1 0.42109375 0.90625 0.0375 0.046875
1 0.2 0.553125 0.04375 0.0484375
1 0.0171875 0.1640625 0.034375 0.046875
0 0.10703125 0.31875 0.0609375 0.059375
1 0.74921875 0.16796875 0.0390625 0.05
1 0.4875 0.2734375 0.04375 0.05
1 0.6546875 0.9296875 0.0375 0.0421875
1 0.17578125 0.60546875 0.0359375 0.0453125
0 0.59453125 0.76875 0.0671875 0.075
1 0.290625 0.115625 0.0359375 0.0390625
1 0.55546875 0.66015625 0.0390625 0.0546875
1 0.52890625 0.54921875 0.04375 0.053125
1 0.3421875 0.92109375 0.0390625 0.0453125
1 0.3765625 0.73671875 0.034375 0.0421875
0 0.57578125 0.890625 0.0484375 0.0859375
1 0.1234375 0.15234375 0.0453125 0.05
1 0.18203125 0.48984375 0.04375 0.0453125
1 0.22890625 0.1546875 0.0453125 0.05625
1 0.553125 0.06171875 0.0375 0.0453125
1 0.86640625 0.53671875 0.0359375 0.04375
1 0.40625 0.83984375 0.0453125 0.0484375
1 0.5 0.0875 0.03125 0.04375
1 0.6328125 0.05078125 0.040625 0.0484375
1 0.97265625 0.8984375 0.0484375 0.05625
1 0.015625 0.3015625 0.03125 0.04375
1 0.00859375 0.2390625 0.0171875 0.0375