1 0.88828125 0.74453125 0.046875 0.05625
1 0.4234375 0.64375 0.0421875 0.053125
1 0.69453125 0.5859375 0.0390625 0.0453125
1 0.8640625 0.25078125 0.0421875 0.05
1 0.30703125 0.28515625 0.0390625 0.0484375
1 0.57265625 0.64765625 0.0421875 0.0484375
1 0.7359375 0.26640625 0.0390625 0.05
1 0.5390625 0.88828125 0.0453125 0.0578125
1 0.10703125 0.0296875 0.0390625 0.04375
1 0.6515625 0.61171875 0.0484375 0.05625
1 0.9296875 0.5265625 0.0453125 0.0515625
1 0.42421875 0.27421875 0.0390625 0.04375
1 0.79921875 0.60859375 0.0453125 0.05
1 0.653125 0.80625 0.0421875 0.0515625
1 0.8703125 0.04609375 0.040625 0.05
1 0.05859375 0.03671875 0.0375 0.0421875
1 0.61640625 0.23984375 0.0390625 0.0515625
1 0.24375 0.021875 0.0421875 0.04375
1 0.75546875 0.70546875 0.0421875 0.05
1 0.2015625 0.2609375 0.0453125 0.0546875
1 0.46171875 0.590625 0.040625 0.0453125
1 0.796875 0.1015625 0.0375 0.04375
1 0.984375 0.80703125 0.03125 0.0546875
1 0.51953125 0.74765625 0.04375 0.053125
1 0.32109375 0.7265625 0.0375 0.046875
1 0.44296875 0.2171875 0.0390625 0.0484375
1 0.17734375 0.35625 0.0390625 0.05
1 0.05390625 0.946875 0.0359375 0.0421875
1 0.71796875 0.86171875 0.0421875 0.046875
1 0.678125 0.509375 0.040625 0.046875
1 0.79609375 0.33828125 0.04375 0.0515625
1 0.109375 0.09453125 0.0390625 0.0453125
1 0.8265625 0.040625 0.0359375 0.046875
1 0.6328125 0.91484375 0.040625 0.0421875
1 0.36640625 0.7109375 0.0390625 0.0484375
1 0.696875 0.3421875 0.0390625 0.046875
1 0.9828125 0.63125 0.034375 0.0515625
1 0.596875 0.53359375 0.04375 0.05
1 0.41953125 0.109375 0.0390625 0.0453125
1 0.58359375 0.09921875 0.0390625 0.040625
1 0.725 0.0890625 0.0375 0.04375
1 0.11796875 0.26171875 0.046875 0.053125
1 0.875 0.80625 0.046875 0.053125
1 0.3375 0.80859375 0.0390625 0.0484375
1 0.48515625 0.040625 0.0390625 0.04375
1 0.78984375 0.253125 0.040625 0.046875
1 0.7734375 0.784375 0.0421875 0.0453125
1 0.87578125 0.44921875 0.0421875 0.05
1 0.6859375 0.9609375 0.040625 0.0453125
1 0.215625 0.90859375 0.0328125 0.040625
1 0.85234375 0.1234375 0.0390625 0.0484375
1 0.5765625 0.2671875 0.0390625 0.0453125
1 0.16484375 0.88046875 0.0421875 0.046875
1 0.68515625 0.09765625 0.0359375 0.046875
1 0.24765625 0.4703125 0.04375 0.0484375
1 0.88515625 0.571875 0.04375 0.0515625
1 0.58046875 0.17109375 0.040625 0.05
1 0.5578125 0.33046875 0.0359375 0.046875
1 0.83671875 0.8453125 0.04375 0.053125
1 0.54296875 0.07890625 0.0390625 0.046875
1 0.3828125 0.01875 0.040625 0.0375
1 0.9125 0.13984375 0.0421875 0.0515625
1 0.24453125 0.75703125 0.04375 0.0546875
1 0.43984375 0.8984375 0.0390625 0.05
1 0.4046875 0.3484375 0.0375 0.040625
1 0.58515625 0.41875 0.04375 0.053125
1 0.3015625 0.86171875 0.034375 0.04375
1 0.353125 0.3015625 0.034375 0.040625
1 0.93828125 0.33046875 0.046875 0.0515625
1 0.503125 0.121875 0.0390625 0.0453125
1 0.78671875 0.6734375 0.04375 0.0515625
1 0.21015625 0.5515625 0.0390625 0.05
1 0.93828125 0.91875 0.04375 0.053125
1 0.9765625 0.14375 0.0453125 0.0515625
1 0.09609375 0.5765625 0.034375 0.046875
1 0.928125 0.25546875 0.046875 0.046875
1 0.153125 0.4609375 0.0359375 0.04375
1 0.63828125 0.15 0.0359375 0.0484375
1 0.64453125 0.03671875 0.034375 0.040625
1 0.371875 0.5890625 0.0359375 0.0453125
1 0.43515625 0.4078125 0.0390625 0.046875
1 0.61484375 0.66171875 0.0390625 0.046875
1 0.0328125 0.7265625 0.0359375 0.0421875
1 0.5328125 0.59921875 0.04375 0.0546875
1 0.74375 0.56328125 0.0421875 0.046875
1 0.47734375 0.66171875 0.0359375 0.04375
1 0.38125 0.521875 0.03125 0.040625
1 0.2015625 0.159375 0.0359375 0.046875
1 0.53984375 0.97734375 0.0359375 0.0453125
1 0.03671875 0.88125 0.034375 0.040625
1 0.640625 0.71875 0.0421875 0.046875
1 0.65625 0.4359375 0.0375 0.05
1 0.93671875 0.06796875 0.0375 0.04375
1 0.38671875 0.946875 0.03125 0.040625
1 0.32734375 0.4515625 0.0375 0.0453125
1 0.7484375 0.02890625 0.04375 0.04375
1 0.9046875 0.65390625 0.0421875 0.0515625
1 0.01484375 0.83125 0.0265625 0.04375
1 0.9828125 0.40703125 0.034375 0.0671875
1 0.58046875 0.98671875 0.040625 0.0265625
1 0.5855 0.0290625 0.035453125000000085 0.03646875000000001
1 0.604578125 0.014796875000000001 0.03464062499999994 0.029593750000000002
1 0.06165625 0.301953125 0.040874999999999995 0.04710937499999997
1 0.029421874999999997 0.31478125 0.035968749999999994 0.04037499999999996
1 0.038421875 0.21110937500000002 0.035484375 0.041593750000000006
1 0.02109375 0.246875 0.0421875 0.040625
1 0.03729687499999999 0.585796875 0.038546874999999994 0.03792187499999997
1 0.022343750000000002 0.61875 0.034546875 0.036890625000000024
1 0.47490625 0.73784375 0.03595312499999999 0.03462499999999995
1 0.46915625 0.7657812500000001 0.04196875000000002 0.03890624999999996
1 0.31803125 0.93575 0.03284374999999997 0.03626562500000006
1 0.32465625 0.97496875 0.044218750000000015 0.03496875000000017
1 0.178984375 0.98071875 0.034734374999999984 0.036062499999999886
1 0.153515625 0.9597187500000001 0.031515625000000026 0.03431250000000006