0 0.5203125 0.1484375 0.08125 0.0765625
0 0.20390625 0.653125 0.06875 0.0703125
0 0.17109375 0.1984375 0.0515625 0.0765625
0 0.61171875 0.57109375 0.0703125 0.090625
0 0.73203125 0.4703125 0.084375 0.0625
0 0.790625 0.55859375 0.0765625 0.0671875
0 0.796875 0.86484375 0.0671875 0.1015625
0 0.03203125 0.42421875 0.0625 0.0796875
0 0.03671875 0.3546875 0.0734375 0.090625
1 0.7109375 0.72734375 0.0421875 0.05
1 0.734375 0.6796875 0.0421875 0.0484375
1 0.66015625 0.6859375 0.046875 0.0578125
1 0.6703125 0.871875 0.04375 0.0484375
1 0.80625 0.75390625 0.034375 0.0484375
1 0.8515625 0.7625 0.034375 0.05
1 0.7609375 0.74765625 0.0421875 0.0546875
1 0.85 0.88984375 0.0515625 0.065625
1 0.896875 0.1109375 0.046875 0.0609375
1 0.840625 0.215625 0.0484375 0.05625
1 0.86328125 0.27734375 0.0546875 0.0640625
1 0.9015625 0.31875 0.0515625 0.0765625
1 0.94609375 0.37421875 0.04375 0.0671875
1 0.77734375 0.378125 0.046875 0.0578125
1 0.76484375 0.26484375 0.0421875 0.059375
1 0.759375 0.17734375 0.05 0.053125
1 0.734375 0.13046875 0.04375 0.05625
1 0.64765625 0.0828125 0.0484375 0.059375
1 0.58515625 0.33828125 0.05 0.0578125
1 0.53359375 0.48203125 0.0515625 0.0546875
1 0.421875 0.49296875 0.046875 0.053125
1 0.3765625 0.4640625 0.040625 0.059375
1 0.4640625 0.521875 0.0484375 0.059375
1 0.24921875 0.490625 0.0453125 0.05625
1 0.21484375 0.54609375 0.04375 0.0515625
1 0.24296875 0.771875 0.0546875 0.0765625
1 0.378125 0.71796875 0.0421875 0.04375
1 0.3046875 0.746875 0.04375 0.0546875
1 0.22109375 0.91796875 0.04375 0.05
1 0.3 0.88671875 0.0421875 0.05
1 0.06875 0.75390625 0.0453125 0.0625
1 0.134375 0.45859375 0.04375 0.0546875
1 0.20859375 0.34921875 0.04375 0.040625
1 0.0625 0.23125 0.04375 0.05625
1 0.0265625 0.0609375 0.0390625 0.0546875
1 0.14453125 0.0875 0.040625 0.0453125
1 0.31328125 0.06015625 0.0390625 0.053125
1 0.4640625 0.134375 0.0421875 0.0515625
1 0.38046875 0.1734375 0.0375 0.0484375
1 0.3390625 0.225 0.04375 0.05625
1 0.28125 0.27421875 0.0390625 0.046875
1 0.4890625 0.275 0.0484375 0.0546875
1 0.39765625 0.30234375 0.0421875 0.0421875
1 0.56015625 0.22890625 0.046875 0.0515625
1 0.4875 0.4171875 0.0390625 0.046875
1 0.37578125 0.58203125 0.0453125 0.0546875
1 0.4328125 0.81796875 0.0484375 0.0546875
1 0.58515625 0.85703125 0.046875 0.05625
1 0.1421875 0.88359375 0.046875 0.0546875
0 0.14921875 0.80390625 0.053125 0.0890625
1 0.1890625 0.76328125 0.0515625 0.0515625
1 0.87421875 0.96328125 0.0375 0.040625
1 0.87734375 0.63984375 0.046875 0.0578125
1 0.97890625 0.63203125 0.0421875 0.0515625
1 0.94140625 0.5171875 0.0421875 0.05
1 0.978125 0.1453125 0.0390625 0.0609375
1 0.5953125 0.71796875 0.046875 0.046875