1 0.62890625 0.06796875 0.0359375 0.0375
1 0.9109375 0.728125 0.0359375 0.0359375
1 0.90703125 0.490625 0.0375 0.0421875
0 0.77421875 0.8390625 0.053125 0.0859375
0 0.715625 0.36875 0.05 0.0921875
0 0.6375 0.6859375 0.0703125 0.046875
0 0.68515625 0.20546875 0.05625 0.0765625
1 0.71640625 0.9390625 0.0375 0.0453125
1 0.55546875 0.54453125 0.0359375 0.0375
1 0.96875 0.309375 0.040625 0.04375
1 0.4578125 0.1640625 0.0359375 0.04375
1 0.5046875 0.584375 0.0390625 0.0484375
1 0.79609375 0.9171875 0.0359375 0.04375
0 0.74453125 0.125 0.0546875 0.0515625
1 0.62890625 0.4578125 0.040625 0.0484375
1 0.365625 0.0625 0.0390625 0.0453125
1 0.6703125 0.86015625 0.034375 0.04375
1 0.9203125 0.34609375 0.0390625 0.040625
1 0.10390625 0.55625 0.0375 0.05
1 0.928125 0.6546875 0.0375 0.0421875
1 0.4109375 0.08984375 0.0359375 0.0390625
1 0.87109375 0.23671875 0.0375 0.0453125
1 0.86484375 0.30859375 0.0390625 0.04375
1 0.9609375 0.4640625 0.0421875 0.04375
1 0.21796875 0.55234375 0.0359375 0.04375
1 0.759375 0.190625 0.040625 0.0453125
1 0.74765625 0.546875 0.040625 0.0453125
1 0.83125 0.80078125 0.0375 0.046875
1 0.68671875 0.4921875 0.0390625 0.04375
1 0.8125 0.47734375 0.0375 0.0421875
1 0.81328125 0.415625 0.0375 0.0453125
1 0.10546875 0.81328125 0.034375 0.04375
1 0.66796875 0.74296875 0.0359375 0.04375
1 0.2703125 0.13515625 0.0375 0.0390625
1 0.8390625 0.628125 0.0421875 0.04375
1 0.11875 0.23828125 0.0328125 0.040625
1 0.25859375 0.35078125 0.0359375 0.0421875
1 0.8625 0.43984375 0.0359375 0.0421875
1 0.91640625 0.809375 0.040625 0.0453125
1 0.98359375 0.2234375 0.0328125 0.053125
1 0.21875 0.2609375 0.0328125 0.040625
1 0.290625 0.09375 0.0390625 0.04375
1 0.19375 0.375 0.0375 0.04375
1 0.60703125 0.12421875 0.0328125 0.0375
1 0.5703125 0.603125 0.0328125 0.0359375
1 0.65703125 0.1171875 0.03125 0.0359375
1 0.0828125 0.91875 0.0359375 0.0453125
1 0.33671875 0.625 0.034375 0.0453125
1 0.63828125 0.571875 0.0265625 0.0296875
1 0.03828125 0.45234375 0.0390625 0.0421875
1 0.86328125 0.11875 0.0375 0.04375
1 0.071875 0.09453125 0.0359375 0.040625
1 0.021875 0.3203125 0.040625 0.0453125
1 0.73671875 0.61640625 0.0375 0.0390625
1 0.71015625 0.28203125 0.034375 0.0421875
1 0.96171875 0.5421875 0.0390625 0.04375
1 0.89921875 0.89921875 0.04375 0.0484375
1 0.37109375 0.96328125 0.0390625 0.0453125
1 0.0375 0.5796875 0.034375 0.04375
1 0.66640625 0.3546875 0.0390625 0.046875
1 0.8328125 0.55390625 0.0359375 0.040625
1 0.26953125 0.69140625 0.034375 0.0390625
1 0.76953125 0.74609375 0.0390625 0.040625
1 0.13515625 0.46953125 0.0421875 0.0515625
1 0.49375 0.08984375 0.0375 0.046875
1 0.0671875 0.64375 0.0296875 0.0390625
1 0.71640625 0.7171875 0.028125 0.0328125
1 0.3015625 0.86328125 0.0296875 0.0359375
1 0.06796875 0.72421875 0.03125 0.0359375
1 0.196875 0.0703125 0.0328125 0.0390625
1 0.5609375 0.48671875 0.0328125 0.0375
1 0.5671875 0.971875 0.034375 0.0390625
1 0.159375 0.55625 0.0328125 0.040625
1 0.33359375 0.534375 0.03125 0.0359375
0 0.184375 0.96484375 0.0453125 0.06875
1 0.284375 0.29921875 0.034375 0.0390625
0 0.440625 0.47265625 0.040625 0.04375
1 0.95234375 0.76484375 0.0359375 0.040625
1 0.16328125 0.83125 0.0296875 0.0390625
1 0.2125 0.70390625 0.034375 0.0359375
1 0.41015625 0.5734375 0.03125 0.0359375
1 0.46953125 0.915625 0.0359375 0.0375
1 0.2953125 0.23046875 0.0375 0.040625
1 0.41640625 0.2796875 0.0375 0.04375
1 0.55703125 0.703125 0.034375 0.0390625
1 0.21015625 0.4390625 0.034375 0.0390625
1 0.159375 0.76328125 0.0328125 0.040625
1 0.184375 0.31484375 0.0328125 0.0328125
1 0.38125 0.50703125 0.0328125 0.0375
1 0.68828125 0.06953125 0.0328125 0.034375
1 0.509375 0.33984375 0.0375 0.0390625
1 0.646875 0.26953125 0.028125 0.034375
1 0.33046875 0.74609375 0.03125 0.040625
1 0.3890625 0.41640625 0.0453125 0.0390625
1 0.27421875 0.51640625 0.03125 0.046875
1 0.4140625 0.74765625 0.034375 0.04375
1 0.54296875 0.81875 0.0375 0.05
1 0.3046875 0.4484375 0.0390625 0.059375
1 0.35 0.85546875 0.028125 0.0359375
1 0.39609375 0.89453125 0.03125 0.0390625
1 0.4390625 0.8296875 0.0328125 0.0421875
1 0.66328125 0.63046875 0.0390625 0.05
0 0.81953125 0.34921875 0.046875 0.05625
1 0.3859375 0.6109375 0.0328125 0.0359375
1 0.00703125 0.2375 0.0140625 0.05
1 0.6234375 0.00859375 0.03125 0.0171875
1 0.7171875 0.00703125 0.028125 0.0140625
1 0.48046875 0.00859375 0.0296875 0.0171875
1 0.76640625 0.9828125 0.0421875 0.034375
1 0.63125 0.9859375 0.040625 0.028125
1 0.00859375 0.975 0.0171875 0.0375
1 0.009375 0.3921875 0.01875 0.05625
1 0.0828125 0.0078125 0.0328125 0.015625