1 0.72890625 0.31328125 0.0390625 0.05
1 0.83828125 0.4125 0.040625 0.0515625
1 0.4296875 0.73671875 0.040625 0.0484375
1 0.27734375 0.3765625 0.0390625 0.0515625
1 0.2265625 0.8890625 0.0421875 0.0546875
1 0.7953125 0.9703125 0.03125 0.0359375
1 0.47421875 0.30078125 0.0421875 0.0515625
1 0.05390625 0.025 0.0453125 0.05
1 0.7015625 0.51015625 0.040625 0.046875
1 0.56875 0.65 0.0390625 0.0484375
1 0.71953125 0.57578125 0.0390625 0.0515625
1 0.39765625 0.80546875 0.0390625 0.0515625
1 0.6609375 0.56015625 0.0359375 0.046875
1 0.975 0.01875 0.0375 0.0375
1 0.34140625 0.265625 0.0390625 0.0515625
1 0.5546875 0.82578125 0.0390625 0.04375
1 0.46875 0.23984375 0.0390625 0.0484375
1 0.50625 0.19296875 0.0390625 0.0515625
1 0.1859375 0.05625 0.040625 0.053125
1 0.06875 0.8421875 0.0375 0.053125
1 0.70390625 0.4484375 0.0375 0.0453125
1 0.78125 0.54296875 0.0390625 0.0484375
1 0.37578125 0.21171875 0.0375 0.0421875
1 0.234375 0.1625 0.040625 0.0515625
1 0.2859375 0.81328125 0.040625 0.0515625
1 0.40078125 0.5234375 0.0390625 0.05625
1 0.77265625 0.35078125 0.040625 0.0546875
1 0.03828125 0.57734375 0.0453125 0.0625
1 0.15546875 0.3015625 0.0375 0.05
1 0.1015625 0.16015625 0.0328125 0.040625
1 0.88046875 0.3796875 0.034375 0.0453125
1 0.70625 0.37109375 0.0375 0.0484375
1 0.5328125 0.25078125 0.0390625 0.0484375
1 0.4703125 0.78828125 0.034375 0.0421875
1 0.4453125 0.928125 0.0375 0.046875
1 0.4921875 0.546875 0.0390625 0.0515625
1 0.5625 0.334375 0.0375 0.0484375
1 0.96015625 0.22265625 0.0390625 0.0515625
1 0.4046875 0.334375 0.040625 0.0515625
1 0.1234375 0.746875 0.0390625 0.0484375
1 0.93203125 0.86953125 0.03125 0.0375
1 0.678125 0.23046875 0.040625 0.0484375
1 0.7921875 0.66171875 0.03125 0.0390625
1 0.3328125 0.3453125 0.0421875 0.0515625
1 0.3734375 0.925 0.0375 0.0453125
1 0.6953125 0.14921875 0.040625 0.0484375
1 0.3390625 0.05078125 0.046875 0.06875
1 0.04765625 0.76875 0.034375 0.0453125
1 0.59921875 0.90390625 0.0375 0.040625
1 0.46953125 0.62265625 0.03125 0.0390625
1 0.8078125 0.6 0.034375 0.0359375
1 0.2125 0.55 0.0375 0.04375
1 0.4734375 0.98125 0.040625 0.0375
1 0.17109375 0.3578125 0.040625 0.0515625
1 0.47109375 0.36171875 0.0390625 0.046875
1 0.2328125 0.596875 0.0390625 0.0515625
1 0.975 0.3671875 0.0375 0.0453125
1 0.775 0.19296875 0.03125 0.0375
1 0.43046875 0.2203125 0.040625 0.05
1 0.18515625 0.42109375 0.040625 0.05
1 0.01640625 0.39375 0.0328125 0.0546875
1 0.64609375 0.6984375 0.040625 0.046875
1 0.9328125 0.059375 0.0328125 0.04375
1 0.221875 0.471875 0.0453125 0.0625
1 0.871875 0.9765625 0.0328125 0.040625
1 0.74140625 0.97421875 0.0359375 0.0453125
1 0.53671875 0.703125 0.0359375 0.04375
1 0.26015625 0.5390625 0.0390625 0.05
1 0.340625 0.51875 0.0359375 0.0453125
1 0.7875 0.4890625 0.0359375 0.0421875
1 0.1125 0.43671875 0.0375 0.0484375
1 0.93046875 0.7296875 0.0328125 0.0421875
1 0.71875 0.7734375 0.03125 0.0390625
1 0.609375 0.978125 0.0421875 0.04375
1 0.52578125 0.66015625 0.0375 0.046875
1 0.95859375 0.30859375 0.034375 0.04375
1 0.92265625 0.1875 0.0375 0.04375
1 0.98671875 0.5328125 0.0265625 0.04375
1 0.39296875 0.1421875 0.034375 0.0390625
1 0.6609375 0.7546875 0.034375 0.0390625
1 0.56484375 0.75859375 0.03125 0.0390625
1 0.7828125 0.7203125 0.034375 0.0359375
1 0.15234375 0.18828125 0.0328125 0.0375
1 0.2390625 0.6515625 0.034375 0.0421875
1 0.7296875 0.25703125 0.0328125 0.0375
1 0.26875 0.1171875 0.0421875 0.0484375
1 0.11796875 0.61328125 0.04375 0.0546875
1 0.11171875 0.671875 0.046875 0.0625
1 0.13984375 0.2390625 0.040625 0.05
1 0.440625 0.03984375 0.0375 0.0453125
1 0.81171875 0.0640625 0.04375 0.0453125
1 0.2515625 0.73828125 0.0390625 0.0484375
1 0.009375 0.04375 0.01875 0.0515625
1 0.10859375 0.01015625 0.0359375 0.0203125
1 0.5125 0.0140625 0.040625 0.028125
1 0.00703125 0.68828125 0.0140625 0.04375
1 0.98828125 0.20546875 0.0234375 0.046875
1 0.940625 0.9859375 0.0453125 0.028125
1 0.06296874999999999 0.40700000000000003 0.038765625000000005 0.046875
1 0.07303125 0.37120312499999997 0.044578125 0.04328124999999998
1 0.6049375 0.218484375 0.05337499999999995 0.05776562499999997
1 0.6375 0.193078125 0.047296874999999974 0.05668749999999998
1 0.6790468749999999 0.06903125 0.0484375 0.05178125
1 0.6960468750000001 0.038828125000000005 0.046656250000000024 0.05489062500000001
1 0.8739531250000001 0.48587499999999995 0.04031249999999993 0.04285937499999992
1 0.8872500000000001 0.45531249999999995 0.0325312499999999 0.04401562499999993
1 0.8167031250000001 0.7659374999999999 0.033140625000000055 0.03826562500000001
1 0.8433125 0.754390625 0.0327031250000001 0.038078125000000004
1 0.8524375 0.8999062500000001 0.03949999999999996 0.03706250000000004
1 0.865546875 0.8686718750000001 0.04281250000000014 0.04045312500000016
1 0.48364062499999994 0.88728125 0.03534375000000001 0.03634374999999999
1 0.49545312499999994 0.8651406250000001 0.029625000000000058 0.03500000000000014
1 0.1520625 0.7838437500000001 0.03746874999999998 0.040078124999999964
1 0.16140625 0.820125 0.033781250000000006 0.04932812499999999