1 0.428125 0.06484375 0.040625 0.05
1 0.13828125 0.465625 0.040625 0.0515625
1 0.20234375 0.35390625 0.040625 0.053125
1 0.5625 0.54140625 0.040625 0.0515625
1 0.51875 0.775 0.046875 0.059375
1 0.11640625 0.95 0.0421875 0.0515625
1 0.71328125 0.5296875 0.0390625 0.0484375
1 0.30703125 0.91640625 0.0421875 0.0515625
1 0.37734375 0.6546875 0.0390625 0.0484375
1 0.265625 0.63046875 0.04375 0.0515625
1 0.60078125 0.06640625 0.0390625 0.05
1 0.94609375 0.80703125 0.046875 0.0546875
1 0.03828125 0.41796875 0.040625 0.05
1 0.2953125 0.825 0.0390625 0.05
1 0.61953125 0.3046875 0.046875 0.065625
1 0.73125 0.16015625 0.0515625 0.065625
1 0.65078125 0.5171875 0.040625 0.053125
1 0.58671875 0.72734375 0.04375 0.0515625
1 0.8453125 0.68203125 0.04375 0.053125
1 0.60625 0.65078125 0.040625 0.05
1 0.246875 0.38828125 0.0421875 0.0515625
1 0.44375 0.72734375 0.040625 0.0484375
1 0.25703125 0.153125 0.040625 0.0515625
1 0.9078125 0.24296875 0.040625 0.05
1 0.05390625 0.70078125 0.0359375 0.04375
1 0.68359375 0.775 0.040625 0.0515625
1 0.403125 0.58046875 0.05 0.0625
1 0.571875 0.390625 0.046875 0.0671875
1 0.20703125 0.71640625 0.0390625 0.05
1 0.275 0.0765625 0.0390625 0.046875
1 0.21171875 0.08125 0.040625 0.0515625
1 0.815625 0.31875 0.04375 0.053125
1 0.89921875 0.1484375 0.0421875 0.0546875
1 0.90390625 0.390625 0.0375 0.0453125
1 0.9765625 0.871875 0.04375 0.0515625
1 0.86484375 0.01953125 0.0421875 0.0390625
1 0.84375 0.1578125 0.0421875 0.05
1 0.90703125 0.4484375 0.0390625 0.05
1 0.515625 0.86640625 0.040625 0.05
1 0.65390625 0.0375 0.0390625 0.05
1 0.67421875 0.421875 0.04375 0.053125
1 0.34921875 0.22734375 0.0390625 0.0515625
1 0.75625 0.021875 0.040625 0.04375
1 0.978125 0.546875 0.0421875 0.053125
1 0.3171875 0.72734375 0.0421875 0.0484375
1 0.35078125 0.084375 0.040625 0.0515625
1 0.2828125 0.3515625 0.0390625 0.0515625
1 0.33515625 0.66484375 0.0390625 0.05
1 0.97578125 0.47265625 0.04375 0.0546875
1 0.0671875 0.59609375 0.0375 0.0484375
1 0.41328125 0.17890625 0.04375 0.053125
1 0.3578125 0.896875 0.040625 0.0515625
1 0.70859375 0.34296875 0.0359375 0.0421875
1 0.40546875 0.4765625 0.0421875 0.0546875
1 0.9828125 0.3734375 0.034375 0.0453125
1 0.08125 0.2484375 0.0453125 0.0609375
1 0.671875 0.26640625 0.040625 0.05
1 0.85703125 0.5234375 0.040625 0.046875
1 0.58359375 0.01796875 0.040625 0.0359375
1 0.734375 0.6875 0.040625 0.046875
1 0.428125 0.86328125 0.0390625 0.05
1 0.33671875 0.434375 0.040625 0.0515625
1 0.1890625 0.78515625 0.0359375 0.0453125
1 0.41796875 0.27265625 0.0421875 0.046875
1 0.134375 0.37265625 0.0375 0.04375
1 0.23359375 0.2640625 0.0453125 0.053125
1 0.3765625 0.79765625 0.040625 0.05
1 0.56875 0.221875 0.040625 0.05
1 0.1984375 0.89453125 0.0359375 0.04375
1 0.4984375 0.1984375 0.0390625 0.0484375
1 0.95390625 0.15 0.0453125 0.0578125
1 0.33984375 0.53671875 0.04375 0.05
1 0.79921875 0.82578125 0.04375 0.05
1 0.6484375 0.6125 0.0375 0.04375
1 0.1 0.5390625 0.040625 0.046875
1 0.50625 0.60390625 0.046875 0.05
1 0.49296875 0.49375 0.046875 0.053125
1 0.615625 0.8828125 0.046875 0.0578125
1 0.96640625 0.9828125 0.0546875 0.034375
1 0.64375 0.984375 0.04375 0.03125
1 0.37734375 0.98203125 0.04375 0.0359375
1 0.19175 0.20973437499999997 0.044781250000000015 0.04340625000000002
1 0.19368749999999998 0.175328125 0.043015625 0.035109375
1 0.42456250000000006 0.38925 0.05520312500000002 0.05385937500000004
1 0.43446875 0.32984375 0.061562499999999964 0.057374999999999954
1 0.825375 0.41321874999999997 0.04082812500000017 0.036640625000000024
1 0.8497031249999999 0.43360937499999996 0.035406250000000125 0.03735937499999995
1 0.12259374999999999 0.8006718749999999 0.03576562500000002 0.037375000000000026
1 0.136140625 0.774828125 0.0348125 0.033203125
1 0.43451562499999996 0.650109375 0.03435937500000001 0.03556249999999998
1 0.420046875 0.679390625 0.02823437500000008 0.035218749999999945
1 0.8640625 0.88771875 0.04256250000000002 0.04629687500000017
1 0.8788750000000001 0.8735468750000001 0.03275000000000006 0.04375
1 0.9130625 0.757015625 0.030921874999999942 0.03348437499999992
1 0.8930624999999999 0.77275 0.03607812499999987 0.03610937500000002
1 0.984015625 0.690125 0.03196875000000006 0.046890624999999984
1 0.9830625 0.64796875 0.033859375000000115 0.04878125000000004