1 0.10625 0.0671875 0.046875 0.0578125
1 0.01953125 0.153125 0.0390625 0.059375
1 0.08125 0.33984375 0.0421875 0.0515625
1 0.03984375 0.3796875 0.046875 0.0546875
1 0.07890625 0.515625 0.0453125 0.059375
1 0.053125 0.56953125 0.0421875 0.0625
1 0.20390625 0.5484375 0.0453125 0.053125
1 0.11640625 0.46796875 0.046875 0.046875
1 0.2390625 0.63515625 0.0484375 0.0625
1 0.28515625 0.54453125 0.05 0.0609375
1 0.24921875 0.49921875 0.05 0.0546875
1 0.31875 0.04765625 0.046875 0.0515625
1 0.37890625 0.02421875 0.04375 0.0484375
1 0.2484375 0.290625 0.0421875 0.0515625
1 0.22265625 0.21875 0.040625 0.05
1 0.27578125 0.19609375 0.0375 0.0453125
1 0.20625 0.35625 0.0453125 0.0609375
1 0.2734375 0.371875 0.0375 0.05
1 0.3203125 0.328125 0.0390625 0.053125
1 0.371875 0.2984375 0.028125 0.0515625
1 0.39453125 0.3671875 0.0515625 0.053125
1 0.45390625 0.35625 0.04375 0.0546875
1 0.60625 0.3078125 0.04375 0.0546875
1 0.55703125 0.4421875 0.0421875 0.053125
1 0.57578125 0.5078125 0.0390625 0.046875
1 0.61328125 0.57734375 0.0484375 0.0515625
1 0.67265625 0.52734375 0.0359375 0.053125
1 0.8078125 0.4453125 0.0359375 0.05
1 0.7734375 0.75234375 0.04375 0.0578125
1 0.8375 0.7671875 0.0453125 0.0578125
1 0.68125 0.840625 0.04375 0.053125
1 0.7859375 0.83046875 0.040625 0.0453125
1 0.96328125 0.9015625 0.05 0.0703125
1 0.90859375 0.7046875 0.0390625 0.05
1 0.85859375 0.546875 0.0578125 0.0734375
1 0.928125 0.51484375 0.04375 0.0546875
1 0.78515625 0.375 0.0359375 0.04375
1 0.8328125 0.34453125 0.040625 0.046875
1 0.896875 0.21875 0.0546875 0.059375
1 0.9421875 0.16171875 0.0375 0.0515625
1 0.50703125 0.58359375 0.0390625 0.0515625
1 0.34296875 0.66484375 0.0375 0.0546875
1 0.29765625 0.83984375 0.05 0.0609375
1 0.39765625 0.8234375 0.046875 0.05625
1 0.31328125 0.94375 0.046875 0.0515625
1 0.175 0.8140625 0.0453125 0.0515625
1 0.2140625 0.896875 0.0515625 0.0578125
1 0.034375 0.840625 0.0515625 0.0640625
1 0.102859375 0.687859375 0.047390625000000006 0.06603124999999999
1 0.14709375 0.670359375 0.05404687500000001 0.06389062499999998
1 0.23126562499999997 0.7104375 0.04604687500000004 0.057734375000000074
1 0.259578125 0.74071875 0.037406249999999995 0.05298437499999995
1 0.41221874999999997 0.9084843749999999 0.04121874999999999 0.05582812500000003
1 0.44510937500000003 0.89253125 0.045859375000000036 0.05073437500000004
1 0.47214062500000004 0.9685312500000001 0.05593749999999993 0.04851562499999993
1 0.4328125 0.98046875 0.05 0.0390625
1 0.6261875 0.087921875 0.048562500000000064 0.05610937499999998
1 0.600796875 0.13228125 0.04040625000000002 0.04907812499999999
1 0.83021875 0.237703125 0.03887500000000017 0.05385937500000004
1 0.8374062500000001 0.27718750000000003 0.04089062500000011 0.04934374999999998
1 0.82125 0.037828125000000004 0.027328125000000016 0.0389375
1 0.8361875 0.015125 0.034375 0.030234375
1 0.757515625 0.542859375 0.06665624999999994 0.06640625
1 0.765828125 0.603953125 0.04532812499999998 0.05573437499999993
1 0.97246875 0.6055312500000001 0.049828125000000154 0.05221874999999994
1 0.9734375 0.66796875 0.053125 0.0640625
1 0.675078125 0.375046875 0.057937500000000065 0.04901562500000001
1 0.672640625 0.31848437500000004 0.05373437499999998 0.049046874999999976