0 0.178125 0.36796875 0.0671875 0.0890625
0 0.40546875 0.228125 0.0609375 0.0671875
0 0.81796875 0.609375 0.05 0.090625
0 0.5328125 0.91796875 0.0578125 0.0640625
0 0.43359375 0.87109375 0.0640625 0.0734375
0 0.2359375 0.83125 0.0484375 0.0859375
1 0.0359375 0.17109375 0.0421875 0.0625
1 0.1484375 0.06015625 0.046875 0.0484375
1 0.221875 0.09921875 0.0390625 0.046875
1 0.21015625 0.025 0.0453125 0.05
1 0.16640625 0.18125 0.040625 0.0546875
1 0.3359375 0.02265625 0.0421875 0.0453125
1 0.41953125 0.1375 0.0484375 0.059375
1 0.50546875 0.153125 0.04375 0.053125
1 0.55703125 0.16015625 0.0484375 0.053125
1 0.58984375 0.06484375 0.05 0.0484375
1 0.6140625 0.2078125 0.059375 0.0625
1 0.675 0.165625 0.0546875 0.0703125
1 0.6984375 0.1015625 0.046875 0.0625
1 0.653125 0.046875 0.05 0.0734375
1 0.6953125 0.2875 0.053125 0.0625
1 0.771875 0.1734375 0.040625 0.0515625
1 0.790625 0.2234375 0.04375 0.053125
1 0.7984375 0.2875 0.0484375 0.0609375
1 0.80703125 0.10625 0.053125 0.0609375
1 0.86484375 0.17421875 0.0453125 0.0484375
1 0.86015625 0.05546875 0.05 0.0578125
1 0.89765625 0.10234375 0.0453125 0.046875
1 0.92421875 0.0359375 0.0484375 0.059375
1 0.89296875 0.32421875 0.0328125 0.040625
1 0.96875 0.44296875 0.040625 0.046875
1 0.9375 0.74609375 0.0453125 0.04375
1 0.94296875 0.6671875 0.0421875 0.0515625
1 0.8890625 0.64296875 0.04375 0.05625
1 0.884375 0.50703125 0.040625 0.046875
1 0.7046875 0.5546875 0.0453125 0.0546875
1 0.89921875 0.8140625 0.0390625 0.0515625
1 0.853125 0.90703125 0.0390625 0.0484375
1 0.75078125 0.88359375 0.0421875 0.0515625
1 0.67109375 0.93515625 0.0421875 0.046875
1 0.62109375 0.9234375 0.0453125 0.05
1 0.65390625 0.846875 0.0484375 0.0484375
1 0.5875 0.7359375 0.0421875 0.0515625
1 0.628125 0.6296875 0.05 0.0609375
1 0.57265625 0.58046875 0.0421875 0.05
1 0.5265625 0.678125 0.046875 0.046875
1 0.47734375 0.653125 0.046875 0.046875
1 0.4390625 0.71953125 0.0484375 0.0546875
1 0.428125 0.61796875 0.0453125 0.05
1 0.4546875 0.3828125 0.0515625 0.059375
1 0.5296875 0.3390625 0.046875 0.059375
1 0.40703125 0.48828125 0.046875 0.0546875
1 0.51484375 0.51640625 0.04375 0.05
1 0.31484375 0.875 0.0546875 0.059375
1 0.39609375 0.8234375 0.0328125 0.04375
1 0.40078125 0.95859375 0.040625 0.053125
1 0.07578125 0.9609375 0.0546875 0.0640625
1 0.034375 0.890625 0.0390625 0.0578125
1 0.096875 0.88671875 0.059375 0.071875
1 0.16171875 0.87109375 0.053125 0.0546875
1 0.10390625 0.628125 0.0375 0.046875
1 0.07421875 0.67421875 0.040625 0.05625
1 0.234375 0.65546875 0.046875 0.0625
1 0.1828125 0.52421875 0.0390625 0.04375
1 0.0671875 0.35390625 0.0546875 0.059375
1 0.64765625 0.44453125 0.04375 0.0515625