1 0.61328125 0.128125 0.0421875 0.05
1 0.28984375 0.415625 0.0390625 0.05
1 0.65390625 0.38984375 0.040625 0.0484375
1 0.60625 0.7796875 0.0390625 0.0453125
1 0.17421875 0.584375 0.0390625 0.046875
1 0.70625 0.759375 0.0390625 0.046875
1 0.25703125 0.1546875 0.040625 0.05
1 0.51015625 0.45625 0.0421875 0.046875
1 0.4515625 0.86015625 0.04375 0.05
1 0.61640625 0.3140625 0.0390625 0.0484375
1 0.7671875 0.91875 0.0390625 0.05
1 0.1421875 0.3140625 0.0390625 0.0515625
1 0.41953125 0.790625 0.0390625 0.05
1 0.95078125 0.12734375 0.04375 0.05625
1 0.88984375 0.1578125 0.0484375 0.0640625
1 0.26484375 0.22890625 0.0390625 0.0484375
1 0.2109375 0.83671875 0.046875 0.0609375
1 0.68671875 0.46484375 0.0390625 0.0484375
1 0.23984375 0.5625 0.0390625 0.046875
1 0.22421875 0.7453125 0.040625 0.05
1 0.58359375 0.58125 0.040625 0.05
1 0.3359375 0.80703125 0.040625 0.0484375
1 0.08671875 0.69921875 0.0390625 0.0484375
1 0.85078125 0.36875 0.0515625 0.059375
1 0.46484375 0.16171875 0.046875 0.0609375
1 0.171875 0.94140625 0.0390625 0.046875
1 0.546875 0.97421875 0.05 0.05
1 0.153125 0.034375 0.040625 0.053125
1 0.54453125 0.315625 0.0390625 0.0484375
1 0.2734375 0.52109375 0.040625 0.0484375
1 0.5765625 0.4125 0.0453125 0.053125
1 0.73359375 0.5609375 0.0390625 0.0484375
1 0.3875 0.28046875 0.0375 0.0453125
1 0.34375 0.628125 0.040625 0.05
1 0.0703125 0.25078125 0.0390625 0.05
1 0.88046875 0.2859375 0.0421875 0.05
1 0.36953125 0.43359375 0.046875 0.059375
1 0.94375 0.5203125 0.040625 0.0453125
1 0.73984375 0.29140625 0.0421875 0.0484375
1 0.9359375 0.59296875 0.0453125 0.0515625
1 0.709375 0.36875 0.0421875 0.05
1 0.05390625 0.85 0.0390625 0.046875
1 0.403125 0.4953125 0.040625 0.0484375
1 0.61875 0.68671875 0.0390625 0.05
1 0.8375 0.30546875 0.0390625 0.04375
1 0.0796875 0.39296875 0.040625 0.0484375
1 0.015625 0.2953125 0.03125 0.0515625
1 0.13359375 0.47265625 0.04375 0.053125
1 0.07890625 0.5875 0.0390625 0.0515625
1 0.3015625 0.02109375 0.040625 0.0421875
1 0.046875 0.45703125 0.0390625 0.05
1 0.44765625 0.34765625 0.0375 0.04375
1 0.54296875 0.74453125 0.0390625 0.046875
1 0.65546875 0.60078125 0.0390625 0.04375
1 0.33125 0.3421875 0.0375 0.0453125
1 0.721875 0.1890625 0.0390625 0.0484375
1 0.36171875 0.96953125 0.040625 0.05
1 0.8234375 0.153125 0.0359375 0.04375
1 0.3828125 0.68984375 0.0390625 0.04375
1 0.2921875 0.2890625 0.0375 0.046875
1 0.490625 0.05703125 0.0390625 0.05
1 0.0203125 0.11484375 0.0328125 0.040625
1 0.01484375 0.5375 0.0296875 0.0484375
1 0.8375 0.93046875 0.0375 0.0453125
1 0.4703125 0.74765625 0.034375 0.0421875
1 0.275 0.734375 0.03125 0.040625
1 0.4296875 0.65 0.0375 0.04375
1 0.240625 0.646875 0.04375 0.0515625
1 0.28828125 0.95546875 0.0375 0.0453125
1 0.6625 0.28359375 0.040625 0.046875
1 0.92734375 0.965625 0.0484375 0.0515625
1 0.7921875 0.44765625 0.0390625 0.04375
1 0.290625 0.68984375 0.0328125 0.040625
1 0.453125 0.94765625 0.0421875 0.046875
1 0.41953125 0.02265625 0.0390625 0.0453125
1 0.8546875 0.59609375 0.0390625 0.04375
1 0.51953125 0.61171875 0.0390625 0.04375
1 0.36640625 0.525 0.0390625 0.04375
1 0.33828125 0.728125 0.0359375 0.040625
1 0.7515625 0.49296875 0.05 0.053125
1 0.63984375 0.840625 0.0359375 0.0421875
1 0.0296875 0.0234375 0.0328125 0.0421875
1 0.665625 0.225 0.0359375 0.0421875
1 0.9703125 0.903125 0.0390625 0.0484375
1 0.74296875 0.13828125 0.040625 0.046875
1 0.209375 0.028125 0.040625 0.05
1 0.81953125 0.8546875 0.0375 0.046875
1 0.0984375 0.91484375 0.0375 0.0484375
1 0.9234375 0.34375 0.040625 0.046875
1 0.78359375 0.61953125 0.0484375 0.0546875
1 0.85234375 0.54765625 0.0421875 0.0515625
1 0.38046875 0.91796875 0.0421875 0.0453125
1 0.95703125 0.29765625 0.040625 0.0421875
1 0.14296875 0.85234375 0.0375 0.0421875
1 0.346875 0.0609375 0.046875 0.05
1 0.95234375 0.84296875 0.04375 0.0484375
1 0.78828125 0.015625 0.040625 0.03125
1 0.9859375 0.61875 0.028125 0.046875
1 0.984375 0.97890625 0.03125 0.0421875
1 0.9125 0.43671875 0.0359375 0.0421875
1 0.165375 0.13621875 0.039000000000000014 0.04842187500000002
1 0.18367187499999998 0.101609375 0.036609374999999986 0.04045312499999999
1 0.199421875 0.43390625 0.03754687499999998 0.04265624999999993
1 0.22709375 0.41934375 0.03371874999999998 0.03801562500000007
1 0.478640625 0.5263125 0.04226562499999993 0.051078124999999905
1 0.5051249999999999 0.514328125 0.03615624999999998 0.04112500000000008