0 0.96875 0.8375 0.0625 0.08125
0 0.11015625 0.9109375 0.059375 0.0625
1 0.471875 0.29375 0.0390625 0.046875
0 0.29921875 0.67890625 0.0609375 0.1015625
1 0.06640625 0.63203125 0.040625 0.0515625
1 0.5671875 0.8234375 0.040625 0.05625
1 0.84296875 0.19296875 0.0421875 0.0515625
1 0.21875 0.8375 0.0421875 0.0515625
0 0.290625 0.21875 0.0671875 0.05
1 0.89296875 0.2140625 0.0390625 0.04375
1 0.8046875 0.63359375 0.04375 0.0484375
0 0.11953125 0.05 0.053125 0.0875
1 0.48359375 0.77109375 0.040625 0.05
0 0.9328125 0.2875 0.0625 0.0515625
1 0.14296875 0.653125 0.0375 0.0484375
1 0.675 0.87109375 0.0421875 0.0578125
1 0.978125 0.36796875 0.0328125 0.0421875
1 0.8109375 0.559375 0.053125 0.0640625
1 0.9796875 0.0421875 0.040625 0.053125
1 0.015625 0.9265625 0.03125 0.046875
1 0.78984375 0.86328125 0.0390625 0.05625
1 0.41640625 0.81484375 0.040625 0.05625
1 0.64375 0.146875 0.0390625 0.05
1 0.8125 0.04609375 0.034375 0.040625
1 0.4734375 0.515625 0.040625 0.05
1 0.5625 0.6640625 0.0453125 0.053125
1 0.571875 0.9015625 0.040625 0.05
1 0.165625 0.5375 0.0421875 0.0515625
1 0.3234375 0.553125 0.0453125 0.05625
1 0.90703125 0.49140625 0.0390625 0.0484375
1 0.75859375 0.95 0.040625 0.0515625
1 0.37734375 0.64453125 0.0390625 0.0515625
1 0.6375 0.3609375 0.0390625 0.046875
1 0.5953125 0.9734375 0.0421875 0.053125
1 0.5984375 0.29765625 0.0375 0.04375
1 0.884375 0.8359375 0.040625 0.05
1 0.62734375 0.55625 0.0390625 0.0515625
1 0.8421875 0.97890625 0.040625 0.0421875
1 0.0546875 0.95234375 0.04375 0.0578125
1 0.1609375 0.87578125 0.0375 0.0421875
1 0.9609375 0.7015625 0.04375 0.0515625
1 0.14140625 0.7734375 0.0375 0.0484375
0 0.4125 0.475 0.0515625 0.090625
1 0.19296875 0.59609375 0.0375 0.0453125
1 0.9234375 0.903125 0.0453125 0.0546875
1 0.12890625 0.98515625 0.0359375 0.0296875
1 0.79453125 0.46328125 0.0390625 0.0453125
1 0.1046875 0.50703125 0.0359375 0.04375
1 0.43359375 0.66640625 0.0359375 0.04375
1 0.50390625 0.375 0.0375 0.0453125
1 0.3125 0.4390625 0.0453125 0.0578125
1 0.1046875 0.65859375 0.03125 0.0390625
1 0.1984375 0.9578125 0.0359375 0.0421875
1 0.24765625 0.17109375 0.0375 0.04375
1 0.596875 0.753125 0.0359375 0.0421875
1 0.3375 0.27265625 0.0390625 0.0453125
1 0.653125 0.9796875 0.04375 0.040625
1 0.28671875 0.14921875 0.0375 0.0453125
1 0.1796875 0.1921875 0.0359375 0.0421875
1 0.875 0.040625 0.0375 0.046875
1 0.6953125 0.61484375 0.04375 0.0515625
1 0.73125 0.7671875 0.0421875 0.053125
1 0.3328125 0.80703125 0.0390625 0.05
1 0.634375 0.67265625 0.0359375 0.04375
1 0.03359375 0.81953125 0.0390625 0.05625
1 0.665625 0.409375 0.034375 0.046875
1 0.72890625 0.0359375 0.0375 0.05
1 0.7109375 0.41015625 0.0375 0.0515625
1 0.059375 0.54921875 0.0359375 0.040625
1 0.93828125 0.45234375 0.0359375 0.04375
1 0.640625 0.76796875 0.0390625 0.0484375
1 0.8640625 0.478125 0.0328125 0.040625
1 0.75859375 0.246875 0.0375 0.04375
0 0.5375 0.2828125 0.065625 0.046875
1 0.48828125 0.4515625 0.0328125 0.040625
0 0.62109375 0.02890625 0.071875 0.0578125
0 0.71640625 0.54765625 0.04375 0.1
1 0.41875 0.325 0.0390625 0.0515625
0 0.19453125 0.7390625 0.075 0.0875
1 0.14921875 0.33359375 0.034375 0.04375
1 0.509375 0.22890625 0.040625 0.0515625
1 0.40390625 0.084375 0.034375 0.04375
1 0.5828125 0.1375 0.0390625 0.05
1 0.53671875 0.1453125 0.034375 0.046875
1 0.68203125 0.16953125 0.0390625 0.0453125
1 0.86484375 0.296875 0.0359375 0.0515625
1 0.984375 0.103125 0.03125 0.0453125
1 0.903125 0.37890625 0.0328125 0.0453125
1 0.9828125 0.49765625 0.034375 0.0453125
1 0.87109375 0.55625 0.04375 0.05625
1 0.79921875 0.80078125 0.0421875 0.046875
1 0.04375 0.4046875 0.0296875 0.04375
1 0.51015625 0.58125 0.0375 0.05625
1 0.00859375 0.05546875 0.0171875 0.046875
1 0.9875 0.9 0.025 0.053125
1 0.8984375 0.98125 0.046875 0.0375
1 0.240625 0.90078125 0.034375 0.040625
1 0.009375 0.47421875 0.01875 0.0546875