1 0.6765625 0.93671875 0.05 0.053125
1 0.24453125 0.815625 0.040625 0.05
1 0.95390625 0.38125 0.04375 0.0546875
1 0.12421875 0.209375 0.0453125 0.0546875
1 0.93203125 0.58359375 0.0375 0.04375
1 0.9796875 0.6546875 0.040625 0.059375
1 0.31796875 0.31171875 0.0375 0.0453125
1 0.1484375 0.109375 0.040625 0.0453125
1 0.578125 0.26953125 0.0375 0.0453125
1 0.4546875 0.6109375 0.0390625 0.046875
1 0.43984375 0.9828125 0.0421875 0.034375
1 0.91015625 0.109375 0.04375 0.0484375
1 0.74609375 0.06953125 0.040625 0.046875
1 0.65546875 0.215625 0.0359375 0.04375
1 0.41953125 0.621875 0.0390625 0.046875
1 0.884375 0.74453125 0.0390625 0.046875
1 0.51875 0.19609375 0.0359375 0.0453125
1 0.24296875 0.0234375 0.0421875 0.046875
1 0.09765625 0.81171875 0.04375 0.04375
1 0.58828125 0.67265625 0.040625 0.046875
1 0.5265625 0.2734375 0.0375 0.0453125
1 0.1796875 0.91171875 0.0390625 0.0453125
1 0.39296875 0.9359375 0.040625 0.0453125
1 0.69375 0.04140625 0.04375 0.046875
1 0.421875 0.7453125 0.040625 0.046875
1 0.56015625 0.93359375 0.04375 0.0484375
1 0.81640625 0.7140625 0.040625 0.0484375
1 0.471875 0.39609375 0.0390625 0.046875
1 0.67421875 0.1515625 0.040625 0.05
1 0.1515625 0.7703125 0.0375 0.0390625
1 0.4765625 0.88046875 0.0390625 0.04375
1 0.5640625 0.778125 0.040625 0.0453125
1 0.23515625 0.7265625 0.0328125 0.0390625
1 0.10234375 0.95390625 0.0421875 0.046875
1 0.5859375 0.35625 0.0359375 0.0421875
1 0.6359375 0.36484375 0.0421875 0.046875
1 0.215625 0.4078125 0.0421875 0.046875
1 0.3703125 0.0671875 0.0390625 0.046875
1 0.1 0.73828125 0.0421875 0.04375
1 0.78046875 0.2296875 0.0390625 0.05
1 0.4375 0.68359375 0.040625 0.0484375
1 0.115625 0.615625 0.040625 0.0453125
1 0.68203125 0.4265625 0.040625 0.046875
1 0.97109375 0.76796875 0.0375 0.0390625
1 0.16328125 0.4765625 0.0375 0.0453125
1 0.7 0.65390625 0.0359375 0.046875
1 0.01875 0.95703125 0.0375 0.0453125
1 0.721875 0.90703125 0.0359375 0.0390625
1 0.19453125 0.11484375 0.0375 0.046875
1 0.02890625 0.15 0.0421875 0.0484375
1 0.70859375 0.48828125 0.040625 0.0484375
1 0.12265625 0.04453125 0.0390625 0.04375
1 0.54140625 0.84453125 0.0390625 0.04375
1 0.15390625 0.3859375 0.0390625 0.0421875
1 0.4296875 0.08046875 0.040625 0.046875
1 0.7921875 0.4859375 0.04375 0.0484375
1 0.3296875 0.4546875 0.0375 0.0453125
1 0.0671875 0.5359375 0.0375 0.04375
1 0.32734375 0.37109375 0.0390625 0.04375
1 0.6125 0.203125 0.0359375 0.04375
1 0.671875 0.73359375 0.0375 0.040625
1 0.11875 0.296875 0.0359375 0.04375
1 0.42109375 0.31953125 0.0375 0.0421875
1 0.86171875 0.13515625 0.0453125 0.0546875
1 0.7484375 0.7859375 0.0359375 0.046875
1 0.05 0.7953125 0.0359375 0.0390625
1 0.5390625 0.3515625 0.0421875 0.0453125
1 0.89140625 0.38984375 0.0390625 0.05
1 0.371875 0.13671875 0.0359375 0.040625
1 0.05078125 0.41953125 0.0375 0.0421875
1 0.83671875 0.07265625 0.0375 0.0421875
1 0.8453125 0.8921875 0.0359375 0.040625
1 0.2484375 0.22578125 0.0375 0.04375
1 0.30078125 0.8671875 0.0359375 0.040625
1 0.74453125 0.6109375 0.0390625 0.04375
1 0.74375 0.4609375 0.0390625 0.0453125
1 0.50234375 0.72421875 0.0484375 0.05625
1 0.98359375 0.30234375 0.0328125 0.05625
1 0.24296875 0.95859375 0.0515625 0.05625
1 0.3671875 0.4140625 0.0421875 0.0484375
1 0.56796875 0.16171875 0.034375 0.0421875
1 0.046875 0.2078125 0.034375 0.040625
1 0.63984375 0.76953125 0.0390625 0.04375
1 0.503125 0.66953125 0.04375 0.0515625
1 0.04140625 0.32578125 0.040625 0.0484375
1 0.196875 0.05703125 0.040625 0.04375
1 0.9890625 0.0609375 0.021875 0.05
1 0.009375 0.23359375 0.0171875 0.040625
1 0.01171875 0.5046875 0.0234375 0.0421875
1 0.62890625 0.9140625 0.0390625 0.040625
1 0.23204687499999999 0.361375 0.032125 0.043906250000000036
1 0.2643125 0.366328125 0.04232812499999996 0.05206249999999999
1 0.10882812500000001 0.430953125 0.036984375000000014 0.04212500000000006
1 0.125125 0.40831249999999997 0.036656250000000015 0.04517187499999999
1 0.443859375 0.490234375 0.04943749999999998 0.05678125000000005
1 0.486328125 0.492 0.04626562500000002 0.05681250000000002
1 0.325125 0.578625 0.044500000000000026 0.039796875000000044
1 0.32882812499999997 0.6179375 0.048125000000000015 0.04171875000000007
1 0.36721875000000004 0.7588125 0.04790625000000004 0.034265624999999925
1 0.368875 0.72096875 0.050999999999999976 0.04060937500000002
1 0.42407812500000003 0.164703125 0.03960937500000004 0.03982812500000001
1 0.43773437499999995 0.19820312499999998 0.04184374999999996 0.037078125
1 0.8656406249999999 0.26909375 0.038156250000000114 0.043265624999999995
1 0.9030156249999999 0.281203125 0.043578125000000155 0.0415
1 0.9794218750000001 0.5237812500000001 0.04065624999999997 0.040078124999999964
1 0.965421875 0.546515625 0.03178124999999987 0.03567187500000006
1 0.8354687500000001 0.609765625 0.04121875000000017 0.05409375000000001
1 0.8746875 0.607625 0.04867187500000014 0.04246874999999992
1 0.81775 0.844734375 0.04132812500000007 0.03556249999999998
1 0.818125 0.81528125 0.04056250000000006 0.03687499999999995
1 0.9778281249999999 0.9284062499999999 0.042109375000000074 0.04345312499999991
1 0.9889531249999999 0.964234375 0.022093750000000155 0.045296875000000014