1 0.75546875 0.3921875 0.040625 0.0484375
1 0.18203125 0.4359375 0.0421875 0.0578125
1 0.4015625 0.84921875 0.0421875 0.0515625
1 0.88046875 0.30390625 0.040625 0.0515625
1 0.91484375 0.79453125 0.040625 0.04375
1 0.29375 0.659375 0.0390625 0.05
1 0.44375 0.81953125 0.0421875 0.0515625
1 0.9046875 0.0328125 0.0390625 0.046875
1 0.8625 0.61171875 0.0421875 0.05
1 0.33671875 0.0515625 0.0375 0.0421875
1 0.87578125 0.11796875 0.0421875 0.05
1 0.6078125 0.04765625 0.0421875 0.053125
1 0.3671875 0.5625 0.0375 0.046875
1 0.8734375 0.73984375 0.0421875 0.0484375
1 0.5265625 0.57578125 0.0359375 0.04375
0 0.56796875 0.8125 0.075 0.065625
1 0.95703125 0.428125 0.034375 0.04375
1 0.78203125 0.709375 0.040625 0.0515625
1 0.83046875 0.328125 0.040625 0.046875
1 0.04921875 0.02109375 0.0421875 0.0421875
1 0.11484375 0.1859375 0.040625 0.046875
1 0.9546875 0.0703125 0.0390625 0.04375
1 0.37109375 0.64765625 0.040625 0.05
1 0.04609375 0.4546875 0.0390625 0.053125
1 0.95390625 0.9421875 0.0421875 0.05
1 0.4421875 0.6421875 0.0375 0.0484375
1 0.22578125 0.2546875 0.040625 0.05
1 0.57265625 0.1875 0.046875 0.0578125
1 0.69609375 0.49375 0.046875 0.0609375
1 0.51796875 0.05078125 0.0421875 0.0515625
1 0.840625 0.521875 0.04375 0.05
1 0.51875 0.86875 0.040625 0.0515625
1 0.6984375 0.37890625 0.0390625 0.053125
1 0.10234375 0.70625 0.0421875 0.053125
1 0.4953125 0.1609375 0.0375 0.0484375
1 0.69765625 0.69375 0.0390625 0.046875
1 0.70390625 0.171875 0.0390625 0.05
0 0.9421875 0.54609375 0.0796875 0.0546875
1 0.51171875 0.4125 0.0375 0.046875
1 0.9796875 0.2328125 0.0390625 0.05
1 0.7953125 0.98125 0.0453125 0.0375
1 0.91171875 0.22890625 0.0375 0.05
1 0.5953125 0.6015625 0.04375 0.0578125
0 0.4625 0.48984375 0.06875 0.0625
1 0.890625 0.43203125 0.040625 0.0453125
1 0.21484375 0.340625 0.0359375 0.0453125
1 0.40703125 0.9625 0.0421875 0.0546875
1 0.871875 0.67421875 0.040625 0.04375
1 0.41484375 0.1390625 0.0390625 0.0484375
1 0.7125 0.8046875 0.0390625 0.0484375
1 0.728125 0.596875 0.0390625 0.05
1 0.4140625 0.32265625 0.0390625 0.053125
1 0.83203125 0.08046875 0.04375 0.04375
1 0.93359375 0.71328125 0.0375 0.0484375
1 0.1828125 0.646875 0.040625 0.0484375
1 0.771875 0.5171875 0.0375 0.040625
1 0.4140625 0.24453125 0.0390625 0.0484375
1 0.80703125 0.19296875 0.040625 0.05
1 0.22109375 0.7765625 0.040625 0.04375
1 0.98515625 0.86015625 0.0296875 0.0578125
1 0.11640625 0.82109375 0.0390625 0.0453125
1 0.65234375 0.26171875 0.034375 0.04375
1 0.5953125 0.2875 0.0390625 0.053125
1 0.7703125 0.128125 0.0390625 0.0453125
1 0.94609375 0.13515625 0.0375 0.0453125
1 0.534375 0.6921875 0.0390625 0.053125
1 0.22734375 0.159375 0.0359375 0.0484375
1 0.275 0.28984375 0.0390625 0.046875
1 0.0375 0.28359375 0.0375 0.0453125
1 0.6609375 0.8890625 0.0390625 0.046875
1 0.56015625 0.4984375 0.034375 0.04375
1 0.78359375 0.2390625 0.040625 0.0484375
1 0.7328125 0.02421875 0.040625 0.0484375
1 0.8765625 0.9359375 0.0453125 0.0484375
1 0.01640625 0.8390625 0.0328125 0.0484375
0 0.24609375 0.88984375 0.071875 0.05
1 0.02734375 0.90859375 0.0421875 0.0484375
1 0.82109375 0.6359375 0.034375 0.04375
1 0.29765625 0.81640625 0.0328125 0.0390625
1 0.27890625 0.76953125 0.03125 0.040625
1 0.83359375 0.9484375 0.0453125 0.05
1 0.90234375 0.8640625 0.0453125 0.0546875
1 0.68125 0.02578125 0.034375 0.0421875
0 0.04140625 0.53359375 0.053125 0.0828125
0 0.73515625 0.90703125 0.078125 0.0515625
1 0.678125 0.7953125 0.0359375 0.046875
1 0.95 0.3578125 0.0375 0.0453125
1 0.86796875 0.1890625 0.0421875 0.0546875
1 0.05859375 0.1640625 0.04375 0.0515625
1 0.2984375 0.08203125 0.0390625 0.046875
1 0.28203125 0.02578125 0.0375 0.04375
1 0.321875 0.18046875 0.0390625 0.05
1 0.278125 0.50546875 0.0390625 0.0484375
1 0.61640625 0.48671875 0.0359375 0.0515625
1 0.746875 0.30390625 0.046875 0.0515625
1 0.4375 0.01796875 0.040625 0.0359375
1 0.009375 0.23828125 0.01875 0.034375