1 0.34765625 0.21484375 0.0421875 0.046875
1 0.575 0.73515625 0.05 0.0578125
1 0.68046875 0.78671875 0.0390625 0.0515625
1 0.65390625 0.46015625 0.04375 0.0546875
1 0.6171875 0.9859375 0.0375 0.028125
1 0.7109375 0.5375 0.0390625 0.053125
1 0.20390625 0.8890625 0.0390625 0.0484375
1 0.165625 0.1640625 0.0421875 0.0515625
1 0.203125 0.215625 0.046875 0.05625
1 0.490625 0.55 0.0421875 0.0515625
1 0.22265625 0.734375 0.040625 0.0515625
1 0.92109375 0.68125 0.040625 0.05
1 0.528125 0.79453125 0.0359375 0.0484375
0 0.41640625 0.50859375 0.0578125 0.075
1 0.26015625 0.89296875 0.0390625 0.053125
1 0.24140625 0.08125 0.0390625 0.0515625
1 0.10390625 0.27265625 0.0390625 0.05
1 0.41171875 0.95078125 0.0390625 0.0515625
1 0.26953125 0.7140625 0.0390625 0.0515625
1 0.79453125 0.309375 0.0390625 0.04375
1 0.50234375 0.4265625 0.040625 0.05
1 0.59296875 0.59765625 0.0421875 0.0484375
1 0.128125 0.953125 0.04375 0.0546875
1 0.37734375 0.875 0.0390625 0.0484375
1 0.27890625 0.02109375 0.0453125 0.0421875
1 0.78125 0.98515625 0.0359375 0.0296875
1 0.45546875 0.94140625 0.0421875 0.053125
1 0.50390625 0.328125 0.0453125 0.0640625
1 0.11171875 0.19765625 0.0421875 0.05
1 0.30390625 0.28203125 0.0390625 0.0515625
1 0.53671875 0.2234375 0.040625 0.0546875
1 0.184375 0.59921875 0.0375 0.046875
1 0.89140625 0.9609375 0.0390625 0.0421875
1 0.83984375 0.9203125 0.0359375 0.046875
1 0.3671875 0.76640625 0.040625 0.05
1 0.75234375 0.0296875 0.04375 0.053125
1 0.33203125 0.12578125 0.040625 0.05
1 0.0203125 0.93984375 0.0375 0.0453125
1 0.26875 0.4203125 0.0390625 0.05
1 0.7515625 0.5890625 0.0390625 0.046875
0 0.73515625 0.28125 0.0515625 0.096875
1 0.83828125 0.81640625 0.0375 0.0484375
1 0.77578125 0.10703125 0.0359375 0.046875
1 0.67890625 0.68203125 0.0421875 0.0484375
1 0.15390625 0.46796875 0.04375 0.05
1 0.98671875 0.48984375 0.0265625 0.0453125
1 0.07890625 0.159375 0.0390625 0.0484375
1 0.809375 0.58359375 0.0359375 0.04375
1 0.63984375 0.02265625 0.0390625 0.04375
1 0.903125 0.25625 0.0390625 0.0515625
1 0.15703125 0.01640625 0.0390625 0.0328125
1 0.13359375 0.365625 0.0421875 0.05
1 0.39375 0.42890625 0.040625 0.0546875
1 0.30859375 0.8734375 0.0390625 0.0484375
1 0.2 0.98046875 0.0390625 0.0390625
1 0.63125 0.534375 0.0421875 0.05
1 0.421875 0.64375 0.0375 0.0484375
1 0.409375 0.0234375 0.0359375 0.04375
1 0.0140625 0.76953125 0.028125 0.0515625
1 0.0640625 0.86484375 0.0421875 0.0453125
0 0.59765625 0.7984375 0.06875 0.059375
1 0.91640625 0.78203125 0.0375 0.04375
1 0.83984375 0.25625 0.04375 0.0546875
0 0.46015625 0.10859375 0.0703125 0.08125
1 0.98828125 0.746875 0.0234375 0.04375
1 0.5078125 0.021875 0.0390625 0.0421875
1 0.92890625 0.1625 0.0359375 0.04375
1 0.11953125 0.63125 0.0328125 0.0421875
1 0.94140625 0.53125 0.0390625 0.0453125
1 0.84296875 0.0171875 0.034375 0.034375
0 0.75 0.78984375 0.0484375 0.0859375
0 0.490625 0.64921875 0.059375 0.109375
1 0.02578125 0.05234375 0.0375 0.040625
1 0.65859375 0.88359375 0.03125 0.0359375
1 0.309375 0.93984375 0.0328125 0.0453125
1 0.96484375 0.31015625 0.0375 0.0390625
1 0.66171875 0.0671875 0.0359375 0.0390625
1 0.36171875 0.98671875 0.0328125 0.0265625
1 0.54375 0.98671875 0.04375 0.0265625