0 0.06484375 0.09609375 0.05 0.0828125
0 0.48515625 0.6109375 0.0765625 0.0625
0 0.83125 0.365625 0.0765625 0.08125
0 0.87890625 0.81015625 0.0546875 0.075
1 0.109375 0.01953125 0.0421875 0.0390625
1 0.1203125 0.1328125 0.046875 0.0484375
1 0.24375 0.11328125 0.04375 0.053125
1 0.27890625 0.05703125 0.0390625 0.046875
1 0.28359375 0.20703125 0.0328125 0.046875
1 0.33125 0.203125 0.0421875 0.0390625
1 0.4203125 0.27890625 0.0515625 0.0609375
1 0.44765625 0.4109375 0.0390625 0.046875
1 0.490625 0.0734375 0.046875 0.0546875
1 0.0734375 0.27578125 0.04375 0.0515625
1 0.09921875 0.36875 0.0453125 0.0484375
1 0.028125 0.4609375 0.0359375 0.0390625
1 0.09921875 0.48671875 0.0421875 0.0546875
1 0.19453125 0.43046875 0.0484375 0.046875
1 0.18671875 0.55390625 0.046875 0.0625
1 0.14140625 0.60625 0.0453125 0.0515625
1 0.278125 0.66875 0.05 0.065625
1 0.25390625 0.57421875 0.0484375 0.0546875
1 0.21640625 0.6625 0.0546875 0.0546875
1 0.13828125 0.77578125 0.0453125 0.053125
1 0.05234375 0.7921875 0.046875 0.0546875
1 0.2015625 0.84765625 0.0359375 0.046875
1 0.18828125 0.97265625 0.0453125 0.053125
1 0.06484375 0.93671875 0.0375 0.05
1 0.34296875 0.8015625 0.04375 0.0578125
1 0.2796875 0.8125 0.0375 0.0421875
1 0.54375 0.20703125 0.04375 0.0484375
1 0.65234375 0.2109375 0.04375 0.0515625
1 0.75234375 0.09296875 0.04375 0.0515625
1 0.59609375 0.06015625 0.0359375 0.040625
1 0.5734375 0.021875 0.040625 0.04375
1 0.7984375 0.059375 0.05 0.0421875
1 0.88359375 0.11640625 0.0375 0.0546875
1 0.9265625 0.31328125 0.0390625 0.0484375
1 0.8234375 0.48203125 0.0578125 0.0578125
1 0.77890625 0.56640625 0.0421875 0.053125
1 0.671875 0.30546875 0.0421875 0.046875
1 0.64921875 0.3671875 0.04375 0.05
1 0.70625 0.38828125 0.040625 0.046875
1 0.62265625 0.453125 0.0375 0.046875
1 0.61015625 0.5984375 0.0359375 0.046875
1 0.6015625 0.68828125 0.03125 0.0359375
1 0.51796875 0.71171875 0.04375 0.0546875
1 0.5421875 0.77109375 0.0359375 0.046875
1 0.58125 0.8515625 0.0359375 0.0390625
1 0.62890625 0.9265625 0.0375 0.0390625
1 0.7171875 0.7453125 0.040625 0.05
1 0.7703125 0.86796875 0.0359375 0.046875
1 0.98203125 0.9609375 0.0359375 0.053125
1 0.86796875 0.67109375 0.0421875 0.05
1 0.9140625 0.6 0.040625 0.05
1 0.42109375 0.8328125 0.0390625 0.05
1 0.41875 0.771875 0.0421875 0.0453125
1 0.36015625 0.6640625 0.0390625 0.0453125
1 0.4265625 0.665625 0.0453125 0.0515625
1 0.3609375 0.396875 0.046875 0.05
1 0.30078125 0.48984375 0.040625 0.046875
1 0.2421875 0.365625 0.0484375 0.053125
1 0.253125 0.4875 0.0421875 0.0453125
1 0.509375 0.32890625 0.0390625 0.04375