0 0.05234375 0.54765625 0.0640625 0.0609375
0 0.103125 0.65078125 0.0640625 0.071875
1 0.4875 0.8140625 0.0390625 0.046875
0 0.571875 0.27421875 0.0703125 0.0515625
0 0.77578125 0.96953125 0.0609375 0.0609375
1 0.30859375 0.33515625 0.040625 0.0484375
1 0.665625 0.71484375 0.0390625 0.0484375
1 0.584375 0.75859375 0.0390625 0.046875
1 0.49296875 0.60625 0.0515625 0.059375
0 0.76875 0.47578125 0.0625 0.09375
1 0.77890625 0.203125 0.0359375 0.04375
0 0.946875 0.1734375 0.06875 0.0765625
1 0.88984375 0.11875 0.0390625 0.0453125
1 0.71953125 0.96953125 0.0390625 0.0421875
1 0.24609375 0.84296875 0.04375 0.0546875
0 0.5609375 0.53671875 0.0703125 0.0640625
1 0.425 0.21484375 0.0390625 0.0484375
1 0.6546875 0.353125 0.0390625 0.046875
1 0.5203125 0.228125 0.0375 0.04375
1 0.884375 0.1828125 0.0359375 0.0421875
1 0.3484375 0.9140625 0.0421875 0.0546875
1 0.38125 0.29375 0.040625 0.046875
1 0.30625 0.771875 0.0375 0.046875
1 0.36328125 0.51015625 0.034375 0.040625
1 0.58203125 0.59921875 0.0375 0.046875
1 0.09296875 0.246875 0.0390625 0.05
1 0.81328125 0.9140625 0.046875 0.05625
1 0.0296875 0.34375 0.0375 0.046875
1 0.0671875 0.36484375 0.04375 0.046875
1 0.40703125 0.8609375 0.046875 0.0546875
1 0.775 0.58515625 0.0359375 0.0484375
1 0.5828125 0.91796875 0.0390625 0.05
1 0.278125 0.51953125 0.0375 0.0453125
1 0.940625 0.09375 0.0375 0.04375
1 0.58984375 0.47109375 0.0375 0.046875
1 0.63046875 0.05859375 0.0359375 0.04375
1 0.9828125 0.8375 0.034375 0.0484375
1 0.85234375 0.534375 0.0390625 0.05
1 0.2234375 0.2921875 0.0375 0.0421875
1 0.021875 0.8421875 0.040625 0.0515625
1 0.825 0.78203125 0.0375 0.0375
1 0.38515625 0.66640625 0.0359375 0.0484375
1 0.83203125 0.11640625 0.0390625 0.0421875
1 0.45546875 0.48125 0.0390625 0.046875
1 0.6859375 0.7828125 0.040625 0.0515625
1 0.9390625 0.484375 0.04375 0.053125
1 0.40859375 0.34375 0.0359375 0.04375
1 0.76015625 0.32109375 0.0421875 0.05
1 0.890625 0.24765625 0.0359375 0.0359375
1 0.178125 0.10078125 0.04375 0.05
1 0.2296875 0.37890625 0.0390625 0.04375
1 0.721875 0.09296875 0.0359375 0.040625
1 0.978125 0.665625 0.0359375 0.0421875
1 0.7 0.8703125 0.0390625 0.0515625
1 0.64921875 0.97890625 0.0421875 0.0421875
1 0.30859375 0.94140625 0.0375 0.040625
1 0.2015625 0.5828125 0.0328125 0.04375
1 0.1296875 0.26875 0.040625 0.0484375
1 0.56640625 0.37734375 0.040625 0.0484375
1 0.55 0.865625 0.0359375 0.0453125
1 0.728125 0.2578125 0.0359375 0.040625
1 0.54765625 0.65625 0.04375 0.0484375
1 0.03203125 0.92578125 0.0390625 0.0453125
1 0.88671875 0.62890625 0.0390625 0.046875
1 0.46328125 0.31796875 0.0328125 0.0390625
1 0.83671875 0.5953125 0.040625 0.046875
1 0.146875 0.44140625 0.0359375 0.04375
1 0.60234375 0.096875 0.0328125 0.0390625
1 0.05390625 0.77265625 0.0421875 0.0546875
1 0.69765625 0.41796875 0.0390625 0.0390625
1 0.484375 0.8921875 0.040625 0.053125
1 0.29921875 0.1234375 0.0484375 0.0546875
1 0.32109375 0.078125 0.05 0.0484375
1 0.79609375 0.08359375 0.046875 0.05
1 0.4125 0.9671875 0.0421875 0.0484375
1 0.4703125 0.66796875 0.046875 0.0546875
1 0.36640625 0.82109375 0.034375 0.046875
0 0.3078125 0.02265625 0.0640625 0.0453125
1 0.98828125 0.52734375 0.0234375 0.0515625
1 0.7734375 0.8078125 0.0390625 0.0421875