1 0.93828125 0.79296875 0.040625 0.05
0 0.62578125 0.14453125 0.0671875 0.0578125
1 0.328125 0.15625 0.0453125 0.059375
0 0.5109375 0.15 0.0625 0.090625
1 0.5734375 0.6875 0.0390625 0.0484375
1 0.53203125 0.521875 0.0390625 0.0453125
0 0.025 0.38671875 0.05 0.0609375
1 0.65703125 0.7953125 0.040625 0.0515625
1 0.1859375 0.93671875 0.0390625 0.0453125
1 0.015625 0.4453125 0.03125 0.0390625
1 0.6390625 0.54453125 0.0390625 0.0453125
1 0.42578125 0.13984375 0.05 0.0578125
0 0.40859375 0.79453125 0.078125 0.05625
1 0.48125 0.4859375 0.0375 0.05
0 0.51015625 0.79296875 0.0765625 0.0640625
1 0.4609375 0.08125 0.0453125 0.0484375
1 0.128125 0.8453125 0.0328125 0.0375
1 0.65 0.22578125 0.04375 0.0453125
1 0.78828125 0.9203125 0.0390625 0.053125
1 0.5546875 0.875 0.040625 0.046875
0 0.934375 0.48125 0.0484375 0.0921875
1 0.09765625 0.1453125 0.0359375 0.040625
0 0.925 0.6625 0.06875 0.0515625
1 0.6296875 0.87734375 0.04375 0.05
1 0.05546875 0.83984375 0.0390625 0.0421875
1 0.4421875 0.32421875 0.0390625 0.04375
1 0.2859375 0.740625 0.0390625 0.04375
1 0.38515625 0.39453125 0.040625 0.0453125
1 0.65625 0.61484375 0.0421875 0.046875
1 0.2125 0.75234375 0.0359375 0.046875
0 0.7734375 0.3421875 0.0578125 0.0578125
1 0.9296875 0.596875 0.0390625 0.0515625
1 0.2953125 0.45703125 0.040625 0.05
1 0.71796875 0.72109375 0.0390625 0.0484375
1 0.90234375 0.29609375 0.0390625 0.0453125
1 0.9796875 0.94375 0.040625 0.053125
1 0.60625 0.35390625 0.040625 0.046875
1 0.58671875 0.03359375 0.0390625 0.0453125
1 0.25 0.44765625 0.0359375 0.04375
1 0.05546875 0.43203125 0.0375 0.040625
1 0.0859375 0.9 0.040625 0.0484375
1 0.4875 0.3875 0.0375 0.046875
1 0.08203125 0.5796875 0.0359375 0.0390625
1 0.19609375 0.26015625 0.0375 0.0484375
1 0.42578125 0.5703125 0.0328125 0.0375
1 0.32265625 0.7046875 0.0421875 0.0453125
1 0.8140625 0.7984375 0.04375 0.0515625
1 0.15625 0.496875 0.040625 0.04375
1 0.43125 0.2265625 0.0421875 0.0484375
1 0.38671875 0.61796875 0.0453125 0.05
1 0.159375 0.7671875 0.040625 0.05
1 0.32265625 0.51953125 0.0390625 0.0484375
1 0.28671875 0.378125 0.0390625 0.0421875
1 0.94765625 0.29921875 0.040625 0.0421875
1 0.91796875 0.9265625 0.0375 0.046875
1 0.215625 0.83515625 0.0390625 0.046875
1 0.98203125 0.4140625 0.0359375 0.0453125
1 0.184375 0.03359375 0.04375 0.053125
1 0.05703125 0.75 0.0375 0.0421875
1 0.2625 0.13125 0.0359375 0.040625
0 0.04765625 0.2453125 0.0421875 0.0703125
1 0.68828125 0.925 0.04375 0.05
1 0.6859375 0.02265625 0.040625 0.0453125
1 0.31171875 0.30625 0.0390625 0.0453125
1 0.78125 0.14296875 0.0328125 0.0375
1 0.97109375 0.846875 0.046875 0.065625
1 0.796875 0.44296875 0.0390625 0.0484375
1 0.640625 0.2796875 0.0375 0.0421875
0 0.296875 0.9359375 0.075 0.053125
1 0.534375 0.6828125 0.0390625 0.05
1 0.32265625 0.03984375 0.0453125 0.053125
0 0.58671875 0.5203125 0.0515625 0.0671875
1 0.24765625 0.6015625 0.040625 0.04375
1 0.0234375 0.52265625 0.04375 0.046875
1 0.73359375 0.65078125 0.0421875 0.04375
1 0.20703125 0.40703125 0.04375 0.046875
1 0.69140625 0.5125 0.0375 0.0421875
1 0.090625 0.38203125 0.0359375 0.0390625
1 0.0171875 0.16875 0.03125 0.053125
1 0.1875 0.88671875 0.040625 0.04375
1 0.2953125 0.67109375 0.0359375 0.0421875
1 0.259375 0.66015625 0.040625 0.0484375
0 0.6546875 0.37734375 0.04375 0.0859375
0 0.6203125 0.4484375 0.053125 0.0625
0 0.69921875 0.27890625 0.0453125 0.0640625
0 0.9328125 0.24296875 0.0609375 0.0515625
0 0.821875 0.28046875 0.05625 0.05625
0 0.8765625 0.253125 0.05625 0.0546875
1 0.75078125 0.10390625 0.0421875 0.046875
1 0.0171875 0.5953125 0.034375 0.046875
1 0.4375 0.95703125 0.04375 0.046875
1 0.57890625 0.1265625 0.05625 0.053125
1 0.72109375 0.58125 0.0515625 0.0515625
1 0.54296875 0.978125 0.0375 0.0421875
1 0.11875 0.43515625 0.03125 0.0390625
1 0.2828125 0.16953125 0.040625 0.0453125
1 0.6859375 0.1671875 0.034375 0.0375
1 0.29140625 0.01171875 0.040625 0.0234375
1 0.72734375 0.0078125 0.040625 0.015625
1 0.8421875 0.02734375 0.0390625 0.0359375
1 0.98359375 0.1109375 0.028125 0.034375
1 0.99140625 0.709375 0.0171875 0.0453125
1 0.71328125 0.98515625 0.0296875 0.0296875
1 0.00625 0.928125 0.0125 0.0296875
1 0.00703125 0.79375 0.0140625 0.0390625
1 0.98671875 0.1625 0.0265625 0.034375
1 0.04140625 0.12265625 0.0359375 0.0390625