1 0.7515625 0.1546875 0.0390625 0.0546875
1 0.31875 0.14296875 0.0390625 0.0484375
1 0.10625 0.5890625 0.0421875 0.0515625
1 0.41796875 0.334375 0.0421875 0.053125
1 0.88125 0.11171875 0.0359375 0.05
1 0.3640625 0.90234375 0.040625 0.0453125
1 0.63671875 0.5484375 0.0421875 0.0515625
1 0.628125 0.659375 0.0390625 0.0515625
1 0.8375 0.871875 0.0453125 0.0515625
1 0.06328125 0.3359375 0.046875 0.0515625
1 0.9546875 0.41171875 0.0390625 0.053125
1 0.2546875 0.07421875 0.0390625 0.0484375
1 0.35625 0.2125 0.0421875 0.0515625
1 0.49296875 0.63671875 0.0390625 0.0484375
1 0.10625 0.4671875 0.04375 0.0515625
1 0.85234375 0.253125 0.0421875 0.0515625
1 0.16953125 0.5203125 0.0390625 0.0515625
1 0.2625 0.153125 0.040625 0.0484375
1 0.76875 0.37265625 0.0421875 0.05
1 0.46484375 0.1390625 0.040625 0.0546875
1 0.55859375 0.696875 0.0359375 0.046875
1 0.8546875 0.36875 0.0390625 0.0515625
1 0.8515625 0.75234375 0.0375 0.053125
1 0.73046875 0.86640625 0.0359375 0.0390625
1 0.178125 0.9453125 0.040625 0.0484375
1 0.6734375 0.040625 0.0453125 0.053125
1 0.6375 0.90625 0.040625 0.053125
1 0.803125 0.21875 0.0453125 0.065625
1 0.68671875 0.440625 0.04375 0.05625
1 0.359375 0.56953125 0.04375 0.0546875
1 0.303125 0.30546875 0.0390625 0.046875
1 0.08125 0.1546875 0.0484375 0.0609375
1 0.69375 0.56640625 0.040625 0.059375
1 0.1390625 0.79765625 0.0390625 0.0421875
1 0.6703125 0.85078125 0.0390625 0.04375
1 0.38046875 0.825 0.040625 0.0453125
1 0.39296875 0.07578125 0.0390625 0.05
1 0.48359375 0.83671875 0.0359375 0.0421875
1 0.475 0.05625 0.04375 0.0546875
1 0.796875 0.59921875 0.040625 0.0515625
1 0.95625 0.1546875 0.040625 0.0484375
1 0.02734375 0.5203125 0.0421875 0.046875
1 0.078125 0.94296875 0.0453125 0.05
1 0.0375 0.821875 0.0390625 0.046875
1 0.70859375 0.9359375 0.034375 0.0375
1 0.9015625 0.29921875 0.04375 0.0515625
1 0.17421875 0.61640625 0.04375 0.0609375
1 0.45390625 0.50703125 0.0375 0.05
1 0.68359375 0.3078125 0.0421875 0.0625
1 0.0515625 0.696875 0.0390625 0.0515625
1 0.48203125 0.440625 0.0453125 0.05625
1 0.31953125 0.63359375 0.0421875 0.0515625
1 0.81015625 0.325 0.0375 0.05
1 0.10703125 0.7328125 0.0390625 0.04375
1 0.659375 0.9703125 0.04375 0.05
1 0.753125 0.5734375 0.04375 0.0578125
1 0.71875 0.784375 0.0359375 0.04375
1 0.603125 0.75390625 0.0359375 0.040625
1 0.26953125 0.78515625 0.0375 0.046875
1 0.14375 0.14921875 0.05625 0.0609375
1 0.8421875 0.45078125 0.03125 0.0421875
1 0.46171875 0.22578125 0.0421875 0.05
1 0.92734375 0.25546875 0.0390625 0.053125
1 0.55078125 0.109375 0.0375 0.053125
1 0.575 0.05625 0.046875 0.0484375
1 0.30625 0.03828125 0.04375 0.0453125
1 0.2609375 0.51796875 0.04375 0.04375
1 0.20859375 0.565625 0.0359375 0.0453125
1 0.53671875 0.75546875 0.0359375 0.0484375
1 0.53046875 0.8140625 0.0390625 0.0453125
1 0.58984375 0.2359375 0.046875 0.0609375
1 0.7921875 0.059375 0.0390625 0.05
1 0.17734375 0.7484375 0.040625 0.046875
1 0.2078125 0.45546875 0.0375 0.04375
1 0.78359375 0.87890625 0.0375 0.0453125
1 0.78203125 0.93828125 0.0421875 0.0453125
1 0.86484375 0.66015625 0.0359375 0.0484375
1 0.925 0.7390625 0.04375 0.0546875
1 0.25078125 0.0109375 0.0484375 0.021875
1 0.40390625 0.0109375 0.040625 0.021875
1 0.76640625 0.009375 0.0328125 0.01875
1 0.640625 0.0109375 0.0375 0.021875
1 0.9921875 0.2921875 0.015625 0.04375
1 0.75625 0.9875 0.0609375 0.025
1 0.00859375 0.9046875 0.0171875 0.04375
1 0.02890625 0.99453125 0.0421875 0.0109375
1 0.54921875 0.60546875 0.040625 0.040625
1 0.151546875 0.2840625 0.041718749999999985 0.04106249999999996
1 0.1545625 0.32432812499999997 0.03817187500000001 0.03687500000000003
1 0.18578125 0.302984375 0.039796874999999975 0.04124999999999997
1 0.30456249999999996 0.3610625 0.039718750000000025 0.04076562499999996
1 0.30896875 0.3897812500000001 0.045609374999999994 0.038281250000000044
1 0.4288125 0.731421875 0.03793749999999996 0.038000000000000075
1 0.41764062500000004 0.7727031249999999 0.043984374999999964 0.04243749999999995
1 0.946953125 0.879328125 0.035296874999999873 0.04146874999999994
1 0.96815625 0.8861718749999999 0.025296875000000087 0.03284374999999997
1 0.90134375 0.8724375 0.0323125000000001 0.034859374999999915
1 0.9018906250000001 0.8366875 0.03726562499999986 0.03639062499999994
1 0.566046875 0.8733124999999999 0.04371875000000003 0.03307812500000011
1 0.583484375 0.838015625 0.04120312500000001 0.037109375
1 0.61234375 0.3953125 0.03562499999999993 0.045859375000000036
1 0.590703125 0.35303125 0.04432812500000001 0.04214062500000004
1 0.8984375 0.46517187499999996 0.02906249999999986 0.03392187500000006
1 0.921125 0.47271875 0.027046874999999915 0.03185937499999998
1 0.9211562499999999 0.666921875 0.04314062499999984 0.046484375
1 0.922640625 0.626953125 0.03657812500000013 0.036328125
1 0.054781250000000004 0.8884531250000001 0.041281250000000005 0.041312500000000085
1 0.08835937499999999 0.872875 0.04509374999999999 0.04132812500000007