1 0.57890625 0.30390625 0.0390625 0.0453125
1 0.65703125 0.46328125 0.0359375 0.05
1 0.3046875 0.12578125 0.040625 0.05
0 0.759375 0.5734375 0.0484375 0.0890625
1 0.75078125 0.6875 0.0390625 0.0484375
1 0.075 0.8171875 0.0390625 0.05
1 0.63515625 0.959375 0.0390625 0.0453125
0 0.68203125 0.25078125 0.0484375 0.0921875
1 0.4421875 0.29609375 0.0421875 0.0453125
1 0.7796875 0.88671875 0.0375 0.0484375
1 0.3234375 0.9125 0.0390625 0.05
1 0.9296875 0.81640625 0.0453125 0.059375
0 0.4 0.05 0.0578125 0.090625
1 0.05234375 0.44921875 0.0390625 0.05
1 0.55 0.6484375 0.0421875 0.0484375
1 0.6953125 0.36875 0.0375 0.0515625
1 0.59765625 0.48203125 0.0375 0.046875
1 0.54296875 0.4890625 0.0375 0.046875
1 0.60390625 0.1390625 0.0421875 0.05
0 0.4609375 0.703125 0.0734375 0.0609375
1 0.8609375 0.31640625 0.0375 0.046875
1 0.01640625 0.82265625 0.0328125 0.0484375
1 0.26171875 0.565625 0.0390625 0.0515625
1 0.61953125 0.35234375 0.0375 0.046875
1 0.56953125 0.0515625 0.0421875 0.046875
1 0.2609375 0.0515625 0.0421875 0.0484375
1 0.171875 0.70546875 0.0390625 0.05
1 0.15703125 0.6046875 0.040625 0.0515625
1 0.9234375 0.02109375 0.0390625 0.0421875
1 0.14609375 0.49375 0.040625 0.0515625
1 0.63046875 0.565625 0.04375 0.05625
1 0.896875 0.9640625 0.040625 0.046875
1 0.6625 0.80390625 0.0390625 0.046875
1 0.52734375 0.8625 0.034375 0.0453125
1 0.4375 0.6328125 0.040625 0.05
1 0.1875 0.44609375 0.034375 0.0421875
1 0.746875 0.38515625 0.034375 0.0453125
1 0.8171875 0.21875 0.040625 0.0484375
1 0.7828125 0.0421875 0.0375 0.05
1 0.6984375 0.9421875 0.040625 0.0453125
1 0.3578125 0.47265625 0.0390625 0.046875
1 0.396875 0.1296875 0.0390625 0.0484375
1 0.746875 0.75 0.0390625 0.0484375
1 0.60546875 0.42890625 0.0375 0.0484375
1 0.22734375 0.1515625 0.0421875 0.046875
1 0.31328125 0.66015625 0.0390625 0.053125
1 0.39140625 0.20859375 0.0421875 0.0453125
1 0.8359375 0.934375 0.0390625 0.0515625
1 0.9078125 0.18515625 0.0375 0.0421875
1 0.203125 0.29375 0.0359375 0.046875
1 0.98046875 0.35546875 0.0375 0.0484375
1 0.02421875 0.98046875 0.0390625 0.0390625
1 0.3140625 0.78125 0.04375 0.0609375
0 0.45546875 0.86953125 0.0578125 0.06875
1 0.4875 0.59375 0.0390625 0.0453125
1 0.090625 0.9796875 0.0390625 0.040625
1 0.1015625 0.715625 0.0390625 0.05
1 0.79765625 0.496875 0.0375 0.0484375
1 0.07890625 0.8875 0.0375 0.05
1 0.4 0.60546875 0.0375 0.05
1 0.73046875 0.83828125 0.040625 0.053125
1 0.80859375 0.7015625 0.0390625 0.0578125
1 0.0921875 0.571875 0.0359375 0.0515625
1 0.58046875 0.81171875 0.0375 0.0453125
1 0.6359375 0.25234375 0.034375 0.0390625
1 0.35234375 0.8296875 0.0484375 0.0609375
1 0.19296875 0.08671875 0.040625 0.0484375
1 0.49296875 0.340625 0.0359375 0.0390625
1 0.4765625 0.9859375 0.0453125 0.028125
1 0.42109375 0.49609375 0.0328125 0.0421875
0 0.7390625 0.228125 0.05 0.109375
1 0.14609375 0.34296875 0.0390625 0.0546875
1 0.8296875 0.81796875 0.0359375 0.0421875
1 0.40546875 0.796875 0.0375 0.0453125
1 0.45625 0.51484375 0.0328125 0.0390625
1 0.2484375 0.86015625 0.034375 0.040625
1 0.9421875 0.47421875 0.0390625 0.0453125
1 0.17734375 0.2109375 0.0328125 0.04375
1 0.5078125 0.771875 0.0359375 0.0375
1 0.1015625 0.6625 0.0359375 0.04375
1 0.153125 0.13203125 0.0390625 0.0453125
1 0.115625 0.2046875 0.0328125 0.040625
1 0.21328125 0.21015625 0.0359375 0.0390625
1 0.24453125 0.4015625 0.0359375 0.0375
1 0.3625 0.30390625 0.0375 0.0421875
1 0.26640625 0.48828125 0.0328125 0.0453125
1 0.6796875 0.6265625 0.0390625 0.05
1 0.884375 0.1375 0.03125 0.040625
1 0.8125 0.60546875 0.0359375 0.0421875
1 0.4640625 0.2125 0.0375 0.0453125
1 0.50625 0.23828125 0.04375 0.0421875
1 0.9890625 0.98515625 0.021875 0.0296875
1 0.02109375 0.26015625 0.0421875 0.0546875
1 0.0265625 0.2046875 0.04375 0.0421875
1 0.19296875 0.85859375 0.040625 0.04375
1 0.53984375 0.984375 0.0421875 0.03125