1 0.10390625 0.3875 0.0375 0.05
1 0.084375 0.8828125 0.040625 0.0515625
1 0.9484375 0.3296875 0.040625 0.0546875
1 0.70234375 0.9515625 0.040625 0.0484375
1 0.834375 0.90546875 0.0421875 0.0515625
1 0.5015625 0.15 0.040625 0.0515625
1 0.72421875 0.2875 0.040625 0.05
1 0.1875 0.81640625 0.0390625 0.046875
1 0.07265625 0.953125 0.0390625 0.05
1 0.40703125 0.1328125 0.0484375 0.0609375
1 0.5453125 0.5796875 0.040625 0.053125
1 0.2015625 0.5125 0.0484375 0.0640625
1 0.95234375 0.5171875 0.040625 0.053125
1 0.7765625 0.57734375 0.040625 0.05
1 0.24765625 0.953125 0.040625 0.0515625
1 0.28125 0.38984375 0.040625 0.053125
1 0.2 0.60078125 0.0390625 0.0515625
1 0.9421875 0.42578125 0.0390625 0.05
1 0.78125 0.3875 0.0390625 0.0515625
1 0.403125 0.6359375 0.05 0.06875
1 0.1375 0.59921875 0.0375 0.0484375
1 0.66953125 0.04375 0.0390625 0.046875
1 0.515625 0.35703125 0.05 0.0671875
1 0.32578125 0.88828125 0.04375 0.0578125
1 0.5796875 0.87421875 0.04375 0.053125
1 0.3640625 0.19375 0.046875 0.0625
1 0.309375 0.4609375 0.046875 0.0609375
1 0.5625 0.04296875 0.046875 0.0609375
1 0.05078125 0.43828125 0.034375 0.040625
1 0.77265625 0.6953125 0.04375 0.053125
1 0.6203125 0.92421875 0.034375 0.0421875
1 0.6734375 0.14140625 0.046875 0.0546875
1 0.0734375 0.4953125 0.040625 0.0515625
1 0.171875 0.26015625 0.040625 0.053125
1 0.9265625 0.7015625 0.034375 0.0421875
1 0.475 0.65234375 0.0484375 0.0640625
1 0.84140625 0.52265625 0.040625 0.05
1 0.496875 0.04453125 0.0375 0.0484375
1 0.27109375 0.165625 0.0515625 0.0640625
1 0.45078125 0.0375 0.0390625 0.0484375
1 0.7765625 0.234375 0.040625 0.0484375
1 0.86484375 0.190625 0.0375 0.0453125
1 0.68125 0.89296875 0.034375 0.0421875
1 0.70859375 0.184375 0.0453125 0.05625
1 0.92109375 0.86953125 0.040625 0.0515625
1 0.671875 0.41171875 0.0390625 0.053125
1 0.93125 0.97265625 0.04375 0.0546875
1 0.1140625 0.24375 0.0375 0.046875
1 0.9265625 0.03203125 0.0484375 0.0609375
1 0.02265625 0.62265625 0.040625 0.0515625
1 0.6140625 0.584375 0.0390625 0.05
1 0.21875 0.68828125 0.0421875 0.0546875
1 0.60390625 0.08203125 0.040625 0.05
1 0.98203125 0.63515625 0.0359375 0.0515625
1 0.175 0.72109375 0.040625 0.05
1 0.98203125 0.89296875 0.0359375 0.0578125
1 0.84296875 0.4359375 0.0390625 0.046875
1 0.121875 0.02109375 0.0375 0.0421875
1 0.45625 0.88046875 0.0453125 0.0484375
1 0.39453125 0.97734375 0.04375 0.0453125
1 0.765625 0.11953125 0.040625 0.0484375
1 0.2765625 0.24609375 0.0375 0.04375
1 0.084375 0.78125 0.040625 0.0484375
1 0.5453125 0.2234375 0.0359375 0.046875
1 0.44140625 0.08515625 0.0390625 0.0484375
1 0.81796875 0.08203125 0.0421875 0.05
1 0.2109375 0.3265625 0.040625 0.0453125
1 0.6171875 0.50390625 0.040625 0.0484375
1 0.67890625 0.70703125 0.0390625 0.0453125
1 0.0765625 0.08828125 0.0390625 0.046875
1 0.19296875 0.9390625 0.0421875 0.05
1 0.13515625 0.51171875 0.040625 0.0515625
1 0.6265625 0.68828125 0.040625 0.05
1 0.1796875 0.35703125 0.0359375 0.0390625
1 0.7765625 0.94609375 0.03125 0.0421875
1 0.221875 0.09921875 0.0375 0.0453125
1 0.77421875 0.63515625 0.0390625 0.04375
1 0.94453125 0.14765625 0.05 0.053125
1 0.93515625 0.225 0.04375 0.0515625
1 0.74765625 0.46171875 0.0359375 0.046875
1 0.4328125 0.69765625 0.0453125 0.059375
1 0.29609375 0.54140625 0.0453125 0.05
1 0.0109375 0.13046875 0.021875 0.0453125
1 0.60703125 0.01171875 0.0375 0.0234375
1 0.98671875 0.978125 0.0265625 0.04375
1 0.99296875 0.753125 0.0140625 0.0390625
1 0.73125 0.99140625 0.0359375 0.0171875
1 0.6359375 0.85390625 0.0359375 0.0453125
1 0.01171875 0.9546875 0.0234375 0.0546875
1 0.00859375 0.55859375 0.0171875 0.05
1 0.355796875 0.324765625 0.04854687499999999 0.042625000000000045
1 0.35090625000000003 0.37778125 0.04082812499999999 0.04240624999999998
1 0.19378125 0.160359375 0.04662500000000001 0.045968750000000023
1 0.20925 0.13096875 0.032390625000000006 0.029171875000000024
1 0.42434374999999996 0.81375 0.040328124999999916 0.04443750000000009
1 0.40276562499999996 0.8410624999999999 0.044031249999999966 0.039046875000000016
1 0.544296875 0.8008593749999999 0.03990624999999994 0.04832812500000001
1 0.568375 0.7803281249999999 0.03823437500000004 0.05109374999999998
1 0.541953125 0.45646875 0.040156250000000074 0.04743750000000002
1 0.570453125 0.435484375 0.03918750000000006 0.04154687500000005