0 0.02734375 0.12890625 0.0546875 0.1171875
0 0.29296875 0.034375 0.0515625 0.06875
0 0.115625 0.91328125 0.053125 0.075
0 0.57890625 0.66875 0.0578125 0.0703125
0 0.9015625 0.43984375 0.059375 0.0765625
1 0.14140625 0.153125 0.0453125 0.053125
1 0.20546875 0.03359375 0.0453125 0.059375
1 0.23046875 0.16171875 0.05625 0.0703125
1 0.18515625 0.3109375 0.0453125 0.053125
1 0.25625 0.34375 0.040625 0.0515625
1 0.26640625 0.4125 0.0484375 0.059375
1 0.30703125 0.17578125 0.0421875 0.053125
1 0.37578125 0.16640625 0.0453125 0.05
1 0.38984375 0.06640625 0.04375 0.0484375
1 0.396875 0.2921875 0.0453125 0.0546875
1 0.434375 0.184375 0.04375 0.0484375
0 0.45234375 0.04296875 0.065625 0.0859375
1 0.77734375 0.05390625 0.04375 0.0578125
1 0.715625 0.0390625 0.040625 0.0484375
1 0.7546875 0.13984375 0.0421875 0.053125
1 0.684375 0.1328125 0.046875 0.0546875
1 0.8875 0.190625 0.04375 0.0484375
1 0.94375 0.22421875 0.0484375 0.059375
0 0.94921875 0.034375 0.1015625 0.065625
1 0.7875 0.18046875 0.0390625 0.0453125
0 0.73125 0.2578125 0.075 0.0578125
1 0.66328125 0.2125 0.04375 0.046875
1 0.56953125 0.1625 0.0375 0.05625
1 0.8359375 0.34296875 0.0421875 0.0625
1 0.78828125 0.35390625 0.0390625 0.053125
1 0.7546875 0.39375 0.0375 0.040625
1 0.9671875 0.34609375 0.0484375 0.053125
1 0.9765625 0.5390625 0.04375 0.05625
1 0.890625 0.65390625 0.0453125 0.0484375
1 0.8328125 0.6625 0.0421875 0.05
1 0.971875 0.65625 0.0546875 0.0609375
1 0.97265625 0.95234375 0.0484375 0.0625
1 0.865625 0.9609375 0.046875 0.0484375
1 0.75625 0.93984375 0.046875 0.0515625
1 0.70078125 0.90703125 0.04375 0.0515625
1 0.73984375 0.8203125 0.04375 0.05625
1 0.8296875 0.75546875 0.0484375 0.05625
1 0.6890625 0.61484375 0.040625 0.053125
1 0.75390625 0.5234375 0.0453125 0.0546875
1 0.46875 0.97421875 0.0484375 0.046875
1 0.42890625 0.915625 0.05 0.0515625
1 0.246875 0.9671875 0.0453125 0.0484375
1 0.24453125 0.825 0.0484375 0.0484375
1 0.18203125 0.7515625 0.0453125 0.053125
1 0.23359375 0.73671875 0.0421875 0.05625
1 0.2765625 0.71484375 0.0359375 0.0546875
1 0.20390625 0.61015625 0.0359375 0.046875
1 0.26171875 0.62890625 0.04375 0.0484375
1 0.32109375 0.646875 0.0375 0.0484375
1 0.0765625 0.75703125 0.04375 0.053125
1 0.13828125 0.4265625 0.0359375 0.0453125
1 0.2390625 0.51796875 0.0390625 0.0421875
1 0.153125 0.49609375 0.0453125 0.0453125
1 0.0875 0.215625 0.0375 0.05
1 0.03984375 0.38046875 0.040625 0.0484375
1 0.0609375 0.57421875 0.04375 0.0484375
1 0.1453125 0.5640625 0.040625 0.05
1 0.4015625 0.66796875 0.04375 0.05625
1 0.4828125 0.61796875 0.0359375 0.0515625
1 0.54921875 0.5765625 0.0453125 0.0515625
1 0.475 0.4078125 0.040625 0.053125
1 0.60390625 0.39375 0.0421875 0.05
1 0.5265625 0.25546875 0.0390625 0.0453125
1 0.55390625 0.32890625 0.040625 0.0578125
1 0.6328125 0.5265625 0.040625 0.0578125
1 0.55078125 0.92265625 0.0453125 0.053125
1 0.4828125 0.83515625 0.0390625 0.053125
1 0.50703125 0.734375 0.0390625 0.05
1 0.5625 0.76953125 0.04375 0.0453125
1 0.6296875 0.78359375 0.0515625 0.053125
1 0.34140625 0.31953125 0.0359375 0.04375
1 0.01953125 0.84609375 0.0375 0.053125