1 0.79375 0.2 0.0453125 0.053125
1 0.45546875 0.36171875 0.0390625 0.0484375
1 0.378125 0.85546875 0.040625 0.0453125
1 0.54921875 0.85 0.05 0.05625
1 0.45625 0.8640625 0.040625 0.046875
1 0.34765625 0.7484375 0.0484375 0.059375
1 0.62421875 0.4671875 0.040625 0.046875
0 0.77890625 0.76015625 0.059375 0.0625
1 0.7671875 0.26875 0.0421875 0.0484375
1 0.68515625 0.95 0.04375 0.0515625
1 0.63046875 0.2015625 0.0515625 0.065625
1 0.89765625 0.42578125 0.04375 0.0515625
0 0.08515625 0.07578125 0.0515625 0.0953125
0 0.32578125 0.5875 0.0578125 0.0953125
1 0.75546875 0.43671875 0.0421875 0.05
1 0.5125 0.9796875 0.05 0.040625
1 0.78125 0.55859375 0.0421875 0.046875
1 0.09921875 0.6703125 0.040625 0.04375
0 0.5984375 0.96875 0.0625 0.0625
1 0.8546875 0.765625 0.040625 0.0515625
1 0.11171875 0.55390625 0.0390625 0.046875
1 0.20078125 0.26796875 0.040625 0.0453125
1 0.41015625 0.7796875 0.046875 0.053125
1 0.2671875 0.684375 0.040625 0.0453125
1 0.49921875 0.0203125 0.0484375 0.040625
1 0.68203125 0.290625 0.04375 0.053125
1 0.7203125 0.33671875 0.04375 0.046875
1 0.5515625 0.4890625 0.0359375 0.046875
1 0.68203125 0.35703125 0.0421875 0.0484375
1 0.17265625 0.1328125 0.040625 0.046875
1 0.590625 0.30859375 0.04375 0.046875
1 0.409375 0.3578125 0.0390625 0.05
0 0.121875 0.38203125 0.0453125 0.0890625
1 0.12734375 0.63515625 0.040625 0.04375
1 0.684375 0.76328125 0.0390625 0.0484375
1 0.684375 0.528125 0.04375 0.05
1 0.8734375 0.096875 0.0453125 0.046875
1 0.021875 0.92734375 0.040625 0.0421875
1 0.58046875 0.64140625 0.0375 0.046875
1 0.8 0.671875 0.04375 0.0546875
1 0.22421875 0.659375 0.0421875 0.0515625
1 0.5890625 0.55546875 0.0375 0.04375
1 0.33046875 0.478125 0.0390625 0.046875
1 0.35703125 0.1203125 0.0390625 0.05
1 0.94453125 0.5390625 0.0375 0.04375
1 0.96015625 0.42734375 0.040625 0.0515625
1 0.91640625 0.0671875 0.0421875 0.05
1 0.509375 0.49921875 0.034375 0.04375
1 0.45234375 0.53125 0.0390625 0.05
1 0.0734375 0.478125 0.0328125 0.0453125
0 0.97578125 0.20703125 0.0484375 0.096875
1 0.2078125 0.34296875 0.040625 0.0484375
1 0.15234375 0.92890625 0.0453125 0.05
1 0.4296875 0.946875 0.0375 0.0453125
1 0.521875 0.3609375 0.0421875 0.046875
1 0.08984375 0.909375 0.0390625 0.04375
1 0.7984375 0.02734375 0.04375 0.0484375
1 0.515625 0.3078125 0.04375 0.05
1 0.67421875 0.65 0.0375 0.0421875
1 0.41015625 0.01875 0.040625 0.0375
1 0.94609375 0.92734375 0.0453125 0.059375
1 0.975 0.790625 0.04375 0.053125
0 0.509375 0.2328125 0.053125 0.090625
1 0.521875 0.41171875 0.0390625 0.0390625
1 0.89921875 0.77109375 0.0421875 0.05
1 0.475 0.15703125 0.0375 0.0453125
1 0.565625 0.69765625 0.0453125 0.0484375
1 0.75078125 0.88984375 0.0421875 0.053125
1 0.409375 0.48671875 0.0390625 0.05
0 0.225 0.86328125 0.04375 0.0703125
1 0.475 0.64140625 0.0375 0.05
1 0.8359375 0.246875 0.0390625 0.046875
1 0.525 0.12109375 0.0421875 0.0484375
1 0.0140625 0.36953125 0.028125 0.04375
1 0.19453125 0.0421875 0.053125 0.0625
1 0.98203125 0.06640625 0.0359375 0.0453125
1 0.2828125 0.8671875 0.0390625 0.0421875
1 0.71640625 0.07109375 0.0390625 0.046875
1 0.871875 0.6578125 0.0375 0.0421875
1 0.09296875 0.1515625 0.0390625 0.0484375
1 0.3984375 0.084375 0.04375 0.0453125
1 0.47265625 0.08359375 0.0421875 0.046875
1 0.92734375 0.11796875 0.0375 0.0453125
1 0.984375 0.6125 0.03125 0.046875
0 0.21015625 0.77578125 0.053125 0.0796875
1 0.23125 0.209375 0.0390625 0.0453125
1 0.74453125 0.825 0.0359375 0.053125
1 0.85234375 0.90390625 0.0375 0.05
0 0.85078125 0.58046875 0.0484375 0.08125
1 0.1 0.73125 0.040625 0.04375
0 0.26796875 0.34765625 0.046875 0.0828125
1 0.2421875 0.41796875 0.034375 0.0453125
1 0.28671875 0.275 0.0421875 0.0453125
1 0.0515625 0.01328125 0.0421875 0.0265625