0 0.45703125 0.22734375 0.0859375 0.065625
1 0.4703125 0.896875 0.0390625 0.0484375
1 0.4953125 0.5640625 0.0375 0.04375
1 0.9671875 0.303125 0.0453125 0.0546875
1 0.5265625 0.61484375 0.0390625 0.04375
1 0.59609375 0.6484375 0.040625 0.0453125
1 0.30625 0.728125 0.0375 0.046875
0 0.2640625 0.8 0.0546875 0.0515625
1 0.50625 0.784375 0.040625 0.046875
1 0.63125 0.22265625 0.040625 0.05
0 0.634375 0.5625 0.046875 0.1
1 0.6828125 0.47265625 0.0390625 0.05
1 0.97109375 0.77265625 0.0390625 0.046875
1 0.72578125 0.61640625 0.0421875 0.046875
1 0.86953125 0.40390625 0.0421875 0.0484375
1 0.86640625 0.62734375 0.04375 0.053125
0 0.8390625 0.91953125 0.05625 0.0453125
1 0.871875 0.55859375 0.040625 0.0484375
1 0.40078125 0.8828125 0.0421875 0.05
1 0.19921875 0.7734375 0.0421875 0.0453125
1 0.8765625 0.08125 0.0484375 0.0609375
1 0.36484375 0.38359375 0.0375 0.04375
1 0.5234375 0.0390625 0.04375 0.0546875
1 0.525 0.140625 0.0421875 0.0484375
1 0.675 0.61015625 0.040625 0.04375
1 0.3171875 0.403125 0.0390625 0.0453125
1 0.221875 0.265625 0.0375 0.0453125
1 0.6640625 0.1125 0.0421875 0.0515625
1 0.76640625 0.6890625 0.0390625 0.0484375
1 0.9078125 0.3390625 0.0453125 0.0546875
1 0.76171875 0.12890625 0.040625 0.0515625
1 0.7234375 0.54140625 0.040625 0.0453125
1 0.271875 0.54375 0.0359375 0.04375
1 0.14375 0.48515625 0.0375 0.0484375
1 0.9875 0.8875 0.025 0.046875
1 0.67734375 0.2484375 0.0390625 0.0453125
1 0.49296875 0.29765625 0.0390625 0.0484375
1 0.94609375 0.915625 0.0390625 0.04375
1 0.875 0.2703125 0.0453125 0.0484375
0 0.19453125 0.12578125 0.0703125 0.0609375
1 0.1578125 0.4296875 0.0375 0.046875
1 0.5546875 0.81328125 0.0375 0.046875
1 0.40546875 0.7921875 0.040625 0.05
1 0.43984375 0.51015625 0.0375 0.04375
1 0.30234375 0.24921875 0.0375 0.0453125
1 0.58046875 0.384375 0.0359375 0.0453125
1 0.875 0.47578125 0.040625 0.0453125
0 0.3640625 0.26796875 0.0703125 0.0515625
1 0.25859375 0.725 0.0390625 0.05
1 0.7640625 0.48046875 0.0453125 0.0578125
1 0.0640625 0.54921875 0.034375 0.0421875
1 0.72109375 0.259375 0.0359375 0.0453125
1 0.1390625 0.58203125 0.0359375 0.04375
1 0.85234375 0.2125 0.040625 0.0421875
0 0.21953125 0.02578125 0.0609375 0.0515625
1 0.4953125 0.46015625 0.0390625 0.0484375
1 0.2921875 0.92578125 0.0390625 0.0453125
1 0.1828125 0.9359375 0.034375 0.04375
1 0.60703125 0.8515625 0.0359375 0.04375
1 0.9640625 0.65859375 0.046875 0.05625
1 0.19921875 0.3484375 0.0390625 0.0453125
1 0.28828125 0.06328125 0.0421875 0.04375
1 0.6328125 0.725 0.040625 0.05
1 0.33515625 0.5484375 0.0359375 0.0421875
1 0.4109375 0.60234375 0.0390625 0.040625
1 0.25390625 0.95859375 0.0375 0.04375
1 0.21171875 0.56328125 0.0375 0.0421875
1 0.4984375 0.6953125 0.0359375 0.04375
1 0.16640625 0.7296875 0.040625 0.046875
1 0.9484375 0.53359375 0.05 0.0578125
1 0.18046875 0.52734375 0.0375 0.04375
0 0.69375 0.3515625 0.046875 0.08125
1 0.165625 0.2484375 0.0375 0.0453125
1 0.38828125 0.04296875 0.0390625 0.0421875
1 0.26171875 0.865625 0.0375 0.04375
1 0.81015625 0.98046875 0.034375 0.0390625
1 0.9828125 0.965625 0.034375 0.040625
1 0.4109375 0.3546875 0.0359375 0.0421875
1 0.9453125 0.16875 0.040625 0.0515625
1 0.73046875 0.79609375 0.040625 0.05
1 0.665625 0.925 0.0421875 0.046875
1 0.75859375 0.3515625 0.0421875 0.0484375
1 0.45 0.63984375 0.0390625 0.04375
1 0.21171875 0.44921875 0.0328125 0.0453125
1 0.6921875 0.76640625 0.0359375 0.040625
1 0.0453125 0.6828125 0.0328125 0.0359375
1 0.52578125 0.92109375 0.0359375 0.04375
1 0.64921875 0.33984375 0.0390625 0.046875
1 0.7875 0.24375 0.0359375 0.0421875
1 0.3546875 0.94609375 0.0359375 0.04375
1 0.46484375 0.36640625 0.034375 0.0390625
1 0.01796875 0.5640625 0.034375 0.046875
1 0.790625 0.61640625 0.0390625 0.046875
1 0.68828125 0.84453125 0.0359375 0.0453125
1 0.43515625 0.43828125 0.034375 0.0421875
1 0.7859375 0.78125 0.0390625 0.053125
1 0.08203125 0.7515625 0.0390625 0.04375
1 0.090625 0.2875 0.0328125 0.04375
0 0.41171875 0.41328125 0.0375 0.065625
1 0.2140625 0.98359375 0.034375 0.0328125
1 0.5421875 0.478125 0.034375 0.0421875
1 0.39140625 0.18125 0.04375 0.0515625
1 0.43046875 0.10703125 0.046875 0.0484375
1 0.0390625 0.18515625 0.0375 0.04375
1 0.25 0.20390625 0.034375 0.04375
1 0.05859375 0.9390625 0.0390625 0.053125
1 0.09609375 0.96875 0.0375 0.05625
1 0.93046875 0.478125 0.0484375 0.0546875
1 0.81171875 0.071875 0.04375 0.059375
1 0.80703125 0.15703125 0.046875 0.053125
1 0.72265625 0.9875 0.0359375 0.025
1 0.984375 0.821875 0.03125 0.04375