1 0.13046875 0.96484375 0.0390625 0.046875
1 0.98046875 0.746875 0.0390625 0.05
1 0.79765625 0.85625 0.0421875 0.0484375
1 0.71171875 0.13984375 0.04375 0.0484375
1 0.05390625 0.95703125 0.040625 0.0484375
0 0.32421875 0.50859375 0.0703125 0.08125
1 0.6125 0.4890625 0.0375 0.0484375
1 0.04375 0.34140625 0.046875 0.0515625
1 0.85703125 0.88828125 0.0390625 0.046875
0 0.9515625 0.37734375 0.06875 0.0703125
1 0.64140625 0.81875 0.0484375 0.059375
1 0.84921875 0.26484375 0.0375 0.04375
1 0.51953125 0.8890625 0.0421875 0.046875
1 0.49296875 0.48984375 0.040625 0.0484375
1 0.509375 0.97578125 0.040625 0.046875
1 0.375 0.44296875 0.0390625 0.04375
1 0.15625 0.7609375 0.0375 0.05
1 0.82265625 0.721875 0.0453125 0.0515625
1 0.47109375 0.8125 0.0421875 0.0453125
1 0.15703125 0.63828125 0.0390625 0.0484375
1 0.940625 0.4765625 0.0390625 0.05
1 0.84453125 0.46953125 0.0421875 0.0515625
1 0.2390625 0.2765625 0.0421875 0.0453125
1 0.5703125 0.48828125 0.0375 0.04375
1 0.22421875 0.76328125 0.0390625 0.0515625
1 0.59296875 0.11484375 0.04375 0.0484375
1 0.7671875 0.046875 0.040625 0.05
1 0.315625 0.9140625 0.0421875 0.05
1 0.49453125 0.125 0.04375 0.053125
1 0.0421875 0.17734375 0.0390625 0.046875
1 0.77890625 0.2875 0.0390625 0.0515625
1 0.1203125 0.1546875 0.04375 0.046875
1 0.47421875 0.9015625 0.040625 0.05
1 0.39453125 0.609375 0.0421875 0.05
1 0.5765625 0.76953125 0.0390625 0.0453125
1 0.80078125 0.19375 0.0375 0.046875
1 0.62265625 0.26640625 0.0359375 0.046875
1 0.29453125 0.11796875 0.0421875 0.053125
1 0.20234375 0.42890625 0.0390625 0.04375
0 0.76171875 0.4296875 0.0703125 0.0515625
1 0.8296875 0.978125 0.0390625 0.040625
1 0.38671875 0.196875 0.0375 0.0453125
1 0.23984375 0.16328125 0.0390625 0.0484375
1 0.86171875 0.17265625 0.0375 0.0484375
1 0.88046875 0.76875 0.0375 0.04375
1 0.084375 0.69609375 0.0375 0.0484375
1 0.89140625 0.57890625 0.040625 0.0484375
1 0.6640625 0.31953125 0.040625 0.046875
1 0.696875 0.05703125 0.0421875 0.0453125
1 0.66796875 0.38671875 0.0421875 0.05625
1 0.88203125 0.34921875 0.0453125 0.0609375
1 0.8390625 0.58203125 0.034375 0.040625
1 0.08125 0.0703125 0.0375 0.0421875
1 0.55703125 0.20625 0.046875 0.059375
1 0.37421875 0.29921875 0.0375 0.046875
1 0.71796875 0.51875 0.0421875 0.0484375
1 0.75546875 0.56953125 0.0390625 0.05
1 0.30234375 0.2875 0.0390625 0.0453125
1 0.7359375 0.96796875 0.034375 0.040625
1 0.49140625 0.05390625 0.0390625 0.04375
1 0.93125 0.70078125 0.0375 0.05
1 0.5578125 0.2765625 0.0375 0.04375
1 0.4828125 0.4015625 0.0328125 0.0359375
1 0.9765625 0.06796875 0.046875 0.0703125
1 0.4328125 0.69765625 0.0359375 0.040625
1 0.9859375 0.54296875 0.028125 0.053125
1 0.01796875 0.409375 0.0359375 0.046875
1 0.05859375 0.49609375 0.040625 0.046875
1 0.11015625 0.53203125 0.0359375 0.0453125
1 0.478125 0.57734375 0.0375 0.0421875
0 0.71484375 0.24453125 0.0796875 0.0828125
1 0.9078125 0.83046875 0.0375 0.0484375
1 0.66796875 0.925 0.040625 0.0484375
1 0.2328125 0.5046875 0.0375 0.04375
1 0.9625 0.6171875 0.0375 0.0453125
1 0.15390625 0.35 0.046875 0.0515625
0 0.1453125 0.0390625 0.05625 0.0734375
0 0.0953125 0.41640625 0.0546875 0.0765625
1 0.16171875 0.4125 0.0375 0.046875
1 0.1875 0.565625 0.0328125 0.0359375
1 0.4421875 0.77890625 0.04375 0.0453125
1 0.490625 0.28984375 0.0390625 0.046875
1 0.2875 0.590625 0.0390625 0.04375
1 0.78984375 0.95859375 0.034375 0.0390625
1 0.38203125 0.1203125 0.04375 0.0484375
1 0.275 0.81875 0.04375 0.0515625
1 0.3203125 0.36875 0.0390625 0.0484375
0 0.4296875 0.8546875 0.0453125 0.0640625
1 0.41796875 0.0796875 0.04375 0.05
1 0.67109375 0.1828125 0.0359375 0.04375
1 0.64453125 0.21796875 0.0390625 0.04375
1 0.65625 0.7015625 0.0453125 0.05
1 0.7546875 0.75234375 0.0484375 0.0578125
1 0.76640625 0.8078125 0.05 0.05
1 0.70625 0.73515625 0.05 0.059375
1 0.79921875 0.57890625 0.0359375 0.0421875
1 0.71875 0.60078125 0.0453125 0.0515625
1 0.57578125 0.596875 0.0421875 0.046875
1 0.93828125 0.29609375 0.053125 0.059375
1 0.5703125 0.03125 0.04375 0.0484375
1 0.63828125 0.12890625 0.0375 0.0484375
1 0.80234375 0.64609375 0.0359375 0.046875
1 0.38046875 0.528125 0.0453125 0.046875
1 0.3359375 0.10390625 0.0421875 0.0515625
1 0.08984375 0.20859375 0.0515625 0.05625
1 0.26640625 0.7625 0.0453125 0.046875
1 0.24765625 0.94296875 0.0359375 0.0359375
1 0.60078125 0.8734375 0.0421875 0.046875
1 0.00625 0.4984375 0.0125 0.034375
1 0.04296875 0.26328125 0.0359375 0.034375
1 0.365625 0.36953125 0.040625 0.046875
1 0.00703125 0.10859375 0.0140625 0.046875
1 0.0109375 0.04375 0.021875 0.040625
1 0.43515625 0.01640625 0.03125 0.03125
1 0.984375 0.225 0.03125 0.046875
1 0.9890625 0.97421875 0.021875 0.0484375
1 0.55390625 0.98671875 0.0375 0.0265625
1 0.67578125 0.984375 0.040625 0.03125