1 0.86484375 0.5890625 0.04375 0.0484375
1 0.59375 0.56015625 0.0390625 0.046875
1 0.17890625 0.9703125 0.0375 0.04375
1 0.453125 0.421875 0.0390625 0.0453125
1 0.309375 0.4703125 0.040625 0.0515625
0 0.71640625 0.87890625 0.071875 0.05625
1 0.09921875 0.2859375 0.0453125 0.0515625
1 0.52734375 0.86484375 0.040625 0.0453125
1 0.68359375 0.1375 0.0421875 0.053125
1 0.325 0.77734375 0.040625 0.04375
1 0.9359375 0.790625 0.046875 0.0515625
1 0.69375 0.76953125 0.040625 0.053125
1 0.4328125 0.72265625 0.0390625 0.0453125
1 0.8921875 0.8375 0.0421875 0.0515625
0 0.14609375 0.24296875 0.0578125 0.071875
1 0.8234375 0.56328125 0.0390625 0.046875
1 0.59140625 0.1046875 0.0359375 0.0484375
1 0.6953125 0.61171875 0.0390625 0.0484375
1 0.24296875 0.8125 0.040625 0.0515625
1 0.134375 0.90625 0.0390625 0.0484375
1 0.18359375 0.1703125 0.040625 0.046875
1 0.6328125 0.62421875 0.0390625 0.0453125
1 0.5296875 0.06875 0.04375 0.0515625
1 0.471875 0.8796875 0.0390625 0.04375
1 0.34609375 0.92109375 0.046875 0.0578125
1 0.3125 0.3984375 0.046875 0.059375
1 0.61796875 0.284375 0.0359375 0.046875
1 0.19453125 0.60078125 0.040625 0.04375
1 0.13125 0.665625 0.040625 0.046875
1 0.01953125 0.240625 0.0390625 0.05
1 0.28984375 0.6796875 0.040625 0.046875
1 0.98203125 0.88828125 0.0359375 0.0625
1 0.30625 0.14140625 0.0390625 0.05
1 0.78203125 0.55390625 0.040625 0.0515625
1 0.2203125 0.75546875 0.040625 0.046875
1 0.38046875 0.0640625 0.0375 0.0421875
1 0.34140625 0.83984375 0.0390625 0.046875
1 0.21484375 0.90859375 0.040625 0.0484375
1 0.840625 0.20234375 0.0375 0.0453125
1 0.6484375 0.91484375 0.0375 0.0453125
1 0.9 0.384375 0.0390625 0.0453125
1 0.26796875 0.88828125 0.0390625 0.046875
1 0.76640625 0.7234375 0.0390625 0.05
1 0.47734375 0.0375 0.0390625 0.046875
1 0.6140625 0.71484375 0.0390625 0.046875
1 0.88359375 0.971875 0.046875 0.0515625
1 0.91484375 0.61875 0.040625 0.053125
1 0.30390625 0.571875 0.0390625 0.046875
1 0.7421875 0.56875 0.0375 0.04375
1 0.69296875 0.70625 0.0390625 0.04375
1 0.94296875 0.26796875 0.0421875 0.0484375
1 0.98125 0.7359375 0.0375 0.053125
1 0.15703125 0.78828125 0.040625 0.05
1 0.58046875 0.65859375 0.040625 0.0453125
1 0.684375 0.053125 0.0390625 0.05
1 0.9734375 0.15390625 0.040625 0.0484375
1 0.80859375 0.6484375 0.0375 0.04375
1 0.48828125 0.14296875 0.034375 0.04375
1 0.8140625 0.06015625 0.04375 0.0546875
1 0.47578125 0.659375 0.040625 0.05
1 0.47734375 0.96875 0.040625 0.046875
1 0.2609375 0.38203125 0.040625 0.0484375
1 0.33125 0.63203125 0.0390625 0.04375
1 0.76640625 0.96796875 0.04375 0.05
1 0.0546875 0.17578125 0.040625 0.0515625
1 0.79921875 0.35546875 0.040625 0.046875
1 0.525 0.70234375 0.0390625 0.046875
1 0.58671875 0.80546875 0.0390625 0.046875
1 0.40078125 0.6078125 0.034375 0.0375
1 0.07421875 0.91796875 0.034375 0.0390625
1 0.784375 0.20234375 0.0359375 0.04375
1 0.33671875 0.07265625 0.0390625 0.04375
1 0.4421875 0.22421875 0.040625 0.0515625
1 0.36484375 0.67734375 0.0359375 0.0421875
1 0.3796875 0.77890625 0.0359375 0.0390625
1 0.6828125 0.25703125 0.04375 0.0546875
1 0.06484375 0.3609375 0.0390625 0.040625
1 0.63828125 0.19765625 0.0375 0.0453125
1 0.77109375 0.62109375 0.0359375 0.0390625
1 0.6171875 0.4328125 0.0375 0.0453125
1 0.40234375 0.65390625 0.0359375 0.0359375
1 0.0546875 0.6453125 0.0421875 0.046875
1 0.44453125 0.54453125 0.040625 0.0453125
1 0.3734375 0.56328125 0.0359375 0.04375
1 0.87578125 0.5234375 0.0421875 0.046875
1 0.03671875 0.315625 0.0359375 0.0421875
1 0.109375 0.8296875 0.0375 0.0421875
1 0.3484375 0.13125 0.0390625 0.0453125
1 0.5390625 0.46171875 0.0390625 0.0453125
1 0.76875 0.3265625 0.0359375 0.0390625
1 0.96796875 0.0609375 0.0390625 0.04375
1 0.61640625 0.3578125 0.0390625 0.0375
1 0.41875 0.8921875 0.04375 0.0484375
0 0.12109375 0.446875 0.05 0.0640625
1 0.5703125 0.3046875 0.0453125 0.0515625
1 0.90546875 0.3078125 0.0375 0.04375
1 0.8171875 0.409375 0.0453125 0.05625
1 0.9453125 0.48984375 0.034375 0.04375
1 0.8578125 0.8546875 0.0359375 0.046875
1 0.85234375 0.9140625 0.040625 0.0453125
1 0.8765625 0.67734375 0.0375 0.0484375
1 0.3921875 0.84140625 0.040625 0.046875
1 0.109375 0.56015625 0.0375 0.0515625
1 0.5140625 0.49453125 0.04375 0.0421875
1 0.5765625 0.46640625 0.0375 0.0421875
1 0.6734375 0.36796875 0.040625 0.05
1 0.2359375 0.63046875 0.0375 0.046875
1 0.23125 0.53671875 0.0328125 0.04375
1 0.25390625 0.44375 0.0296875 0.040625
1 0.3671875 0.5 0.0359375 0.0375
1 0.409375 0.453125 0.034375 0.0390625
1 0.4875 0.3265625 0.03125 0.0375
1 0.3625 0.2515625 0.0359375 0.0390625
1 0.28359375 0.24453125 0.0375 0.040625
1 0.40859375 0.25546875 0.0390625 0.04375
1 0.0796875 0.409375 0.0359375 0.04375
1 0.4390625 0.78359375 0.034375 0.040625
1 0.51640625 0.41875 0.034375 0.0390625
1 0.53125 0.37421875 0.0359375 0.0375
1 0.71171875 0.5125 0.0359375 0.040625
1 0.434375 0.01015625 0.0359375 0.0203125
1 0.89609375 0.00859375 0.03125 0.0171875
1 0.95390625 0.01484375 0.0421875 0.0296875
1 0.98515625 0.328125 0.0296875 0.0515625
1 0.99296875 0.2453125 0.0140625 0.0359375
1 0.98515625 0.4859375 0.0296875 0.04375
1 0.9734375 0.98359375 0.046875 0.0328125
1 0.09375 0.98671875 0.0421875 0.0265625
1 0.00703125 0.7984375 0.0140625 0.0453125
1 0.63203125 0.01953125 0.0328125 0.0390625
1 0.0125 0.3578125 0.025 0.05625