0 0.31796875 0.0390625 0.065625 0.0609375
0 0.5171875 0.08828125 0.0734375 0.078125
0 0.4546875 0.35390625 0.053125 0.1046875
0 0.4359375 0.8578125 0.0640625 0.1015625
0 0.15625 0.86796875 0.0484375 0.078125
0 0.2453125 0.4703125 0.0515625 0.096875
0 0.85703125 0.38203125 0.0875 0.1015625
1 0.0328125 0.13359375 0.0390625 0.0484375
1 0.09140625 0.1046875 0.0484375 0.053125
1 0.07421875 0.1625 0.0453125 0.0640625
1 0.2390625 0.15078125 0.040625 0.0453125
1 0.3453125 0.1453125 0.0515625 0.0578125
1 0.41640625 0.096875 0.040625 0.0578125
1 0.44296875 0.0609375 0.0453125 0.0609375
1 0.3875 0.03125 0.04375 0.05625
1 0.48359375 0.02890625 0.0515625 0.0578125
1 0.65 0.02109375 0.0421875 0.0421875
1 0.5984375 0.03203125 0.04375 0.0578125
1 0.65234375 0.0859375 0.0421875 0.0546875
1 0.7171875 0.1125 0.0421875 0.0625
1 0.815625 0.1640625 0.0484375 0.05625
1 0.9703125 0.059375 0.053125 0.059375
1 0.8875 0.02578125 0.040625 0.0515625
1 0.82421875 0.2234375 0.046875 0.0625
1 0.87421875 0.1578125 0.05 0.059375
1 0.96171875 0.24375 0.053125 0.0765625
1 0.8875 0.471875 0.046875 0.0640625
1 0.8203125 0.45078125 0.0484375 0.0625
1 0.87890625 0.6890625 0.0375 0.0515625
1 0.9234375 0.62890625 0.0375 0.05
1 0.8390625 0.82265625 0.0421875 0.053125
1 0.7765625 0.6921875 0.0421875 0.0515625
1 0.8015625 0.73984375 0.0421875 0.0578125
1 0.8203125 0.96640625 0.0546875 0.0671875
1 0.5484375 0.77578125 0.0375 0.046875
1 0.58671875 0.75390625 0.0328125 0.059375
1 0.6484375 0.70703125 0.0390625 0.0515625
1 0.49453125 0.8046875 0.0390625 0.0578125
1 0.61875 0.7359375 0.0359375 0.0546875
1 0.59921875 0.8140625 0.0484375 0.0625
1 0.65546875 0.828125 0.04375 0.059375
1 0.6390625 0.9421875 0.0515625 0.071875
1 0.29921875 0.8484375 0.0421875 0.0546875
1 0.2515625 0.878125 0.0421875 0.0546875
1 0.25546875 0.65390625 0.040625 0.0515625
1 0.33359375 0.67421875 0.0375 0.0546875
1 0.3828125 0.6421875 0.05 0.0640625
1 0.42578125 0.72734375 0.0375 0.05
1 0.475 0.68125 0.034375 0.0484375
1 0.56640625 0.63125 0.046875 0.0578125
1 0.42421875 0.484375 0.0375 0.0515625
1 0.48203125 0.46953125 0.040625 0.053125
1 0.49765625 0.534375 0.046875 0.0546875
1 0.55859375 0.53203125 0.0359375 0.0515625
1 0.621875 0.52109375 0.0421875 0.0609375
1 0.64296875 0.459375 0.0375 0.0578125
1 0.58125 0.26875 0.04375 0.0546875
1 0.5296875 0.3171875 0.046875 0.05625
1 0.4265625 0.2578125 0.0453125 0.059375
1 0.95546875 0.47890625 0.0515625 0.0671875
1 0.753125 0.5171875 0.05 0.059375
1 0.296875 0.4859375 0.04375 0.05
1 0.19921875 0.5265625 0.05625 0.05625
1 0.2328125 0.59140625 0.0421875 0.04375
1 0.2140625 0.3640625 0.0421875 0.05
1 0.12890625 0.40078125 0.0328125 0.0421875
1 0.0765625 0.4765625 0.05 0.046875
1 0.0578125 0.5453125 0.04375 0.0515625
1 0.0921875 0.73359375 0.04375 0.059375
1 0.05703125 0.67578125 0.040625 0.053125
1 0.16015625 0.94140625 0.0421875 0.0515625
1 0.09375 0.9640625 0.0453125 0.0578125
1 0.11328125 0.90234375 0.0390625 0.05625
1 0.05859375 0.9109375 0.0453125 0.0578125
1 0.7203125 0.8296875 0.046875 0.05625
1 0.69921875 0.6484375 0.0421875 0.0546875