1 0.421875 0.21875 0.05 0.059375
1 0.1671875 0.8546875 0.0453125 0.05
1 0.1578125 0.41875 0.0390625 0.046875
1 0.55234375 0.4328125 0.046875 0.05625
0 0.04140625 0.36328125 0.071875 0.0546875
1 0.5515625 0.3453125 0.040625 0.0453125
1 0.98125 0.11171875 0.0375 0.0453125
1 0.91171875 0.84140625 0.0453125 0.046875
0 0.44296875 0.93359375 0.0609375 0.0546875
1 0.81328125 0.83984375 0.040625 0.046875
1 0.3796875 0.93359375 0.0375 0.04375
1 0.86015625 0.41796875 0.040625 0.05
1 0.44296875 0.5140625 0.04375 0.0484375
1 0.753125 0.57734375 0.0390625 0.04375
1 0.39375 0.540625 0.040625 0.04375
1 0.74609375 0.6421875 0.040625 0.046875
1 0.5484375 0.565625 0.040625 0.046875
1 0.634375 0.04296875 0.040625 0.046875
0 0.52109375 0.0390625 0.0734375 0.078125
1 0.2453125 0.44609375 0.0421875 0.05
1 0.33828125 0.021875 0.0390625 0.04375
1 0.184375 0.06015625 0.040625 0.0484375
1 0.3390625 0.98125 0.0375 0.0375
1 0.86015625 0.1953125 0.0390625 0.0453125
1 0.7765625 0.984375 0.0375 0.03125
1 0.5421875 0.11328125 0.0375 0.0421875
1 0.6546875 0.61953125 0.0390625 0.0515625
1 0.9796875 0.82265625 0.0390625 0.0453125
1 0.85390625 0.30546875 0.0375 0.0421875
1 0.4546875 0.3875 0.040625 0.046875
1 0.02421875 0.5734375 0.0484375 0.059375
1 0.59609375 0.0640625 0.040625 0.04375
0 0.0453125 0.2484375 0.05625 0.0875
1 0.39609375 0.34765625 0.04375 0.0484375
1 0.2578125 0.0765625 0.0421875 0.0484375
1 0.2796875 0.5703125 0.0390625 0.046875
1 0.3078125 0.63125 0.0375 0.0453125
1 0.509375 0.8609375 0.0421875 0.0421875
1 0.35234375 0.5109375 0.0390625 0.04375
1 0.690625 0.521875 0.0375 0.04375
1 0.5484375 0.18828125 0.0390625 0.046875
1 0.06015625 0.93828125 0.0421875 0.046875
1 0.5609375 0.92421875 0.040625 0.0421875
1 0.7421875 0.18125 0.04375 0.05
1 0.715625 0.796875 0.0359375 0.04375
1 0.021875 0.0453125 0.04375 0.05625
1 0.246875 0.7234375 0.0375 0.046875
1 0.59609375 0.86015625 0.040625 0.04375
1 0.2890625 0.19375 0.0390625 0.0453125
1 0.44765625 0.10234375 0.04375 0.046875
1 0.3046875 0.7234375 0.0390625 0.04375
1 0.25703125 0.65546875 0.0359375 0.04375
1 0.615625 0.16328125 0.0390625 0.0453125
1 0.05625 0.71640625 0.0390625 0.05
1 0.9359375 0.35546875 0.0421875 0.05
1 0.80390625 0.92265625 0.046875 0.053125
1 0.93828125 0.984375 0.040625 0.03125
1 0.6875 0.90859375 0.0421875 0.05
1 0.709375 0.9765625 0.0359375 0.040625
1 0.865625 0.825 0.04375 0.046875
1 0.17734375 0.93359375 0.0421875 0.0453125
1 0.496875 0.64296875 0.0359375 0.04375
1 0.87890625 0.24921875 0.0375 0.0421875
1 0.39296875 0.41328125 0.040625 0.0484375
1 0.94765625 0.878125 0.040625 0.0453125
1 0.33203125 0.7875 0.0375 0.04375
1 0.87265625 0.69609375 0.040625 0.053125
1 0.98515625 0.74921875 0.0296875 0.04375
1 0.3953125 0.85859375 0.0390625 0.0390625
1 0.1796875 0.6953125 0.0375 0.0421875
1 0.83125 0.51875 0.034375 0.04375
1 0.921875 0.2703125 0.0375 0.0390625
1 0.5296875 0.8 0.040625 0.04375
0 0.571875 0.6515625 0.05 0.078125
1 0.95078125 0.69140625 0.0484375 0.05
1 0.11171875 0.54140625 0.0453125 0.04375
1 0.09375 0.5875 0.0453125 0.05
1 0.1265625 0.70546875 0.040625 0.0484375
1 0.87109375 0.87734375 0.0390625 0.046875
1 0.6828125 0.38125 0.0375 0.0421875
1 0.63671875 0.49609375 0.0359375 0.05
1 0.765625 0.78515625 0.0359375 0.0375
1 0.771875 0.0359375 0.0328125 0.034375
1 0.73359375 0.11328125 0.034375 0.046875
1 0.79765625 0.34921875 0.0390625 0.05
1 0.2359375 0.596875 0.0359375 0.046875
1 0.2765625 0.8640625 0.03125 0.0375
1 0.4125 0.0109375 0.040625 0.021875
1 0.9875 0.1671875 0.025 0.04375
1 0.878125 0.9859375 0.0359375 0.028125
1 0.55078125 0.98515625 0.040625 0.0296875
1 0.01953125 0.9859375 0.0390625 0.025
1 0.01015625 0.31171875 0.0203125 0.0484375