0 0.3796875 0.14765625 0.0765625 0.065625
0 0.19609375 0.046875 0.0640625 0.08125
0 0.08359375 0.18984375 0.0515625 0.1015625
0 0.403125 0.88515625 0.0828125 0.053125
0 0.865625 0.51328125 0.071875 0.059375
0 0.8 0.61640625 0.059375 0.1015625
0 0.84765625 0.91484375 0.059375 0.078125
0 0.77421875 0.765625 0.05 0.053125
0 0.81171875 0.83046875 0.0671875 0.0625
0 0.8515625 0.22890625 0.0765625 0.0875
0 0.765625 0.1765625 0.084375 0.0625
1 0.03515625 0.096875 0.0390625 0.0453125
1 0.03671875 0.24375 0.0421875 0.0515625
1 0.11953125 0.28984375 0.04375 0.046875
1 0.1734375 0.23671875 0.040625 0.046875
1 0.1875 0.134375 0.0453125 0.0515625
1 0.275 0.22109375 0.0484375 0.053125
1 0.32734375 0.2359375 0.046875 0.0515625
1 0.33359375 0.10234375 0.0390625 0.05
1 0.45703125 0.25703125 0.040625 0.046875
1 0.46953125 0.34375 0.0453125 0.0515625
1 0.525 0.29453125 0.04375 0.059375
1 0.53828125 0.17890625 0.0421875 0.05
1 0.5015625 0.1078125 0.0421875 0.053125
1 0.4859375 0.02734375 0.046875 0.0546875
1 0.61171875 0.05234375 0.0578125 0.059375
1 0.728125 0.340625 0.04375 0.0578125
1 0.79140625 0.3 0.04375 0.05
1 0.79921875 0.37265625 0.03125 0.0375
1 0.85625 0.37109375 0.046875 0.05
1 0.83828125 0.0953125 0.046875 0.0546875
1 0.89140625 0.16796875 0.0421875 0.0546875
1 0.9671875 0.13828125 0.046875 0.05
1 0.98125 0.20390625 0.0375 0.0484375
1 0.98125 0.31640625 0.0375 0.0546875
1 0.9671875 0.4640625 0.046875 0.05625
1 0.9671875 0.53984375 0.0421875 0.0515625
1 0.9046875 0.59296875 0.040625 0.05
1 0.85625 0.44453125 0.046875 0.0484375
1 0.77265625 0.52578125 0.040625 0.0515625
1 0.77578125 0.45 0.04375 0.0515625
1 0.6390625 0.42578125 0.0390625 0.0578125
1 0.6765625 0.525 0.0421875 0.05
1 0.7328125 0.63515625 0.04375 0.053125
1 0.6953125 0.678125 0.04375 0.0484375
1 0.753125 0.709375 0.0421875 0.05
1 0.6140625 0.6640625 0.046875 0.0578125
1 0.58984375 0.5703125 0.040625 0.053125
1 0.58984375 0.48984375 0.0453125 0.0515625
1 0.49375 0.64296875 0.0421875 0.0515625
1 0.9 0.85234375 0.0375 0.0390625
1 0.83984375 0.78515625 0.034375 0.0421875
1 0.52421875 0.9625 0.04375 0.046875
1 0.54765625 0.834375 0.04375 0.05625
1 0.41328125 0.9640625 0.0453125 0.059375
1 0.15234375 0.92734375 0.05 0.0640625
1 0.05390625 0.8484375 0.0546875 0.065625
1 0.2421875 0.90078125 0.040625 0.04375
1 0.09375 0.60390625 0.04375 0.0640625
1 0.08984375 0.72890625 0.0484375 0.059375
1 0.13984375 0.72265625 0.0375 0.0484375
1 0.190625 0.6953125 0.0390625 0.046875
1 0.259375 0.78203125 0.040625 0.053125
1 0.225 0.7328125 0.04375 0.05
1 0.23203125 0.63125 0.04375 0.0515625
1 0.32265625 0.7515625 0.05625 0.059375
1 0.303125 0.66328125 0.0359375 0.046875
1 0.3734375 0.53984375 0.0453125 0.0625
1 0.3625 0.45546875 0.0421875 0.053125
1 0.3171875 0.4359375 0.05 0.05625
1 0.08359375 0.44921875 0.0375 0.04375
1 0.03828125 0.52578125 0.0375 0.0421875
1 0.1609375 0.4640625 0.0359375 0.0453125
1 0.175 0.58203125 0.0390625 0.05
1 0.26171875 0.38671875 0.0421875 0.0484375
1 0.2328125 0.46953125 0.0375 0.0453125
1 0.34140625 0.2921875 0.040625 0.0453125
1 0.40859375 0.70390625 0.0421875 0.0484375
1 0.459375 0.5765625 0.0421875 0.0390625