0 0.9765625 0.4796875 0.046875 0.075
1 0.540625 0.68984375 0.040625 0.0453125
1 0.63203125 0.79609375 0.0390625 0.0421875
1 0.8359375 0.90703125 0.0390625 0.0421875
1 0.0453125 0.69296875 0.0515625 0.0609375
1 0.78125 0.65078125 0.0390625 0.04375
0 0.80859375 0.78125 0.0765625 0.06875
1 0.6265625 0.63359375 0.0390625 0.04375
1 0.7484375 0.43984375 0.034375 0.0390625
1 0.69140625 0.81875 0.040625 0.0453125
1 0.18828125 0.35546875 0.034375 0.040625
1 0.2625 0.06875 0.053125 0.0640625
1 0.54375 0.61953125 0.0390625 0.0453125
1 0.2984375 0.359375 0.0390625 0.0484375
1 0.96796875 0.3390625 0.0390625 0.046875
1 0.75703125 0.13671875 0.040625 0.05
1 0.609375 0.52890625 0.0390625 0.046875
1 0.6734375 0.30234375 0.0421875 0.046875
1 0.41171875 0.33515625 0.040625 0.046875
1 0.0765625 0.584375 0.040625 0.0515625
1 0.5421875 0.76015625 0.0390625 0.04375
1 0.1640625 0.86015625 0.0484375 0.059375
1 0.93984375 0.7453125 0.0421875 0.046875
1 0.88203125 0.32890625 0.0421875 0.0453125
1 0.90078125 0.90078125 0.04375 0.046875
1 0.61015625 0.12890625 0.0515625 0.059375
1 0.1859375 0.22421875 0.0375 0.046875
1 0.56484375 0.8734375 0.040625 0.0484375
1 0.83125 0.37421875 0.040625 0.046875
1 0.78515625 0.5578125 0.040625 0.046875
1 0.14296875 0.278125 0.04375 0.0515625
1 0.63828125 0.0296875 0.04375 0.0515625
1 0.0140625 0.284375 0.028125 0.05
1 0.34375 0.31953125 0.0390625 0.04375
1 0.58828125 0.77265625 0.0359375 0.040625
1 0.403125 0.22421875 0.0390625 0.0484375
1 0.671875 0.4296875 0.0390625 0.0453125
1 0.3953125 0.44375 0.0390625 0.05
1 0.04921875 0.49765625 0.0390625 0.04375
1 0.17734375 0.77421875 0.046875 0.059375
1 0.0953125 0.93125 0.04375 0.05
1 0.62421875 0.45078125 0.0421875 0.0484375
1 0.6453125 0.55625 0.0390625 0.046875
1 0.67421875 0.72109375 0.040625 0.0421875
0 0.8078125 0.19375 0.0625 0.0484375
1 0.46796875 0.4578125 0.046875 0.05625
1 0.74765625 0.90390625 0.0375 0.04375
1 0.121875 0.41484375 0.0375 0.0421875
1 0.5140625 0.3828125 0.04375 0.046875
1 0.1546875 0.5 0.0359375 0.04375
1 0.03515625 0.134375 0.040625 0.04375
1 0.3921875 0.63671875 0.0375 0.046875
1 0.0234375 0.9796875 0.0453125 0.040625
1 0.03359375 0.40703125 0.0359375 0.04375
1 0.6875 0.60625 0.0375 0.0515625
1 0.81484375 0.84453125 0.04375 0.0453125
1 0.0421875 0.01875 0.046875 0.0375
1 0.4046875 0.88203125 0.0421875 0.0546875
1 0.865625 0.1609375 0.0375 0.046875
1 0.10625 0.01875 0.0453125 0.0375
1 0.521875 0.8390625 0.040625 0.0453125
1 0.36171875 0.7375 0.0390625 0.046875
1 0.55703125 0.471875 0.0390625 0.04375
1 0.1671875 0.946875 0.0390625 0.0484375
1 0.74296875 0.73984375 0.0390625 0.04375
1 0.55078125 0.11171875 0.0546875 0.059375
1 0.41875 0.04765625 0.04375 0.0515625
1 0.809375 0.059375 0.0375 0.0390625
1 0.7390625 0.0875 0.04375 0.046875
1 0.3 0.49296875 0.04375 0.05
1 0.23046875 0.615625 0.0390625 0.046875
1 0.2328125 0.23125 0.0359375 0.05
1 0.921875 0.41875 0.0359375 0.0390625
0 0.7671875 0.3515625 0.0515625 0.046875
1 0.84453125 0.2484375 0.04375 0.0515625
1 0.484375 0.29375 0.0390625 0.0453125
1 0.92421875 0.4984375 0.0375 0.046875
1 0.42890625 0.55234375 0.0453125 0.0515625
1 0.9640625 0.6671875 0.0359375 0.0421875
0 0.61328125 0.85078125 0.0515625 0.05625
1 0.865625 0.5375 0.0375 0.04375
1 0.95078125 0.1171875 0.046875 0.065625
1 0.59375 0.35625 0.0375 0.034375
0 0.13828125 0.18671875 0.04375 0.0703125
1 0.553125 0.20859375 0.0421875 0.0515625
1 0.58671875 0.03671875 0.0390625 0.0546875
1 0.41015625 0.8109375 0.040625 0.046875
1 0.23515625 0.0140625 0.0546875 0.028125
1 0.7625 0.0421875 0.0375 0.040625
1 0.74765625 0.009375 0.0359375 0.01875
1 0.98984375 0.81171875 0.0203125 0.0515625
1 0.0109375 0.91875 0.021875 0.04375
0 0.90078125 0.61875 0.078125 0.0421875