1 0.4953125 0.078125 0.040625 0.046875
1 0.08046875 0.72421875 0.0375 0.046875
1 0.59140625 0.0625 0.040625 0.04375
1 0.63984375 0.96796875 0.0359375 0.04375
1 0.47109375 0.21015625 0.040625 0.0484375
1 0.44921875 0.07578125 0.040625 0.046875
1 0.9390625 0.8265625 0.040625 0.0484375
1 0.76640625 0.25546875 0.040625 0.05
1 0.83671875 0.9375 0.040625 0.046875
1 0.015625 0.2734375 0.03125 0.04375
1 0.6921875 0.453125 0.0375 0.0453125
1 0.70859375 0.60078125 0.040625 0.046875
1 0.296875 0.6296875 0.034375 0.040625
1 0.64609375 0.81953125 0.0359375 0.0421875
1 0.734375 0.4921875 0.0421875 0.046875
1 0.8375 0.0421875 0.0390625 0.0484375
1 0.196875 0.4546875 0.0375 0.0421875
1 0.3609375 0.13515625 0.040625 0.046875
1 0.84140625 0.3015625 0.040625 0.04375
1 0.5734375 0.45234375 0.040625 0.046875
1 0.77734375 0.14921875 0.0453125 0.0625
1 0.28984375 0.19765625 0.040625 0.053125
1 0.97578125 0.88671875 0.0421875 0.0546875
1 0.6046875 0.86875 0.040625 0.046875
1 0.05625 0.52578125 0.0328125 0.0421875
1 0.18984375 0.08203125 0.0421875 0.0484375
1 0.26875 0.35625 0.0390625 0.0453125
1 0.6546875 0.59921875 0.040625 0.0484375
1 0.5046875 0.70390625 0.0359375 0.040625
1 0.878125 0.175 0.0390625 0.0484375
1 0.88671875 0.2484375 0.0375 0.0484375
1 0.596875 0.215625 0.0375 0.046875
1 0.49296875 0.4921875 0.0359375 0.0375
1 0.5328125 0.8421875 0.0375 0.046875
1 0.15703125 0.73828125 0.0328125 0.040625
1 0.8984375 0.31796875 0.040625 0.0453125
1 0.77890625 0.96328125 0.040625 0.0453125
1 0.5984375 0.62265625 0.0375 0.04375
1 0.23984375 0.9421875 0.0375 0.046875
1 0.3578125 0.32734375 0.0390625 0.04375
1 0.6171875 0.68046875 0.0375 0.04375
1 0.440625 0.515625 0.0375 0.04375
1 0.878125 0.87734375 0.04375 0.0515625
1 0.765625 0.5984375 0.0390625 0.046875
1 0.2671875 0.8234375 0.040625 0.05
1 0.72109375 0.67421875 0.034375 0.046875
1 0.340625 0.24296875 0.0375 0.04375
1 0.21015625 0.1546875 0.0375 0.0484375
1 0.30234375 0.2984375 0.0390625 0.046875
1 0.47265625 0.76015625 0.034375 0.0390625
1 0.55703125 0.28515625 0.040625 0.046875
1 0.328125 0.5578125 0.0390625 0.0453125
1 0.19296875 0.359375 0.0375 0.0421875
1 0.58203125 0.3578125 0.0375 0.046875
1 0.55 0.10234375 0.0359375 0.040625
1 0.16953125 0.796875 0.0359375 0.04375
1 0.059375 0.959375 0.03125 0.04375
1 0.72109375 0.8 0.0328125 0.0359375
1 0.471875 0.815625 0.03125 0.0359375
1 0.0421875 0.0421875 0.034375 0.040625
1 0.16484375 0.6203125 0.0375 0.0484375
1 0.39609375 0.63046875 0.0359375 0.0390625
1 0.94609375 0.2171875 0.0390625 0.0421875
1 0.27109375 0.1203125 0.040625 0.0421875
1 0.8 0.4015625 0.0375 0.0453125
1 0.6515625 0.40703125 0.0359375 0.04375
1 0.7421875 0.85078125 0.034375 0.040625
1 0.87265625 0.7078125 0.0375 0.040625
1 0.3140625 0.8625 0.0328125 0.0390625
1 0.91796875 0.93125 0.0359375 0.0390625
1 0.49375 0.5796875 0.040625 0.0484375
1 0.0515625 0.6203125 0.034375 0.0390625
1 0.65390625 0.075 0.034375 0.0375
1 0.38359375 0.4796875 0.03125 0.040625
1 0.69765625 0.1109375 0.04375 0.0484375
1 0.36953125 0.3875 0.0390625 0.0453125
1 0.59765625 0.74765625 0.04375 0.0421875
1 0.73125 0.55234375 0.0359375 0.0390625
1 0.93828125 0.4359375 0.0375 0.0484375
1 0.51171875 0.6359375 0.0390625 0.0453125
1 0.32734375 0.47109375 0.04375 0.0484375
1 0.12421875 0.315625 0.0390625 0.053125
1 0.14375 0.3671875 0.0484375 0.0546875
1 0.26171875 0.5078125 0.04375 0.0546875
1 0.44453125 0.44296875 0.0328125 0.05
1 0.7234375 0.05703125 0.0421875 0.05625
1 0.68671875 0.27421875 0.046875 0.059375
1 0.80390625 0.6984375 0.0390625 0.0421875
1 0.815625 0.62109375 0.034375 0.0375
1 0.559375 0.9609375 0.034375 0.04375
1 0.184375 0.5609375 0.0359375 0.0484375
1 0.11328125 0.20703125 0.0375 0.034375
1 0.65078125 0.7484375 0.0359375 0.04375
1 0.7015625 0.74453125 0.0453125 0.04375
1 0.53515625 0.75234375 0.0359375 0.0515625
1 0.43203125 0.18046875 0.0421875 0.053125
1 0.625 0.4828125 0.0390625 0.040625
1 0.446875 0.28359375 0.0375 0.046875
1 0.40078125 0.0171875 0.034375 0.034375
1 0.15234375 0.98359375 0.0390625 0.0328125
1 0.8341406250000001 0.54103125 0.037765625000000115 0.04439062499999995
1 0.926359375 0.5925 0.036203125000000114 0.03529687500000005
1 0.9548125000000001 0.610046875 0.036328125 0.04057812500000004
1 0.7538125 0.7618437499999999 0.03129687499999996 0.03770312499999999
1 0.7770625 0.75071875 0.032874999999999946 0.031187500000000055
1 0.848796875 0.565171875 0.028999999999999915 0.03178125000000005
1 0.713484375 0.9094687499999999 0.03165624999999998 0.03335937499999986
1 0.7001875 0.9366406250000001 0.03165624999999998 0.03221874999999983
1 0.120359375 0.023234374999999995 0.035734375000000006 0.036671875
1 0.12054687500000001 0.052328125 0.041359375 0.037781249999999995
1 0.6496875 0.226609375 0.037765624999999935 0.04246875000000001
1 0.682 0.203015625 0.03978125000000006 0.04237500000000001
1 0.9401406250000001 0.12342187499999999 0.04109374999999993 0.047406250000000004
1 0.9708125000000001 0.1578125 0.040406249999999845 0.050828125