1 0.446875 0.2140625 0.0515625 0.0640625
1 0.49140625 0.45078125 0.0390625 0.05
1 0.85 0.75625 0.0421875 0.0515625
1 0.55703125 0.50234375 0.04375 0.0515625
0 0.20390625 0.40625 0.059375 0.0703125
1 0.91171875 0.1625 0.046875 0.0546875
1 0.31875 0.0625 0.04375 0.0578125
1 0.39375 0.3484375 0.0421875 0.05
1 0.55703125 0.09609375 0.0453125 0.053125
1 0.64375 0.5125 0.0421875 0.0515625
1 0.80390625 0.978125 0.0421875 0.04375
0 0.465625 0.93671875 0.065625 0.0890625
1 0.10078125 0.95859375 0.04375 0.05
1 0.7515625 0.25 0.04375 0.05
1 0.9 0.978125 0.046875 0.04375
1 0.6546875 0.4453125 0.0421875 0.05
1 0.16171875 0.50625 0.046875 0.05
1 0.48671875 0.13203125 0.04375 0.0515625
0 0.2 0.7140625 0.05 0.09375
0 0.30625 0.2453125 0.053125 0.1046875
1 0.01484375 0.6609375 0.0296875 0.046875
1 0.10625 0.65859375 0.040625 0.0484375
1 0.7140625 0.42890625 0.0421875 0.053125
1 0.85546875 0.553125 0.0453125 0.05
1 0.215625 0.14296875 0.0390625 0.046875
0 0.20703125 0.2203125 0.05 0.0859375
1 0.91640625 0.01953125 0.0421875 0.0390625
1 0.953125 0.78515625 0.0421875 0.053125
1 0.77265625 0.8078125 0.0421875 0.0484375
1 0.9796875 0.1265625 0.0390625 0.0453125
1 0.5921875 0.94453125 0.0390625 0.0453125
0 0.57890625 0.565625 0.065625 0.075
1 0.12890625 0.01875 0.04375 0.0375
1 0.7828125 0.87265625 0.04375 0.05
1 0.47421875 0.72265625 0.0390625 0.04375
1 0.50546875 0.65234375 0.0421875 0.05
1 0.84609375 0.66875 0.0421875 0.0515625
1 0.41796875 0.44921875 0.0390625 0.046875
1 0.71171875 0.67890625 0.0375 0.0484375
1 0.1453125 0.23125 0.0375 0.04375
1 0.80234375 0.22578125 0.04375 0.0546875
1 0.63515625 0.7796875 0.0390625 0.0484375
1 0.9796875 0.215625 0.040625 0.053125
1 0.76171875 0.15078125 0.0359375 0.040625
1 0.8140625 0.29921875 0.04375 0.0546875
1 0.528125 0.72421875 0.04375 0.05
1 0.25390625 0.36328125 0.040625 0.053125
1 0.08359375 0.4671875 0.04375 0.0515625
1 0.19296875 0.09140625 0.0359375 0.0421875
1 0.71875 0.91953125 0.0375 0.0390625
1 0.39609375 0.778125 0.0390625 0.046875
1 0.03671875 0.5203125 0.04375 0.053125
1 0.33203125 0.846875 0.040625 0.0484375
1 0.290625 0.89296875 0.040625 0.046875
1 0.63203125 0.21875 0.04375 0.0484375
1 0.96484375 0.321875 0.04375 0.0546875
1 0.590625 0.88984375 0.0421875 0.04375
1 0.29140625 0.50390625 0.0359375 0.0421875
1 0.2046875 0.6421875 0.0359375 0.04375
1 0.6125 0.37578125 0.04375 0.05
1 0.203125 0.97734375 0.04375 0.0453125
1 0.16953125 0.89921875 0.040625 0.05
1 0.371875 0.56640625 0.0421875 0.05
1 0.11484375 0.1125 0.0390625 0.05
1 0.01875 0.978125 0.0375 0.04375
1 0.0546875 0.821875 0.040625 0.046875
1 0.16953125 0.29140625 0.0421875 0.046875
1 0.58515625 0.26484375 0.04375 0.046875
1 0.4609375 0.78203125 0.040625 0.046875
1 0.66796875 0.18203125 0.034375 0.0375
0 0.24609375 0.0421875 0.0671875 0.059375
1 0.8953125 0.796875 0.0375 0.04375
1 0.5171875 0.37734375 0.0421875 0.0484375
1 0.165625 0.34375 0.0421875 0.053125
1 0.440625 0.56171875 0.0421875 0.05
1 0.65625 0.8875 0.04375 0.0484375
1 0.77265625 0.3453125 0.0421875 0.0515625
1 0.64609375 0.69140625 0.0515625 0.059375
1 0.2484375 0.48984375 0.0375 0.040625
1 0.98125 0.8328125 0.0375 0.0515625
1 0.27578125 0.303125 0.0390625 0.046875
1 0.5390625 0.3171875 0.0484375 0.0546875
1 0.26796875 0.63125 0.0359375 0.0421875
1 0.08203125 0.3359375 0.0390625 0.05
1 0.87265625 0.1046875 0.053125 0.0515625
1 0.32890625 0.17734375 0.0421875 0.046875
1 0.0390625 0.87421875 0.0390625 0.04375
1 0.134375 0.79375 0.0390625 0.04375
1 0.13984375 0.85 0.0359375 0.046875
1 0.365625 0.6125 0.04375 0.05625
1 0.34453125 0.4296875 0.0453125 0.05
1 0.3703125 0.24296875 0.0390625 0.05
1 0.5921875 0.45546875 0.040625 0.0546875
1 0.79140625 0.3921875 0.040625 0.046875
1 0.85390625 0.503125 0.040625 0.0453125
0 0.9765625 0.5640625 0.0421875 0.08125
1 0.40546875 0.69375 0.0359375 0.04375
1 0.6125 0.06953125 0.034375 0.0421875
1 0.45625 0.33046875 0.03125 0.0375
1 0.5265625 0.26171875 0.0390625 0.0390625
1 0.28359375 0.80390625 0.0375 0.04375
1 0.72109375 0.59765625 0.0359375 0.04375
1 0.503125 0.0140625 0.05 0.028125
1 0.7078125 0.0171875 0.05 0.034375