0 0.96171875 0.11171875 0.05 0.09375
0 0.89296875 0.6875 0.0625 0.084375
1 0.9703125 0.67890625 0.046875 0.05625
0 0.66796875 0.4390625 0.0453125 0.078125
0 0.73125 0.3484375 0.0546875 0.078125
1 0.48515625 0.90078125 0.0453125 0.065625
1 0.04453125 0.08125 0.0484375 0.0609375
1 0.165625 0.24296875 0.0390625 0.046875
0 0.4171875 0.6625 0.0625 0.0640625
0 0.84609375 0.796875 0.0546875 0.0640625
0 0.10859375 0.896875 0.075 0.0640625
1 0.55859375 0.97578125 0.0375 0.04375
1 0.8375 0.05703125 0.0421875 0.05
1 0.1578125 0.7125 0.0359375 0.0484375
1 0.4640625 0.7140625 0.034375 0.040625
1 0.68671875 0.27109375 0.0390625 0.0484375
1 0.640625 0.7671875 0.0390625 0.0484375
1 0.35390625 0.20625 0.034375 0.04375
1 0.57265625 0.540625 0.0359375 0.04375
1 0.08984375 0.71171875 0.0390625 0.046875
1 0.16640625 0.06953125 0.040625 0.0453125
0 0.35546875 0.75390625 0.04375 0.0890625
1 0.1765625 0.38203125 0.034375 0.046875
1 0.02890625 0.27265625 0.0375 0.046875
0 0.35234375 0.4359375 0.0609375 0.05625
1 0.83359375 0.91640625 0.034375 0.0375
1 0.91328125 0.9484375 0.0359375 0.040625
1 0.721875 0.865625 0.0359375 0.04375
1 0.68046875 0.95859375 0.0359375 0.046875
1 0.35078125 0.025 0.0375 0.046875
1 0.6046875 0.16796875 0.0359375 0.04375
1 0.503125 0.75078125 0.0375 0.0453125
1 0.203125 0.16640625 0.0390625 0.0453125
1 0.14609375 0.16875 0.0390625 0.0484375
1 0.60546875 0.7171875 0.0390625 0.0484375
1 0.36015625 0.35390625 0.0375 0.046875
0 0.965625 0.81953125 0.0421875 0.0734375
1 0.3328125 0.29765625 0.0390625 0.0453125
1 0.12421875 0.32421875 0.0390625 0.046875
1 0.7203125 0.80625 0.034375 0.040625
1 0.90703125 0.828125 0.0328125 0.046875
1 0.41171875 0.22265625 0.0359375 0.0484375
1 0.55703125 0.3359375 0.0359375 0.0453125
1 0.66328125 0.64765625 0.034375 0.04375
1 0.80625 0.74453125 0.040625 0.0515625
1 0.415625 0.09453125 0.04375 0.053125
1 0.309375 0.89609375 0.0375 0.046875
1 0.04140625 0.61328125 0.0375 0.046875
1 0.28984375 0.3703125 0.0375 0.05
1 0.8734375 0.51796875 0.034375 0.0390625
1 0.0828125 0.54296875 0.0359375 0.0453125
1 0.3390625 0.14375 0.0375 0.04375
1 0.86953125 0.27578125 0.0359375 0.0453125
1 0.64296875 0.07890625 0.04375 0.0515625
1 0.2984375 0.11796875 0.0359375 0.04375
1 0.72734375 0.4625 0.0359375 0.040625
1 0.021875 0.4421875 0.034375 0.04375
1 0.4296875 0.571875 0.0375 0.0484375
1 0.23828125 0.909375 0.0359375 0.04375
1 0.778125 0.54375 0.0390625 0.04375
1 0.925 0.31171875 0.0390625 0.0515625
1 0.5265625 0.49296875 0.03125 0.0359375
1 0.85390625 0.46484375 0.0390625 0.04375
1 0.19921875 0.70546875 0.03125 0.04375
1 0.615625 0.5484375 0.0328125 0.0390625
1 0.41875 0.465625 0.034375 0.0421875
1 0.896875 0.16015625 0.0390625 0.0453125
1 0.96015625 0.2296875 0.034375 0.04375
1 0.5734375 0.83515625 0.03125 0.0390625
1 0.26875 0.4671875 0.034375 0.0453125
1 0.94296875 0.7578125 0.0375 0.046875
1 0.56875 0.44375 0.0359375 0.0453125
1 0.565625 0.91484375 0.03125 0.040625
1 0.9640625 0.98125 0.0375 0.0375
1 0.51015625 0.165625 0.034375 0.04375
0 0.17265625 0.625 0.0609375 0.0578125
1 0.31796875 0.665625 0.0328125 0.04375
1 0.2609375 0.1015625 0.034375 0.0375
0 0.778125 0.83359375 0.0546875 0.06875
0 0.67734375 0.55234375 0.0421875 0.06875
1 0.94296875 0.0421875 0.0359375 0.040625
1 0.54609375 0.58671875 0.0328125 0.0375
1 0.715625 0.02109375 0.0390625 0.0421875
1 0.95390625 0.60859375 0.034375 0.040625
1 0.56484375 0.72421875 0.034375 0.0515625
1 0.74609375 0.6484375 0.0375 0.040625
1 0.12421875 0.10546875 0.040625 0.046875
1 0.64453125 0.35625 0.0421875 0.0515625
1 0.2 0.1015625 0.0296875 0.040625
1 0.021875 0.0140625 0.0328125 0.028125
1 0.88671875 0.0140625 0.0375 0.028125
1 0.9875 0.8921875 0.025 0.0390625
1 0.05546875 0.9859375 0.0359375 0.028125
0 0.0203125 0.92890625 0.040625 0.065625