1 0.15390625 0.865625 0.0390625 0.0453125
1 0.04140625 0.2203125 0.0390625 0.046875
1 0.22578125 0.93046875 0.0390625 0.05
1 0.13125 0.7828125 0.0390625 0.046875
1 0.1640625 0.59140625 0.0390625 0.046875
1 0.44140625 0.1921875 0.04375 0.0484375
1 0.3546875 0.8140625 0.0390625 0.05
1 0.8328125 0.03203125 0.040625 0.0515625
1 0.90703125 0.56015625 0.0421875 0.0484375
1 0.9328125 0.48984375 0.0421875 0.05
1 0.59765625 0.065625 0.0421875 0.046875
1 0.815625 0.61640625 0.046875 0.0546875
1 0.1796875 0.68984375 0.0390625 0.04375
1 0.19921875 0.98359375 0.040625 0.0328125
1 0.571875 0.91015625 0.0390625 0.0453125
1 0.3890625 0.76640625 0.040625 0.0484375
1 0.76015625 0.29609375 0.040625 0.0484375
1 0.28359375 0.2046875 0.0453125 0.0640625
1 0.115625 0.5109375 0.040625 0.05
1 0.35546875 0.87890625 0.0421875 0.0484375
1 0.89375 0.24296875 0.0390625 0.046875
1 0.65234375 0.8265625 0.0375 0.0484375
1 0.103125 0.890625 0.04375 0.046875
1 0.8859375 0.79609375 0.0390625 0.04375
1 0.796875 0.5234375 0.040625 0.0484375
1 0.76484375 0.07734375 0.0390625 0.05
1 0.1875 0.23984375 0.0375 0.046875
1 0.21171875 0.115625 0.040625 0.05
1 0.6546875 0.23359375 0.040625 0.04375
1 0.48046875 0.15625 0.0390625 0.04375
1 0.73515625 0.7859375 0.0390625 0.0515625
1 0.26953125 0.34453125 0.0390625 0.05
1 0.3734375 0.94921875 0.0421875 0.0546875
1 0.29609375 0.44765625 0.0421875 0.0484375
1 0.75859375 0.44296875 0.0421875 0.0453125
1 0.70703125 0.70390625 0.040625 0.046875
1 0.3375 0.3546875 0.040625 0.0453125
1 0.18046875 0.753125 0.040625 0.046875
1 0.028125 0.5765625 0.0375 0.040625
1 0.70546875 0.46796875 0.0390625 0.0453125
1 0.609375 0.49765625 0.0421875 0.0515625
1 0.928125 0.82734375 0.040625 0.0453125
1 0.45546875 0.38203125 0.04375 0.05625
1 0.86796875 0.40390625 0.0421875 0.0515625
1 0.60859375 0.8296875 0.0359375 0.0453125
1 0.31875 0.584375 0.046875 0.0546875
1 0.4578125 0.97734375 0.0390625 0.0453125
1 0.33984375 0.1875 0.0375 0.046875
1 0.51875 0.6796875 0.0359375 0.046875
1 0.61796875 0.934375 0.0421875 0.0484375
1 0.5171875 0.75078125 0.040625 0.0484375
1 0.653125 0.04765625 0.0390625 0.046875
1 0.10625 0.18046875 0.0390625 0.04375
1 0.56015625 0.83125 0.0390625 0.0453125
1 0.58984375 0.6875 0.0359375 0.0421875
1 0.715625 0.54296875 0.040625 0.0453125
1 0.23515625 0.45 0.040625 0.0546875
1 0.49609375 0.22421875 0.0390625 0.0453125
1 0.540625 0.3 0.0390625 0.046875
1 0.8109375 0.40625 0.04375 0.0484375
1 0.55 0.51640625 0.0390625 0.0453125
1 0.08828125 0.6734375 0.040625 0.046875
1 0.06953125 0.44609375 0.04375 0.0453125
1 0.26953125 0.10703125 0.040625 0.046875
1 0.63046875 0.1140625 0.040625 0.0453125
1 0.3671875 0.28671875 0.0375 0.0421875
1 0.76484375 0.88828125 0.0421875 0.053125
1 0.4703125 0.865625 0.0375 0.0453125
1 0.47421875 0.28125 0.0390625 0.0453125
1 0.70078125 0.8671875 0.0359375 0.0453125
1 0.9875 0.8828125 0.025 0.05
1 0.9828125 0.8 0.034375 0.0375
1 0.8796875 0.8609375 0.0375 0.04375
1 0.14765625 0.42578125 0.0390625 0.046875
1 0.9328125 0.36875 0.0359375 0.04375
1 0.9421875 0.14765625 0.0421875 0.0484375
1 0.2296875 0.821875 0.0390625 0.04375
1 0.54609375 0.5703125 0.0390625 0.046875
1 0.1609375 0.4984375 0.0375 0.040625
1 0.93203125 0.015625 0.034375 0.03125
1 0.89921875 0.94375 0.0390625 0.0453125
1 0.6140625 0.1765625 0.040625 0.040625
1 0.6171875 0.76328125 0.0390625 0.046875
1 0.83203125 0.2109375 0.0375 0.0375
1 0.1390625 0.10625 0.0453125 0.0546875
1 0.4484375 0.575 0.040625 0.0484375
1 0.18671875 0.3140625 0.040625 0.046875
1 0.68828125 0.18046875 0.0453125 0.05625
1 0.3953125 0.53671875 0.0390625 0.046875
1 0.08828125 0.2390625 0.0375 0.04375
1 0.0703125 0.2875 0.0453125 0.0546875
1 0.40078125 0.21953125 0.0390625 0.0484375
1 0.0625 0.54140625 0.04375 0.05
1 0.1515625 0.92109375 0.0390625 0.05
1 0.496875 0.92421875 0.04375 0.0453125
1 0.44296875 0.72265625 0.0375 0.0453125
1 0.48671875 0.57734375 0.0375 0.05
1 0.9328125 0.64140625 0.0390625 0.0421875
1 0.05078125 0.03359375 0.0421875 0.04375
1 0.00703125 0.0796875 0.0140625 0.046875
1 0.0125 0.16171875 0.025 0.0546875
1 0.0109375 0.26875 0.021875 0.0453125
1 0.34609375 0.01484375 0.0375 0.0296875
1 0.55859375 0.0140625 0.0390625 0.028125
1 0.99296875 0.5234375 0.0140625 0.040625
1 0.99296875 0.61875 0.0140625 0.040625
1 0.65703125 0.9890625 0.034375 0.021875
1 0.0125 0.5140625 0.025 0.0421875
1 0.13721875 0.289109375 0.03898437499999998 0.04018749999999995
1 0.12059375000000001 0.31909375 0.0375 0.03895312500000001
1 0.348 0.438796875 0.04296875 0.044921875
1 0.342703125 0.48448437499999997 0.04332812500000003 0.044234374999999916
1 0.37353125 0.6867656249999999 0.04715625000000001 0.04859375000000003
1 0.351296875 0.721671875 0.03878124999999999 0.03934374999999992
1 0.033125 0.8012812500000001 0.034875 0.041921874999999977
1 0.013125000000000001 0.791390625 0.026250000000000002 0.034375
1 0.46206250000000004 0.6314375 0.03901562500000004 0.03981250000000003
1 0.46070312500000005 0.667109375 0.04049999999999994 0.03942187500000003
1 0.408203125 0.8625 0.03960937500000004 0.03901562500000004
1 0.41695312500000004 0.8995312500000001 0.03828125 0.03823437500000004
1 0.789921875 0.79128125 0.04073437500000008 0.042343750000000034
1 0.79921875 0.75278125 0.03962499999999993 0.043031249999999945
1 0.627046875 0.293609375 0.03735937499999995 0.044234375000000006
1 0.585953125 0.338859375 0.03826562500000001 0.042593749999999986
1 0.61328125 0.36534374999999997 0.03595312499999999 0.03448437499999999
1 0.64940625 0.31653125000000004 0.03970312499999995 0.03925000000000001
1 0.8365625 0.132046875 0.039718750000000115 0.04806249999999999
1 0.965265625 0.071140625 0.03579687500000013 0.04650000000000001
1 0.9803906250000001 0.10692187500000001 0.03209374999999994 0.04465624999999999
1 0.8735468750000001 0.15340625000000002 0.037437500000000054 0.04351562499999999
1 0.752375 0.35559375000000004 0.03209374999999994 0.036328125
1 0.7712656250000001 0.37310937499999997 0.04376562499999999 0.03823437499999995
1 0.472265625 0.026734374999999998 0.03767187500000002 0.033375
1 0.49175 0.04115625 0.03634374999999999 0.03453125
1 0.236484375 0.57375 0.03253124999999999 0.03814062499999995
1 0.21684375 0.627 0.031874999999999966 0.03392187500000006