1 0.59140625 0.96875 0.040625 0.0484375
1 0.709375 0.9671875 0.040625 0.0484375
1 0.1328125 0.9421875 0.04375 0.0484375
1 0.8671875 0.046875 0.0421875 0.046875
1 0.63203125 0.4828125 0.0515625 0.059375
1 0.9796875 0.33984375 0.040625 0.0515625
1 0.21796875 0.33671875 0.0421875 0.0515625
1 0.05390625 0.16640625 0.04375 0.0453125
1 0.13046875 0.759375 0.040625 0.0484375
1 0.4265625 0.03671875 0.0421875 0.0515625
1 0.57265625 0.33515625 0.040625 0.046875
1 0.71953125 0.13203125 0.040625 0.046875
1 0.01328125 0.140625 0.0265625 0.05
1 0.08125 0.25703125 0.0421875 0.0484375
1 0.81328125 0.6625 0.0375 0.040625
1 0.603125 0.7796875 0.0375 0.0484375
1 0.6859375 0.0640625 0.0453125 0.05625
1 0.965625 0.190625 0.040625 0.0546875
1 0.83828125 0.9046875 0.0328125 0.04375
1 0.57109375 0.44296875 0.05 0.059375
1 0.36015625 0.19375 0.0421875 0.0484375
1 0.9140625 0.5515625 0.0390625 0.0515625
1 0.040625 0.065625 0.0421875 0.05
1 0.2625 0.9375 0.0453125 0.059375
1 0.63671875 0.18984375 0.040625 0.053125
1 0.78125 0.61875 0.0375 0.046875
1 0.965625 0.053125 0.0484375 0.05625
1 0.80546875 0.18125 0.0390625 0.0515625
1 0.025 0.4390625 0.0390625 0.04375
1 0.2546875 0.2578125 0.0390625 0.046875
1 0.296875 0.2828125 0.040625 0.046875
1 0.73046875 0.43125 0.0375 0.05
1 0.36171875 0.0828125 0.0390625 0.046875
1 0.88984375 0.10234375 0.046875 0.053125
1 0.5734375 0.15234375 0.0375 0.053125
1 0.196875 0.69375 0.040625 0.0453125
1 0.8703125 0.68984375 0.0359375 0.040625
1 0.79296875 0.7390625 0.0421875 0.04375
1 0.7890625 0.9625 0.040625 0.046875
1 0.17890625 0.978125 0.0421875 0.04375
1 0.53828125 0.93671875 0.0390625 0.046875
1 0.453125 0.42265625 0.0390625 0.05
1 0.75390625 0.72265625 0.0390625 0.046875
1 0.1484375 0.58046875 0.0375 0.04375
1 0.40546875 0.15625 0.0421875 0.05
1 0.7671875 0.22421875 0.040625 0.0515625
1 0.77265625 0.03203125 0.0453125 0.053125
1 0.303125 0.1578125 0.0390625 0.0484375
1 0.353125 0.675 0.0453125 0.0515625
1 0.02265625 0.2125 0.04375 0.0484375
1 0.22890625 0.4890625 0.0390625 0.0453125
1 0.8109375 0.79453125 0.0375 0.040625
1 0.63515625 0.86953125 0.0421875 0.0546875
1 0.3734375 0.6 0.0390625 0.0484375
1 0.08671875 0.56328125 0.040625 0.04375
1 0.2203125 0.98046875 0.040625 0.0390625
1 0.23515625 0.19453125 0.0359375 0.040625
1 0.8203125 0.109375 0.040625 0.046875
1 0.75390625 0.54375 0.0359375 0.04375
1 0.2125 0.4265625 0.040625 0.046875
1 0.45625 0.17734375 0.053125 0.0578125
1 0.77578125 0.828125 0.0359375 0.0421875
1 0.2015625 0.5640625 0.0375 0.04375
1 0.15546875 0.1546875 0.0390625 0.0453125
1 0.14765625 0.428125 0.040625 0.04375
1 0.6078125 0.55859375 0.034375 0.04375
1 0.52265625 0.74453125 0.034375 0.04375
1 0.69921875 0.52265625 0.0375 0.04375
1 0.32421875 0.36640625 0.034375 0.046875
1 0.034375 0.34609375 0.0375 0.0453125
1 0.39609375 0.43828125 0.0375 0.05
1 0.7078125 0.7734375 0.0390625 0.05
1 0.98828125 0.73125 0.0234375 0.0390625
1 0.66875 0.775 0.03125 0.0421875
1 0.44296875 0.671875 0.0421875 0.05625
1 0.1609375 0.5171875 0.034375 0.0421875
1 0.9796875 0.56796875 0.0359375 0.0390625
1 0.65625 0.41171875 0.0359375 0.040625
1 0.359375 0.9796875 0.0375 0.040625
1 0.86171875 0.7609375 0.0375 0.0390625
1 0.403125 0.8015625 0.0328125 0.04375
1 0.32890625 0.765625 0.0421875 0.0484375
1 0.596875 0.09296875 0.040625 0.04375
1 0.796875 0.34375 0.034375 0.040625
1 0.7359375 0.821875 0.034375 0.0578125
1 0.53046875 0.690625 0.0390625 0.05625
1 0.3203125 0.8546875 0.0375 0.0453125
1 0.3046875 0.94140625 0.0390625 0.0578125
1 0.28828125 0.88125 0.0359375 0.040625
1 0.2359375 0.80703125 0.046875 0.05
1 0.82734375 0.971875 0.034375 0.040625
1 0.08515625 0.9890625 0.04375 0.021875
1 0.6359375 0.990625 0.0390625 0.01875
1 0.99140625 0.84609375 0.0171875 0.04375
1 0.1671875 0.08203125 0.0453125 0.04375
1 0.03671875 0.95546875 0.0390625 0.0421875
1 0.829125 0.36198437499999997 0.039453125 0.038640625000000026
1 0.849859375 0.339890625 0.03412499999999987 0.03423437500000004
1 0.42140625 0.31820312500000003 0.0390625 0.043390624999999974
1 0.392890625 0.299921875 0.040593750000000026 0.039687499999999966
1 0.125953125 0.386375 0.03675000000000002 0.039718750000000025
1 0.09296875 0.38321875 0.03682812499999999 0.039171875000000037
1 0.17510937499999998 0.308734375 0.04500000000000002 0.04481250000000001
1 0.188328125 0.2709375 0.04945312499999999 0.04279687499999998
1 0.16475 0.780125 0.037375000000000026 0.04229687499999999
1 0.183359375 0.805265625 0.03926562499999999 0.04564062500000006
1 0.249984375 0.761390625 0.03985937499999999 0.03917187500000008
1 0.242484375 0.72784375 0.04132812499999998 0.03915624999999991