1 0.6953125 0.06953125 0.04375 0.05
1 0.471875 0.75703125 0.0515625 0.0609375
1 0.79375 0.565625 0.0390625 0.046875
1 0.53984375 0.36484375 0.0390625 0.0453125
1 0.084375 0.5625 0.0359375 0.0421875
1 0.24453125 0.12734375 0.040625 0.05
1 0.828125 0.08046875 0.0421875 0.0515625
1 0.72890625 0.76328125 0.040625 0.0484375
1 0.90859375 0.94609375 0.0421875 0.0484375
1 0.934375 0.696875 0.0421875 0.046875
1 0.18125 0.2875 0.040625 0.0515625
0 0.5859375 0.33984375 0.04375 0.0953125
1 0.2453125 0.259375 0.0390625 0.053125
1 0.6296875 0.74296875 0.0421875 0.046875
1 0.8796875 0.0890625 0.04375 0.0515625
1 0.6375 0.16171875 0.046875 0.059375
1 0.9765625 0.27578125 0.034375 0.0390625
1 0.82890625 0.65546875 0.0359375 0.0421875
1 0.54453125 0.27578125 0.0421875 0.0484375
1 0.1 0.1859375 0.0421875 0.0546875
0 0.1515625 0.79296875 0.053125 0.065625
1 0.30078125 0.55234375 0.0515625 0.0625
0 0.86953125 0.43125 0.0703125 0.0796875
1 0.4234375 0.653125 0.0375 0.04375
1 0.60625 0.05546875 0.040625 0.0484375
1 0.31015625 0.80703125 0.0359375 0.04375
1 0.35390625 0.0796875 0.0390625 0.05
1 0.975 0.5203125 0.040625 0.05
1 0.503125 0.665625 0.040625 0.0484375
1 0.9453125 0.18125 0.040625 0.0515625
1 0.1484375 0.55546875 0.040625 0.0515625
1 0.8015625 0.46796875 0.0390625 0.046875
1 0.92265625 0.025 0.0421875 0.05
1 0.4296875 0.21484375 0.04375 0.0546875
1 0.02734375 0.71953125 0.0453125 0.0515625
0 0.14375 0.6875 0.0609375 0.059375
1 0.19140625 0.8578125 0.0421875 0.0484375
1 0.75625 0.87578125 0.0390625 0.0484375
1 0.203125 0.54765625 0.040625 0.05
1 0.88671875 0.3375 0.0390625 0.0484375
1 0.73359375 0.60546875 0.0421875 0.0484375
1 0.5828125 0.4296875 0.0359375 0.046875
1 0.29140625 0.10390625 0.0375 0.0453125
1 0.521875 0.8484375 0.0375 0.0421875
1 0.19609375 0.38046875 0.0421875 0.0515625
1 0.075 0.07734375 0.04375 0.0546875
1 0.346875 0.46015625 0.040625 0.05
1 0.69296875 0.43515625 0.040625 0.0484375
1 0.7078125 0.8890625 0.0421875 0.053125
1 0.45 0.946875 0.040625 0.046875
1 0.8546875 0.5234375 0.040625 0.0484375
1 0.91015625 0.59921875 0.0390625 0.05
1 0.28984375 0.46875 0.0390625 0.046875
1 0.35 0.69765625 0.040625 0.0515625
1 0.78125 0.615625 0.034375 0.0359375
1 0.43515625 0.52109375 0.0390625 0.046875
1 0.984375 0.62578125 0.03125 0.046875
1 0.2109375 0.946875 0.0375 0.0453125
1 0.121875 0.32109375 0.0375 0.0484375
1 0.6296875 0.93046875 0.0390625 0.0515625
1 0.571875 0.8171875 0.040625 0.0484375
1 0.8625 0.71640625 0.0375 0.04375
1 0.51953125 0.53359375 0.0390625 0.040625
1 0.01875 0.28828125 0.0359375 0.0421875
0 0.44453125 0.4265625 0.05625 0.0921875
1 0.3234375 0.34765625 0.0375 0.0515625
1 0.753125 0.053125 0.04375 0.046875
1 0.95703125 0.959375 0.0421875 0.0484375
1 0.9 0.22890625 0.0375 0.040625
1 0.6984375 0.19296875 0.0421875 0.0515625
1 0.596875 0.603125 0.04375 0.0484375
1 0.28515625 0.3640625 0.0390625 0.053125
0 0.22265625 0.66796875 0.05 0.075
1 0.6546875 0.50703125 0.040625 0.0453125
1 0.753125 0.68203125 0.0390625 0.046875
1 0.98359375 0.390625 0.0328125 0.0484375
1 0.78515625 0.2421875 0.0390625 0.05
1 0.0671875 0.421875 0.0359375 0.0421875
0 0.03671875 0.91015625 0.0625 0.0640625
1 0.3203125 0.87734375 0.0421875 0.046875
1 0.39296875 0.88828125 0.0390625 0.0453125
1 0.6140625 0.253125 0.0390625 0.0484375
1 0.93828125 0.8390625 0.04375 0.0453125
0 0.31796875 0.21875 0.0515625 0.084375
1 0.4796875 0.19296875 0.04375 0.053125
1 0.81875 0.80859375 0.0421875 0.046875
1 0.8640625 0.87890625 0.040625 0.05
1 0.7515625 0.96015625 0.040625 0.0484375
1 0.175 0.43984375 0.04375 0.04375
1 0.1140625 0.0921875 0.0390625 0.0421875
1 0.62578125 0.415625 0.0390625 0.0484375
0 0.53203125 0.58046875 0.059375 0.04375
1 0.378125 0.54296875 0.04375 0.0546875
1 0.27265625 0.6953125 0.0390625 0.0453125
1 0.66171875 0.33984375 0.034375 0.0484375
1 0.69140625 0.321875 0.0328125 0.040625
1 0.725 0.30078125 0.0359375 0.04375
1 0.75546875 0.29140625 0.0359375 0.0390625
1 0.0140625 0.0109375 0.028125 0.021875
1 0.98828125 0.87265625 0.0234375 0.0515625
1 0.98984375 0.73515625 0.0203125 0.0421875
1 0.8578125 0.98984375 0.0375 0.0203125
1 0.146875 0.98671875 0.040625 0.0265625
1 0.7484375 0.5 0.05 0.046875