1 0.5671875 0.890625 0.046875 0.0578125
1 0.49296875 0.7796875 0.040625 0.05
1 0.48125 0.68828125 0.0390625 0.046875
1 0.5046875 0.359375 0.0359375 0.046875
1 0.03125 0.30546875 0.040625 0.0515625
1 0.6265625 0.88984375 0.0390625 0.046875
1 0.83984375 0.48203125 0.0421875 0.046875
1 0.30390625 0.3421875 0.0390625 0.046875
1 0.35 0.36796875 0.0375 0.0453125
1 0.71015625 0.725 0.040625 0.0515625
1 0.4734375 0.2421875 0.0421875 0.0515625
1 0.6453125 0.46328125 0.0359375 0.046875
1 0.9859375 0.41640625 0.028125 0.0453125
1 0.3125 0.84609375 0.0359375 0.05
1 0.76875 0.0484375 0.0421875 0.053125
1 0.5828125 0.6703125 0.0359375 0.046875
1 0.44765625 0.6140625 0.0375 0.0484375
1 0.8390625 0.3375 0.0390625 0.04375
1 0.75078125 0.3265625 0.0390625 0.046875
1 0.54453125 0.28828125 0.0359375 0.04375
1 0.46484375 0.33671875 0.034375 0.0375
1 0.83515625 0.9515625 0.0453125 0.053125
1 0.96796875 0.7578125 0.0453125 0.0578125
1 0.95859375 0.35390625 0.040625 0.0453125
1 0.165625 0.67890625 0.0359375 0.046875
1 0.16484375 0.22421875 0.040625 0.046875
1 0.3515625 0.90859375 0.0375 0.0484375
1 0.21875 0.7859375 0.0390625 0.0484375
1 0.6859375 0.79375 0.0359375 0.046875
1 0.53125 0.5171875 0.0390625 0.0453125
1 0.41796875 0.23125 0.0359375 0.0453125
1 0.1140625 0.653125 0.0390625 0.046875
1 0.92734375 0.44140625 0.0453125 0.0484375
1 0.98359375 0.271875 0.0328125 0.0453125
1 0.59609375 0.1265625 0.0390625 0.046875
1 0.68046875 0.18515625 0.0359375 0.0453125
1 0.4171875 0.39765625 0.0375 0.0421875
1 0.746875 0.5734375 0.046875 0.0546875
1 0.84140625 0.61796875 0.040625 0.046875
1 0.69140625 0.3046875 0.0390625 0.0484375
1 0.5546875 0.58359375 0.0453125 0.0515625
1 0.6328125 0.57578125 0.0390625 0.04375
1 0.23359375 0.09453125 0.0375 0.04375
1 0.36015625 0.090625 0.0359375 0.0484375
1 0.8296875 0.1 0.0390625 0.0453125
1 0.3484375 0.8375 0.03125 0.0453125
1 0.43046875 0.30390625 0.0328125 0.0390625
1 0.4 0.7453125 0.034375 0.0421875
1 0.36796875 0.46328125 0.0375 0.046875
1 0.815625 0.40390625 0.0421875 0.04375
1 0.8734375 0.078125 0.0359375 0.040625
1 0.04453125 0.45390625 0.0390625 0.046875
1 0.1453125 0.80390625 0.0453125 0.0515625
1 0.2625 0.01953125 0.034375 0.0390625
1 0.25625 0.54609375 0.0359375 0.040625
1 0.30546875 0.734375 0.04375 0.0453125
1 0.9015625 0.971875 0.040625 0.046875
1 0.215625 0.56015625 0.0375 0.0421875
1 0.25 0.7390625 0.0375 0.0484375
1 0.5375 0.9671875 0.040625 0.053125
1 0.98359375 0.6109375 0.0328125 0.0578125
1 0.25234375 0.29921875 0.0421875 0.0609375
1 0.65625 0.0703125 0.034375 0.046875
1 0.6265625 0.5203125 0.0359375 0.040625
1 0.17890625 0.0328125 0.0375 0.046875
1 0.115625 0.57265625 0.0375 0.0421875
1 0.90234375 0.67421875 0.05 0.0578125
1 0.840625 0.79453125 0.0375 0.046875
1 0.9203125 0.246875 0.0390625 0.0453125
1 0.3140625 0.61171875 0.0328125 0.0453125
1 0.62734375 0.69765625 0.0359375 0.04375
1 0.11796875 0.96640625 0.0359375 0.0453125
1 0.265625 0.171875 0.0375 0.04375
1 0.27421875 0.6046875 0.0328125 0.0390625
1 0.01484375 0.725 0.0296875 0.046875
1 0.9296875 0.08515625 0.0375 0.0421875
1 0.15 0.078125 0.0390625 0.0453125
1 0.190625 0.15390625 0.0375 0.046875
1 0.221875 0.18515625 0.0390625 0.04375
1 0.39375 0.028125 0.0359375 0.0390625
1 0.4953125 0.03359375 0.0390625 0.04375
1 0.1203125 0.325 0.040625 0.046875
1 0.0875 0.515625 0.040625 0.0484375
1 0.10390625 0.4640625 0.0484375 0.0515625
1 0.06953125 0.753125 0.0453125 0.05
1 0.08515625 0.9296875 0.0359375 0.0453125
1 0.3125 0.6890625 0.0375 0.0484375
1 0.3515625 0.69453125 0.04375 0.0515625
1 0.3078125 0.55703125 0.0375 0.0484375
1 0.5203125 0.43359375 0.0359375 0.0515625
1 0.4921875 0.4734375 0.040625 0.05625
1 0.63203125 0.31640625 0.0359375 0.0484375
1 0.821875 0.02890625 0.046875 0.05
1 0.75390625 0.3765625 0.0375 0.0453125
1 0.815625 0.17734375 0.0390625 0.0421875
1 0.84609375 0.25703125 0.0359375 0.05
1 0.97734375 0.6890625 0.0453125 0.0515625
1 0.45703125 0.95234375 0.04375 0.05625
1 0.2375 0.6421875 0.034375 0.040625
1 0.2625 0.80234375 0.04375 0.0515625
1 0.865625 0.853125 0.053125 0.05
1 0.1 0.02265625 0.0421875 0.0375
1 0.30703125 0.01015625 0.03125 0.0203125
1 0.9453125 0.034375 0.0421875 0.040625
1 0.96015625 0.98359375 0.0359375 0.0328125
1 0.95234375 0.93203125 0.04375 0.040625
1 0.0125 0.6125 0.025 0.040625
1 0.98125 0.01953125 0.0375 0.0390625
1 0.320671875 0.079234375 0.03981250000000003 0.037671875
1 0.327828125 0.12342187499999999 0.043703125000000044 0.03785937499999999
1 0.39442187500000003 0.16218749999999998 0.03460937499999996 0.043906249999999994
1 0.42006249999999995 0.155671875 0.03404687499999994 0.048171874999999975
1 0.450671875 0.08887500000000001 0.04453125 0.04487500000000001
1 0.457421875 0.055171875 0.04346875000000008 0.04693749999999999
1 0.36506249999999996 0.250875 0.04204687500000004 0.04196875000000002
1 0.346234375 0.218984375 0.039156250000000004 0.04120312500000001
1 0.6061093750000001 0.236765625 0.04282812499999995 0.04256250000000002
1 0.6086875 0.20390625 0.03882812500000003 0.04289062499999998
1 0.733671875 0.160609375 0.042281249999999916 0.053765625
1 0.7571875 0.138921875 0.040281249999999956 0.043953124999999996
1 0.091453125 0.36515624999999996 0.048062499999999994 0.05024999999999995
1 0.051453125 0.373953125 0.042484375 0.04504687499999997
1 0.580875 0.761828125 0.03245312499999997 0.025437499999999957
1 0.571421875 0.7849062499999999 0.03395312500000003 0.024874999999999935
1 0.776046875 0.7523593749999999 0.047499999999999966 0.04221874999999997
1 0.7943906249999999 0.715609375 0.040921874999999996 0.04468750000000003
1 0.653765625 0.9830937499999999 0.040328124999999916 0.03379687500000017
1 0.6790468749999999 0.960984375 0.03757812499999993 0.03720312499999991
1 0.7288281249999999 0.491234375 0.04381249999999994 0.05337499999999995
1 0.768609375 0.48071875000000003 0.047859374999999996 0.04743750000000002
1 0.9162343749999999 0.58309375 0.04751562500000013 0.05224999999999991
1 0.9444687500000001 0.5585312499999999 0.044906250000000016 0.047937499999999925
1 0.116453125 0.88396875 0.03345312499999999 0.035812500000000115
1 0.08953124999999999 0.85859375 0.04317187499999999 0.036156250000000154