1 0.76015625 0.8796875 0.0328125 0.040625
1 0.30390625 0.12109375 0.0390625 0.0484375
1 0.0671875 0.7390625 0.0390625 0.046875
1 0.2265625 0.0515625 0.040625 0.046875
1 0.4296875 0.58515625 0.0421875 0.0546875
1 0.66875 0.6609375 0.0390625 0.046875
1 0.47265625 0.0734375 0.0390625 0.046875
1 0.0140625 0.58046875 0.028125 0.0515625
1 0.65 0.32734375 0.040625 0.046875
1 0.26953125 0.37578125 0.0390625 0.05
1 0.75390625 0.69375 0.040625 0.046875
1 0.8296875 0.43359375 0.0421875 0.05
1 0.60625 0.60625 0.0359375 0.0453125
1 0.75703125 0.44921875 0.0359375 0.0453125
1 0.015625 0.321875 0.03125 0.05
1 0.49296875 0.3890625 0.0390625 0.053125
1 0.4375 0.79375 0.0375 0.046875
1 0.64296875 0.51953125 0.0359375 0.05
1 0.8328125 0.51640625 0.040625 0.0578125
0 0.6765625 0.40546875 0.0484375 0.0859375
1 0.50546875 0.61328125 0.0390625 0.053125
1 0.2109375 0.33671875 0.0421875 0.0546875
1 0.0828125 0.09375 0.0375 0.0453125
1 0.49765625 0.82421875 0.040625 0.0515625
1 0.1234375 0.39296875 0.0375 0.0484375
1 0.7546875 0.30234375 0.0375 0.046875
1 0.6171875 0.36640625 0.0421875 0.04375
1 0.709375 0.52265625 0.0375 0.05
1 0.43828125 0.37890625 0.0390625 0.05
1 0.571875 0.85234375 0.0359375 0.0484375
1 0.459375 0.97890625 0.0375 0.0421875
1 0.66953125 0.96953125 0.0390625 0.046875
1 0.134375 0.8 0.0375 0.046875
1 0.75234375 0.54453125 0.040625 0.05
1 0.7046875 0.90546875 0.040625 0.04375
1 0.9734375 0.7796875 0.0359375 0.0484375
1 0.9078125 0.46015625 0.0359375 0.0453125
1 0.24609375 0.88515625 0.0390625 0.046875
1 0.2953125 0.24453125 0.0375 0.0515625
1 0.64921875 0.19375 0.0390625 0.0484375
1 0.26875 0.47734375 0.0359375 0.046875
0 0.78671875 0.2296875 0.0484375 0.0859375
1 0.796875 0.70625 0.0375 0.046875
1 0.1796875 0.575 0.034375 0.0421875
1 0.27890625 0.82578125 0.0375 0.046875
1 0.55703125 0.19375 0.0359375 0.046875
1 0.87578125 0.925 0.0375 0.05
1 0.82109375 0.1328125 0.0421875 0.0515625
1 0.3609375 0.9765625 0.04375 0.046875
1 0.40859375 0.45078125 0.0390625 0.0515625
1 0.95234375 0.0578125 0.0375 0.04375
1 0.1375 0.72421875 0.0375 0.0484375
1 0.52578125 0.25078125 0.040625 0.0515625
1 0.03828125 0.153125 0.0421875 0.0453125
1 0.04296875 0.478125 0.0359375 0.04375
1 0.803125 0.85546875 0.0328125 0.0390625
1 0.87421875 0.13125 0.03125 0.0375
1 0.88984375 0.36953125 0.0328125 0.040625
1 0.2078125 0.69296875 0.0328125 0.04375
1 0.13671875 0.6625 0.0390625 0.0484375
1 0.34375 0.2953125 0.0359375 0.0421875
1 0.9765625 0.1203125 0.0359375 0.040625
1 0.209375 0.17890625 0.046875 0.0609375
1 0.68515625 0.71875 0.0390625 0.0453125
1 0.03515625 0.0984375 0.0390625 0.04375
1 0.55859375 0.059375 0.0390625 0.05
1 0.946875 0.21328125 0.040625 0.05
1 0.42890625 0.2296875 0.0375 0.05
1 0.7296875 0.04140625 0.0328125 0.0421875
1 0.63359375 0.75390625 0.046875 0.090625
1 0.64375 0.08203125 0.0296875 0.0375
1 0.67734375 0.27734375 0.0390625 0.0421875
1 0.90625 0.88046875 0.0390625 0.04375
1 0.84453125 0.61796875 0.0390625 0.0515625
1 0.06328125 0.26484375 0.034375 0.0390625
1 0.1640625 0.62421875 0.0390625 0.046875
1 0.40859375 0.08359375 0.0375 0.0421875
1 0.1546875 0.01953125 0.040625 0.0390625
1 0.80859375 0.57578125 0.0375 0.05
1 0.76796875 0.15703125 0.0359375 0.0421875
1 0.34609375 0.87890625 0.0359375 0.0484375
1 0.809375 0.96953125 0.034375 0.040625
1 0.015625 0.428125 0.03125 0.040625
1 0.146875 0.12421875 0.0359375 0.040625
1 0.76484375 0.35703125 0.040625 0.046875
1 0.38203125 0.72265625 0.0421875 0.0484375
1 0.6234375 0.98359375 0.0390625 0.0328125
1 0.72265625 0.25 0.0390625 0.0515625
1 0.87421875 0.07265625 0.034375 0.040625
1 0.95859375 0.48515625 0.0359375 0.0453125
1 0.4578125 0.15234375 0.04375 0.053125
1 0.49375 0.17421875 0.0421875 0.046875
1 0.5890625 0.11953125 0.0390625 0.0484375
1 0.815625 0.04921875 0.034375 0.0484375
0 0.9546875 0.3109375 0.0578125 0.0671875
1 0.675 0.13359375 0.034375 0.0421875
1 0.83671875 0.35859375 0.0359375 0.04375
1 0.90703125 0.53515625 0.0375 0.0453125
1 0.9234375 0.66953125 0.03125 0.046875
1 0.8234375 0.77890625 0.0375 0.0421875
1 0.3234375 0.77421875 0.0390625 0.0515625
1 0.35703125 0.753125 0.04375 0.046875
1 0.1015625 0.95546875 0.04375 0.05
1 0.07734375 0.91171875 0.0421875 0.0453125
1 0.0703125 0.828125 0.053125 0.0625
1 0.246875 0.59375 0.0421875 0.046875
1 0.37421875 0.46875 0.0390625 0.0453125
1 0.5546875 0.51796875 0.0390625 0.0421875
1 0.5375 0.35546875 0.040625 0.046875
1 0.53203125 0.57109375 0.0359375 0.04375
1 0.36484375 0.25234375 0.040625 0.04375
1 0.9703125 0.2703125 0.0359375 0.0484375
1 0.58203125 0.903125 0.0421875 0.053125
1 0.4828125 0.68671875 0.04375 0.05
1 0.32578125 0.646875 0.0421875 0.046875
1 0.203125 0.50546875 0.040625 0.040625
1 0.1234375 0.2390625 0.0453125 0.046875
1 0.02734375 0.0171875 0.03125 0.034375
1 0.0109375 0.059375 0.021875 0.0296875
1 0.58828125 0.01328125 0.0328125 0.0265625
1 0.6625 0.01015625 0.034375 0.0203125
1 0.9828125 0.42578125 0.034375 0.05
1 0.58359375 0.98515625 0.03125 0.0296875
1 0.98828125 0.98984375 0.0234375 0.0203125
1 0.7875 0.990625 0.028125 0.01875
1 0.0109375 0.925 0.021875 0.046875