0 0.25546875 0.59609375 0.065625 0.059375
1 0.090625 0.60234375 0.0359375 0.046875
1 0.06640625 0.8140625 0.0390625 0.046875
1 0.06875 0.934375 0.0421875 0.0484375
1 0.14453125 0.27265625 0.040625 0.0484375
1 0.2984375 0.1109375 0.0375 0.0453125
1 0.14453125 0.875 0.04375 0.0515625
1 0.5546875 0.93671875 0.0390625 0.046875
1 0.30625 0.43046875 0.0390625 0.046875
1 0.3734375 0.8609375 0.0359375 0.0421875
1 0.91875 0.109375 0.0390625 0.0484375
1 0.196875 0.553125 0.0421875 0.05
1 0.61640625 0.8375 0.0390625 0.0484375
1 0.77578125 0.23984375 0.04375 0.0515625
1 0.18203125 0.22890625 0.040625 0.0484375
1 0.07578125 0.01875 0.0375 0.0375
1 0.5078125 0.74453125 0.0453125 0.0578125
1 0.2328125 0.41640625 0.0375 0.0421875
1 0.13125 0.43515625 0.040625 0.046875
1 0.96484375 0.4109375 0.04375 0.0515625
1 0.5359375 0.190625 0.040625 0.046875
1 0.1078125 0.503125 0.040625 0.046875
1 0.65546875 0.875 0.0359375 0.0390625
1 0.3375 0.046875 0.0390625 0.046875
1 0.45234375 0.734375 0.0359375 0.0421875
1 0.2 0.0265625 0.053125 0.053125
1 0.6515625 0.6046875 0.0390625 0.046875
1 0.7328125 0.32265625 0.04375 0.0484375
1 0.02890625 0.68046875 0.040625 0.04375
1 0.1875 0.76640625 0.040625 0.04375
1 0.490625 0.8546875 0.0328125 0.0375
1 0.6421875 0.06171875 0.0390625 0.046875
1 0.71328125 0.14296875 0.0390625 0.05
1 0.88203125 0.61875 0.0421875 0.0484375
1 0.01796875 0.428125 0.0359375 0.046875
1 0.19765625 0.95625 0.04375 0.046875
1 0.71953125 0.234375 0.0421875 0.05
1 0.07578125 0.42734375 0.0359375 0.0421875
1 0.58125 0.57578125 0.040625 0.0453125
1 0.61875 0.728125 0.040625 0.046875
1 0.87421875 0.83671875 0.03125 0.0375
1 0.95 0.515625 0.046875 0.0515625
1 0.4296875 0.25390625 0.0375 0.05
1 0.3734375 0.49921875 0.0375 0.04375
1 0.26484375 0.25546875 0.04375 0.0484375
1 0.128125 0.3296875 0.0390625 0.0484375
1 0.31484375 0.2125 0.0375 0.0453125
1 0.796875 0.928125 0.040625 0.040625
0 0.0546875 0.3265625 0.0640625 0.0578125
1 0.86953125 0.4359375 0.0375 0.0484375
1 0.30390625 0.8203125 0.040625 0.0453125
1 0.7859375 0.875 0.040625 0.040625
1 0.7265625 0.94375 0.040625 0.046875
1 0.33046875 0.9171875 0.0359375 0.040625
1 0.025 0.17109375 0.040625 0.053125
1 0.46875 0.57265625 0.0375 0.046875
1 0.81640625 0.81875 0.0328125 0.0375
1 0.24375 0.1640625 0.0390625 0.040625
1 0.44296875 0.48828125 0.040625 0.04375
1 0.765625 0.56875 0.04375 0.04375
1 0.8625 0.78203125 0.0328125 0.0375
1 0.696875 0.71875 0.04375 0.0484375
1 0.6484375 0.39296875 0.04375 0.053125
1 0.2484375 0.33671875 0.040625 0.046875
1 0.45234375 0.79921875 0.040625 0.0421875
1 0.0203125 0.0515625 0.040625 0.046875
1 0.571875 0.3703125 0.0421875 0.046875
1 0.853125 0.246875 0.046875 0.053125
1 0.65234375 0.13671875 0.034375 0.04375
0 0.48671875 0.21640625 0.0484375 0.065625
1 0.95 0.8734375 0.0296875 0.0359375
1 0.05078125 0.37421875 0.0390625 0.0390625
1 0.415625 0.88671875 0.034375 0.0359375
1 0.159375 0.7046875 0.040625 0.046875
1 0.28203125 0.740625 0.0390625 0.046875
1 0.2453125 0.80703125 0.0421875 0.0421875
0 0.5859375 0.028125 0.078125 0.05
1 0.5484375 0.6390625 0.034375 0.040625
1 0.0734375 0.5390625 0.034375 0.0375
1 0.5609375 0.13125 0.0421875 0.0484375
1 0.73359375 0.42578125 0.0375 0.0484375
1 0.634375 0.50859375 0.040625 0.0421875
1 0.70625 0.59609375 0.0375 0.0421875
1 0.7359375 0.65859375 0.0390625 0.0421875
1 0.10234375 0.68984375 0.040625 0.0453125
1 0.2828125 0.9171875 0.0375 0.0484375
0 0.85078125 0.171875 0.08125 0.05
0 0.0328125 0.6125 0.04375 0.059375
1 0.821875 0.65 0.05 0.0515625
1 0.7734375 0.70390625 0.0421875 0.0515625
1 0.82734375 0.69765625 0.0390625 0.04375
1 0.1203125 0.059375 0.04375 0.046875
0 0.3828125 0.421875 0.06875 0.0625
0 0.15234375 0.10703125 0.0515625 0.0625
1 0.4640625 0.8984375 0.040625 0.0484375
1 0.3703125 0.65546875 0.0390625 0.046875
1 0.396875 0.68984375 0.0390625 0.0515625
1 0.21328125 0.4875 0.0328125 0.04375
1 0.27734375 0.4828125 0.0359375 0.0375
1 0.353125 0.98125 0.04375 0.0375
1 0.953125 0.24453125 0.0421875 0.040625
1 0.82265625 0.30546875 0.0390625 0.04375
0 0.51328125 0.9671875 0.0609375 0.0421875
1 0.6640625 0.6546875 0.0390625 0.04375
1 0.703125 0.37578125 0.0421875 0.0421875
1 0.58125 0.4703125 0.04375 0.046875
1 0.5890625 0.30390625 0.046875 0.0515625
1 0.7078125 0.01953125 0.0375 0.0390625
1 0.9875 0.18203125 0.025 0.0515625
1 0.0078125 0.92421875 0.015625 0.0421875