1 0.21953125 0.61328125 0.040625 0.0515625
1 0.18828125 0.74296875 0.040625 0.0515625
1 0.38984375 0.6421875 0.040625 0.0515625
1 0.1578125 0.49140625 0.040625 0.046875
0 0.86328125 0.409375 0.0796875 0.06875
1 0.0328125 0.02890625 0.040625 0.0515625
0 0.45234375 0.28515625 0.071875 0.059375
1 0.93046875 0.68125 0.0390625 0.05
1 0.3765625 0.2921875 0.0375 0.0453125
1 0.5796875 0.90234375 0.04375 0.05
1 0.5546875 0.7 0.0453125 0.05
1 0.065625 0.8265625 0.03125 0.040625
1 0.703125 0.071875 0.034375 0.0421875
1 0.296875 0.21171875 0.040625 0.0484375
1 0.6609375 0.8390625 0.0359375 0.046875
1 0.675 0.1984375 0.0390625 0.0515625
1 0.8625 0.7890625 0.046875 0.0640625
1 0.84765625 0.109375 0.046875 0.0625
1 0.43046875 0.13203125 0.0421875 0.053125
1 0.0375 0.21796875 0.0390625 0.0484375
0 0.7109375 0.56171875 0.0734375 0.0546875
1 0.0546875 0.5875 0.0421875 0.0546875
1 0.428125 0.4546875 0.0390625 0.0453125
1 0.13828125 0.60546875 0.0390625 0.05
1 0.77109375 0.5921875 0.0390625 0.05
1 0.475 0.96875 0.0375 0.05
1 0.6953125 0.75546875 0.040625 0.046875
1 0.921875 0.021875 0.040625 0.04375
1 0.0640625 0.4921875 0.034375 0.040625
1 0.1125 0.39765625 0.0390625 0.04375
1 0.4390625 0.81953125 0.0390625 0.0546875
1 0.68046875 0.6328125 0.0390625 0.0453125
1 0.1234375 0.94921875 0.0359375 0.04375
1 0.3796875 0.8703125 0.0421875 0.053125
1 0.44296875 0.52109375 0.0390625 0.0484375
1 0.10703125 0.75078125 0.04375 0.05625
1 0.81328125 0.7109375 0.040625 0.05
1 0.325 0.43046875 0.0390625 0.0453125
1 0.078125 0.92109375 0.0453125 0.05625
1 0.43046875 0.6875 0.0421875 0.0546875
1 0.93984375 0.940625 0.0390625 0.0484375
1 0.8890625 0.63046875 0.0375 0.05
1 0.8140625 0.8125 0.0390625 0.0515625
1 0.59921875 0.82890625 0.0390625 0.05
1 0.6265625 0.128125 0.04375 0.05
1 0.36015625 0.559375 0.040625 0.05
1 0.3078125 0.515625 0.0375 0.04375
1 0.2609375 0.32734375 0.0375 0.040625
1 0.17421875 0.94609375 0.0359375 0.04375
1 0.9828125 0.56796875 0.034375 0.0546875
1 0.32578125 0.85703125 0.04375 0.0546875
1 0.1171875 0.82421875 0.0390625 0.05
1 0.77421875 0.03515625 0.0421875 0.0546875
1 0.3015625 0.56484375 0.0375 0.046875
1 0.3703125 0.49140625 0.034375 0.0390625
1 0.8921875 0.865625 0.046875 0.0609375
1 0.01484375 0.515625 0.0296875 0.04375
1 0.0796875 0.6765625 0.0359375 0.046875
1 0.23671875 0.70703125 0.0375 0.04375
1 0.66796875 0.015625 0.0328125 0.03125
1 0.09453125 0.61953125 0.0421875 0.05
1 0.74296875 0.88125 0.0390625 0.053125
1 0.66171875 0.4109375 0.040625 0.05
0 0.23359375 0.1546875 0.0578125 0.0578125
1 0.42890625 0.9734375 0.0375 0.05
1 0.971875 0.8859375 0.040625 0.046875
1 0.271875 0.859375 0.0375 0.046875
1 0.984375 0.8265625 0.03125 0.0453125
1 0.7453125 0.478125 0.0515625 0.0640625
0 0.9609375 0.76875 0.04375 0.06875
1 0.2625 0.3875 0.0375 0.04375
1 0.696875 0.3171875 0.0375 0.046875
1 0.28125 0.04921875 0.0390625 0.046875
1 0.328125 0.040625 0.0421875 0.05
1 0.21796875 0.44609375 0.0390625 0.0453125
1 0.13671875 0.68125 0.0421875 0.0484375
1 0.59453125 0.4125 0.0375 0.0484375
1 0.6875 0.49453125 0.04375 0.0515625
1 0.03046875 0.6625 0.0390625 0.05
1 0.7140625 0.7 0.034375 0.0421875
1 0.428125 0.03046875 0.04375 0.046875
1 0.6140625 0.065625 0.0390625 0.046875
1 0.75859375 0.34140625 0.040625 0.05
1 0.3484375 0.77578125 0.03125 0.0359375
1 0.14921875 0.1328125 0.034375 0.0421875
1 0.01328125 0.1125 0.0265625 0.0375
1 0.50859375 0.14140625 0.0359375 0.0421875
1 0.52265625 0.546875 0.0390625 0.0484375
1 0.18359375 0.0375 0.040625 0.046875
1 0.94609375 0.4453125 0.0421875 0.046875
1 0.9828125 0.1609375 0.034375 0.059375
1 0.371875 0.0453125 0.03125 0.040625
1 0.76484375 0.27890625 0.03125 0.0359375
1 0.97265625 0.4921875 0.04375 0.053125
1 0.821875 0.2125 0.0390625 0.0484375
1 0.0828125 0.27890625 0.0421875 0.0453125
1 0.40859375 0.56484375 0.0421875 0.0515625
1 0.34453125 0.6703125 0.034375 0.040625
1 0.3828125 0.7125 0.040625 0.04375
1 0.8328125 0.60625 0.05 0.0609375
0 0.9328125 0.3140625 0.078125 0.0625
1 0.58671875 0.01171875 0.040625 0.0234375
1 0.99140625 0.98828125 0.0171875 0.0234375
1 0.203125 0.98984375 0.0296875 0.0203125