1 0.83984375 0.61171875 0.0390625 0.0515625
1 0.6390625 0.90078125 0.0421875 0.05625
1 0.97734375 0.6984375 0.0421875 0.0515625
1 0.215625 0.37265625 0.040625 0.0515625
1 0.07734375 0.17421875 0.040625 0.0515625
1 0.32578125 0.66015625 0.0390625 0.05
1 0.3890625 0.7546875 0.04375 0.053125
1 0.43203125 0.31015625 0.0375 0.046875
1 0.540625 0.72109375 0.05 0.0671875
1 0.55390625 0.4171875 0.04375 0.053125
1 0.40078125 0.6953125 0.040625 0.0484375
1 0.31484375 0.803125 0.040625 0.053125
0 0.38046875 0.9328125 0.0546875 0.08125
1 0.07109375 0.7921875 0.0390625 0.05
1 0.50703125 0.13046875 0.04375 0.053125
1 0.19765625 0.659375 0.040625 0.0515625
1 0.79296875 0.06484375 0.0390625 0.05
1 0.171875 0.60234375 0.0390625 0.0484375
1 0.91484375 0.97421875 0.040625 0.0484375
1 0.42421875 0.5625 0.034375 0.0421875
1 0.4390625 0.6515625 0.040625 0.05
1 0.7359375 0.49375 0.040625 0.0484375
1 0.06171875 0.5203125 0.040625 0.053125
1 0.2734375 0.06796875 0.0421875 0.053125
1 0.453125 0.49609375 0.0421875 0.0515625
1 0.1234375 0.31484375 0.040625 0.05
1 0.875 0.40703125 0.040625 0.053125
1 0.48984375 0.38203125 0.0375 0.046875
1 0.55 0.9265625 0.040625 0.0515625
1 0.121875 0.1140625 0.0375 0.046875
1 0.8515625 0.88125 0.046875 0.059375
1 0.10703125 0.89140625 0.040625 0.0484375
1 0.21640625 0.11640625 0.040625 0.0515625
0 0.1 0.71875 0.0609375 0.06875
1 0.82421875 0.2 0.0375 0.0484375
1 0.76875 0.9765625 0.046875 0.046875
1 0.271875 0.409375 0.04375 0.0546875
1 0.671875 0.1765625 0.040625 0.0515625
0 0.3421875 0.8625 0.053125 0.0765625
1 0.92890625 0.859375 0.040625 0.0515625
1 0.34921875 0.58125 0.04375 0.05
1 0.740625 0.3734375 0.0375 0.0484375
1 0.1109375 0.39140625 0.0390625 0.05
1 0.63515625 0.10625 0.040625 0.053125
1 0.26328125 0.4734375 0.040625 0.0515625
1 0.0203125 0.69375 0.0390625 0.0515625
1 0.13515625 0.5109375 0.0421875 0.0515625
1 0.6796875 0.453125 0.0390625 0.05
1 0.90390625 0.3609375 0.0421875 0.0515625
1 0.32890625 0.93984375 0.0421875 0.05
1 0.61328125 0.1796875 0.0390625 0.0515625
1 0.4671875 0.03515625 0.0453125 0.059375
1 0.34765625 0.42421875 0.0390625 0.0484375
0 0.625 0.48515625 0.0484375 0.0875
1 0.8796875 0.17265625 0.0421875 0.053125
1 0.77421875 0.1984375 0.040625 0.053125
1 0.24609375 0.2671875 0.05 0.0671875
1 0.56328125 0.09140625 0.0390625 0.0484375
1 0.12421875 0.05 0.040625 0.046875
1 0.86328125 0.79765625 0.0453125 0.0515625
1 0.90859375 0.49453125 0.040625 0.0515625
1 0.58671875 0.6296875 0.04375 0.0546875
0 0.903125 0.6359375 0.0546875 0.10625
1 0.25625 0.7984375 0.040625 0.05625
1 0.6234375 0.30390625 0.040625 0.046875
1 0.4625 0.84296875 0.04375 0.0546875
1 0.43671875 0.79765625 0.040625 0.05
1 0.221875 0.93125 0.0390625 0.0453125
1 0.903125 0.7296875 0.0453125 0.05625
1 0.70859375 0.92265625 0.0453125 0.053125
1 0.07890625 0.44609375 0.0390625 0.05
1 0.04609375 0.5921875 0.0390625 0.05
1 0.6578125 0.37578125 0.0390625 0.0453125
1 0.26640625 0.6296875 0.0375 0.046875
1 0.7703125 0.82421875 0.04375 0.05
1 0.96328125 0.0953125 0.0421875 0.0546875
0 0.7453125 0.56015625 0.0546875 0.0734375
0 0.04453125 0.0328125 0.075 0.065625
1 0.59921875 0.690625 0.040625 0.0515625
1 0.715625 0.6515625 0.0375 0.05
1 0.509375 0.78203125 0.0390625 0.046875
1 0.965625 0.31015625 0.0375 0.046875
0 0.12578125 0.2375 0.0609375 0.08125
1 0.60234375 0.78984375 0.040625 0.05
1 0.43359375 0.45078125 0.0328125 0.0390625
1 0.2484375 0.53984375 0.0390625 0.04375
1 0.9546875 0.1546875 0.0421875 0.05625
1 0.409375 0.35546875 0.0359375 0.0515625
1 0.4 0.403125 0.0375 0.0515625
1 0.5828125 0.340625 0.046875 0.0609375
1 0.3140625 0.11953125 0.0484375 0.053125
1 0.37109375 0.1359375 0.05 0.0515625
1 0.2859375 0.96953125 0.0390625 0.05
1 0.3453125 0.509375 0.0453125 0.053125
1 0.4609375 0.69921875 0.0484375 0.053125
1 0.3578125 0.01171875 0.040625 0.0234375
1 0.66796875 0.01484375 0.0515625 0.0296875
1 0.75 0.015625 0.046875 0.03125
1 0.86875 0.01328125 0.0421875 0.0265625
1 0.98828125 0.51875 0.0234375 0.05625
0 0.015625 0.35703125 0.03125 0.0859375
1 0.0078125 0.06171875 0.015625 0.0484375