0 0.584375 0.02265625 0.0984375 0.0453125
0 0.79921875 0.66015625 0.0625 0.0984375
0 0.8390625 0.78984375 0.075 0.078125
0 0.75234375 0.903125 0.05625 0.0703125
0 0.0953125 0.7640625 0.04375 0.065625
1 0.0796875 0.16484375 0.0453125 0.053125
1 0.1625 0.146875 0.0453125 0.05
1 0.1359375 0.07109375 0.040625 0.046875
1 0.19140625 0.06171875 0.034375 0.04375
1 0.184375 0.25703125 0.0375 0.04375
1 0.253125 0.271875 0.0421875 0.0453125
1 0.28828125 0.228125 0.034375 0.05
1 0.25390625 0.17109375 0.0390625 0.053125
1 0.271875 0.10859375 0.0390625 0.0515625
1 0.315625 0.10078125 0.0390625 0.04375
1 0.40703125 0.021875 0.046875 0.04375
1 0.37421875 0.23984375 0.034375 0.053125
1 0.43984375 0.11640625 0.040625 0.0578125
1 0.5421875 0.10546875 0.04375 0.05
1 0.39765625 0.3 0.0375 0.059375
1 0.634375 0.359375 0.04375 0.053125
1 0.69375 0.3421875 0.040625 0.053125
1 0.74140625 0.34609375 0.0375 0.046875
1 0.7109375 0.23984375 0.0421875 0.05625
1 0.725 0.18203125 0.04375 0.053125
1 0.746875 0.0765625 0.0421875 0.0484375
1 0.846875 0.021875 0.0390625 0.04375
1 0.91171875 0.08984375 0.040625 0.05
1 0.97734375 0.121875 0.040625 0.046875
1 0.8484375 0.196875 0.0453125 0.05
1 0.83046875 0.24375 0.0375 0.04375
1 0.840625 0.31171875 0.04375 0.05
1 0.90859375 0.2984375 0.0453125 0.053125
1 0.95390625 0.359375 0.0421875 0.0515625
1 0.89609375 0.4109375 0.034375 0.0578125
1 0.86015625 0.42109375 0.0359375 0.0546875
1 0.96484375 0.425 0.0359375 0.0453125
1 0.94375 0.5390625 0.0421875 0.053125
1 0.91328125 0.62265625 0.0421875 0.0515625
1 0.946875 0.74765625 0.034375 0.046875
1 0.928125 0.83046875 0.0484375 0.0625
1 0.9609375 0.959375 0.046875 0.05625
1 0.89765625 0.95390625 0.040625 0.04375
1 0.740625 0.7703125 0.040625 0.0484375
1 0.66875 0.72265625 0.046875 0.0484375
1 0.63984375 0.67734375 0.0421875 0.04375
1 0.62734375 0.803125 0.04375 0.0515625
1 0.58046875 0.92578125 0.040625 0.0515625
1 0.53515625 0.8578125 0.0390625 0.0421875
1 0.48125 0.96640625 0.040625 0.0515625
1 0.44375 0.896875 0.0375 0.0484375
1 0.421875 0.78359375 0.0390625 0.0515625
1 0.31796875 0.8734375 0.0359375 0.0515625
1 0.3 0.70234375 0.0421875 0.0515625
1 0.36875 0.6796875 0.0390625 0.0484375
1 0.41796875 0.6609375 0.0421875 0.046875
1 0.23828125 0.671875 0.0375 0.0484375
1 0.2921875 0.64453125 0.0375 0.04375
1 0.1515625 0.8265625 0.040625 0.053125
1 0.1546875 0.74296875 0.0453125 0.0515625
1 0.046875 0.9515625 0.0484375 0.0484375
1 0.07578125 0.89453125 0.0375 0.0515625
1 0.1109375 0.8703125 0.0421875 0.0578125
1 0.18671875 0.95078125 0.04375 0.0484375
1 0.0953125 0.625 0.0390625 0.0421875
1 0.140625 0.61484375 0.040625 0.046875
1 0.20390625 0.4296875 0.0421875 0.05
1 0.25234375 0.37421875 0.040625 0.0515625
1 0.26875 0.49296875 0.040625 0.05