1 0.16328125 0.4671875 0.0484375 0.0578125
1 0.753125 0.4515625 0.0390625 0.0453125
1 0.59765625 0.28515625 0.040625 0.05
1 0.93046875 0.021875 0.040625 0.04375
1 0.43203125 0.03359375 0.0390625 0.0453125
1 0.83203125 0.30546875 0.04375 0.05
1 0.4421875 0.78671875 0.0375 0.0453125
1 0.32421875 0.465625 0.0390625 0.0453125
1 0.4328125 0.715625 0.0390625 0.0484375
1 0.71796875 0.971875 0.046875 0.0546875
1 0.5203125 0.22734375 0.0359375 0.04375
1 0.340625 0.265625 0.0390625 0.0453125
1 0.7796875 0.90703125 0.0421875 0.0453125
1 0.08359375 0.640625 0.0375 0.04375
1 0.346875 0.978125 0.040625 0.04375
1 0.23125 0.7890625 0.0390625 0.0484375
1 0.64296875 0.1265625 0.0359375 0.0453125
1 0.86796875 0.2453125 0.0390625 0.046875
1 0.3109375 0.73515625 0.0390625 0.046875
1 0.6953125 0.64375 0.046875 0.05625
1 0.6578125 0.71171875 0.04375 0.0546875
1 0.15859375 0.34765625 0.0390625 0.046875
1 0.97890625 0.3765625 0.0421875 0.0484375
1 0.36015625 0.63203125 0.0390625 0.05
1 0.4484375 0.921875 0.0390625 0.0453125
1 0.11640625 0.571875 0.0390625 0.0453125
1 0.5953125 0.784375 0.046875 0.059375
1 0.71640625 0.79921875 0.046875 0.0609375
1 0.8390625 0.0734375 0.040625 0.046875
1 0.84453125 0.49609375 0.040625 0.0515625
1 0.828125 0.4125 0.04375 0.0484375
1 0.69375 0.47890625 0.0375 0.046875
1 0.6515625 0.03125 0.0390625 0.040625
1 0.7734375 0.36875 0.0390625 0.0484375
1 0.2671875 0.5140625 0.040625 0.05
1 0.05703125 0.5828125 0.0359375 0.0390625
1 0.3671875 0.5 0.0390625 0.0421875
1 0.1234375 0.88046875 0.0390625 0.0484375
1 0.4015625 0.43125 0.0390625 0.046875
1 0.23203125 0.43046875 0.040625 0.046875
1 0.65390625 0.3609375 0.040625 0.046875
1 0.52109375 0.053125 0.0359375 0.0375
1 0.7953125 0.58125 0.046875 0.059375
1 0.96171875 0.75859375 0.0453125 0.0515625
1 0.1484375 0.61953125 0.040625 0.046875
1 0.30078125 0.38515625 0.0390625 0.0453125
1 0.25703125 0.64453125 0.0390625 0.0484375
1 0.05625 0.02578125 0.040625 0.05
1 0.80078125 0.71015625 0.0390625 0.046875
1 0.934375 0.30859375 0.0421875 0.0515625
1 0.30078125 0.01875 0.0375 0.0375
1 0.09140625 0.08671875 0.0390625 0.0421875
1 0.18515625 0.6640625 0.0375 0.0390625
1 0.6953125 0.08359375 0.04375 0.05
1 0.2171875 0.1734375 0.0375 0.04375
1 0.05703125 0.71953125 0.0390625 0.04375
1 0.125 0.03984375 0.0421875 0.0453125
1 0.95234375 0.48359375 0.0390625 0.0453125
1 0.43515625 0.97578125 0.0328125 0.0328125
1 0.21796875 0.903125 0.0359375 0.05
1 0.959375 0.5859375 0.040625 0.0515625
1 0.5625 0.88046875 0.0421875 0.0515625
1 0.31796875 0.146875 0.0375 0.0390625
1 0.96171875 0.26875 0.0421875 0.0453125
1 0.68984375 0.5421875 0.04375 0.046875
1 0.9859375 0.63125 0.028125 0.0578125
1 0.11875 0.72421875 0.0359375 0.040625
1 0.165625 0.06953125 0.0375 0.0390625
1 0.078125 0.5296875 0.034375 0.0375
1 0.75390625 0.03359375 0.0375 0.0421875
1 0.965625 0.19375 0.0453125 0.053125
1 0.5328125 0.759375 0.04375 0.0546875
1 0.13203125 0.14609375 0.040625 0.040625
1 0.74921875 0.2390625 0.0359375 0.0515625
1 0.39453125 0.22578125 0.0390625 0.04375
1 0.55625 0.540625 0.0359375 0.040625
1 0.39296875 0.30703125 0.040625 0.0453125
1 0.528125 0.37890625 0.0359375 0.0453125
1 0.04453125 0.38046875 0.0390625 0.04375
1 0.2671875 0.19140625 0.0328125 0.040625
1 0.89921875 0.0921875 0.0390625 0.0453125
1 0.8546875 0.190625 0.0421875 0.0453125
1 0.78828125 0.16875 0.0328125 0.0453125
1 0.734375 0.16875 0.0390625 0.040625
1 0.65859375 0.2203125 0.0375 0.0484375
1 0.63671875 0.31171875 0.04375 0.05
1 0.86875 0.79921875 0.0359375 0.053125
1 0.4765625 0.56953125 0.0359375 0.04375
1 0.57734375 0.6921875 0.0390625 0.0515625
1 0.53515625 0.61875 0.0328125 0.0421875
1 0.61875 0.4765625 0.040625 0.05
1 0.3375 0.065625 0.0328125 0.0421875
1 0.59765625 0.928125 0.04375 0.05
1 0.053125 0.903125 0.0328125 0.0375
1 0.04609375 0.8546875 0.040625 0.0484375
1 0.2125 0.25546875 0.034375 0.040625
1 0.47265625 0.1046875 0.0375 0.040625
1 0.4953125 0.1484375 0.0328125 0.040625
1 0.4703125 0.0109375 0.0375 0.021875
1 0.934375 0.9859375 0.034375 0.028125
1 0.803125 0.98828125 0.0421875 0.0234375
1 0.00859375 0.2140625 0.0171875 0.0484375
1 0.27353125 0.299671875 0.03751562499999998 0.04284375000000003
1 0.299765625 0.323171875 0.03787500000000001 0.039359374999999995
1 0.010296875 0.068015625 0.020578125000000003 0.038390625
1 0.0072343749999999995 0.10321875 0.014468749999999999 0.036703125
1 0.09909375000000001 0.796296875 0.04039062499999999 0.042312499999999975
1 0.08539062499999998 0.75859375 0.04159375 0.03718749999999993
1 0.537375 0.93075 0.04209375000000008 0.038687499999999986
1 0.52990625 0.9691562499999999 0.044031249999999925 0.037359375000000125
1 0.8295468749999999 0.9465937500000001 0.04429687499999986 0.04507812499999986
1 0.8754843749999999 0.93459375 0.04085937500000014 0.04757812500000007